4.418252E+3	2.131000E+3	0.000000E+0	-2.852755E-3	-4.904531E-3	1.815327E-1	2.906421E+2	5.048828E+1	5.970000E+2
4.419355E+3	8.500000E+2	0.000000E+0	-6.718947E-4	-8.179591E-4	1.049985E-1	2.906262E+2	5.048828E+1	5.970000E+2
4.420459E+3	8.570000E+2	0.000000E+0	-7.108823E-4	-1.615975E-3	2.666518E-2	2.906160E+2	5.048828E+1	5.970000E+2
4.421561E+3	8.640000E+2	0.000000E+0	-6.030717E-4	-1.965381E-3	2.736400E-2	2.906175E+2	5.048828E+1	5.970000E+2
4.436709E+3	8.710000E+2	0.000000E+0	-8.553524E-4	-1.566508E-3	2.854155E-2	2.906406E+2	5.048828E+1	5.990000E+2
4.437812E+3	8.780000E+2	0.000000E+0	-7.192882E-4	-1.110379E-3	2.953306E-2	2.906334E+2	5.048828E+1	5.990000E+2
4.438916E+3	8.850000E+2	0.000000E+0	-3.426740E-4	6.872585E-4	3.049734E-2	2.906373E+2	5.048828E+1	5.990000E+2
4.440018E+3	8.920000E+2	0.000000E+0	5.096390E-4	9.876362E-4	3.138447E-2	2.906341E+2	5.048828E+1	5.990000E+2
4.441123E+3	8.990000E+2	0.000000E+0	1.239741E-3	2.200050E-3	3.214001E-2	2.906299E+2	5.048828E+1	5.990000E+2
4.442225E+3	9.060000E+2	0.000000E+0	1.525415E-3	2.760867E-3	3.287740E-2	2.906347E+2	5.048828E+1	5.990000E+2
4.443330E+3	9.130000E+2	0.000000E+0	1.982206E-3	3.517404E-3	3.338563E-2	2.906346E+2	5.048828E+1	5.990000E+2
4.444333E+3	9.200000E+2	0.000000E+0	2.394496E-3	3.611112E-3	3.440210E-2	2.906337E+2	5.048828E+1	5.990000E+2
4.445535E+3	9.270000E+2	0.000000E+0	2.336178E-3	3.136664E-3	3.514629E-2	2.906345E+2	5.048828E+1	5.990000E+2
4.446540E+3	9.340000E+2	0.000000E+0	1.755677E-3	2.308768E-3	3.596309E-2	2.906242E+2	5.048828E+1	5.990000E+2
4.447645E+3	9.410000E+2	0.000000E+0	1.235887E-3	1.425015E-3	3.766930E-2	2.906307E+2	5.048828E+1	5.990000E+2
4.448748E+3	9.480000E+2	0.000000E+0	2.061598E-4	6.530684E-4	3.849291E-2	2.906372E+2	5.048828E+1	5.990000E+2
4.449966E+3	9.550000E+2	0.000000E+0	-1.570900E-4	-4.983965E-4	3.941862E-2	2.906338E+2	5.048828E+1	5.990000E+2
4.451071E+3	9.620000E+2	0.000000E+0	-6.316045E-4	-1.519645E-3	4.037155E-2	2.906389E+2	5.048828E+1	5.990000E+2
4.452174E+3	9.690000E+2	0.000000E+0	-1.411809E-3	-2.199224E-3	4.115886E-2	2.906370E+2	5.048828E+1	5.990000E+2
4.453278E+3	9.760000E+2	0.000000E+0	-1.610492E-3	-1.854883E-3	4.204145E-2	2.906379E+2	5.048828E+1	5.990000E+2
4.468326E+3	9.830000E+2	0.000000E+0	-1.595518E-3	-2.152050E-3	4.304657E-2	2.906352E+2	5.048828E+1	5.970000E+2
4.469430E+3	9.900000E+2	0.000000E+0	-8.957336E-4	-1.791478E-3	4.337329E-2	2.906224E+2	5.048828E+1	5.970000E+2
4.470534E+3	9.970000E+2	0.000000E+0	-8.677274E-4	-1.623662E-3	4.393825E-2	2.906278E+2	5.048828E+1	5.970000E+2
4.471635E+3	1.004000E+3	0.000000E+0	-4.421458E-4	-1.146460E-3	4.571933E-2	2.906226E+2	5.048828E+1	5.970000E+2
4.472737E+3	1.011000E+3	0.000000E+0	-4.913414E-4	-9.387938E-4	4.666545E-2	2.906206E+2	5.048828E+1	5.970000E+2
4.473843E+3	1.018000E+3	0.000000E+0	-1.450295E-4	-8.867264E-4	4.726671E-2	2.906320E+2	5.048828E+1	5.970000E+2
4.474946E+3	1.025000E+3	0.000000E+0	-4.884432E-4	-9.804616E-4	4.841250E-2	2.906212E+2	5.053711E+1	5.970000E+2
4.476052E+3	1.032000E+3	0.000000E+0	-8.031317E-4	-9.568025E-4	4.912039E-2	2.906172E+2	5.053711E+1	5.970000E+2
4.477155E+3	1.039000E+3	0.000000E+0	-5.562662E-4	-7.808173E-4	4.988501E-2	2.906145E+2	5.053711E+1	5.970000E+2
4.478259E+3	1.046000E+3	0.000000E+0	-8.131329E-4	-1.254788E-3	5.065643E-2	2.906175E+2	5.053711E+1	5.970000E+2
4.479365E+3	1.053000E+3	0.000000E+0	-8.840552E-4	-1.189577E-3	5.155491E-2	2.906123E+2	5.048828E+1	5.970000E+2
4.480468E+3	1.060000E+3	0.000000E+0	-1.432189E-3	-1.711833E-3	5.200869E-2	2.906144E+2	5.048828E+1	5.970000E+2
4.481570E+3	1.067000E+3	0.000000E+0	-1.391240E-3	-2.284336E-3	5.295936E-2	2.906168E+2	5.048828E+1	5.970000E+2
4.482671E+3	1.074000E+3	0.000000E+0	-2.041566E-3	-2.668508E-3	5.438876E-2	2.906169E+2	5.048828E+1	5.970000E+2
4.483773E+3	1.081000E+3	0.000000E+0	-2.065720E-3	-3.417585E-3	5.532127E-2	2.906160E+2	5.048828E+1	5.970000E+2
4.484875E+3	1.088000E+3	0.000000E+0	-2.142739E-3	-4.005359E-3	5.581362E-2	2.906246E+2	5.048828E+1	5.970000E+2
4.500317E+3	1.095000E+3	0.000000E+0	-3.158653E-3	-4.914949E-3	5.666446E-2	2.906217E+2	5.048828E+1	5.960000E+2
4.501419E+3	1.102000E+3	0.000000E+0	-3.993204E-3	-5.924474E-3	5.662816E-2	2.906229E+2	5.048828E+1	5.960000E+2
4.502524E+3	1.109000E+3	0.000000E+0	-4.106397E-3	-7.145245E-3	5.734739E-2	2.906128E+2	5.053711E+1	5.960000E+2
4.503630E+3	1.116000E+3	0.000000E+0	-5.077896E-3	-9.194485E-3	5.863386E-2	2.906126E+2	5.053711E+1	5.960000E+2
4.504733E+3	1.123000E+3	0.000000E+0	-7.129452E-3	-1.344911E-2	5.942797E-2	2.906219E+2	5.048828E+1	5.960000E+2
4.505838E+3	1.130000E+3	0.000000E+0	-1.129798E-2	-1.936581E-2	5.967074E-2	2.906255E+2	5.048828E+1	5.960000E+2
4.506942E+3	1.137000E+3	0.000000E+0	-1.695689E-2	-2.587820E-2	6.012905E-2	2.906285E+2	5.048828E+1	5.960000E+2
4.508047E+3	1.144000E+3	0.000000E+0	-2.329601E-2	-3.738182E-2	6.092544E-2	2.906251E+2	5.048828E+1	5.960000E+2
4.509149E+3	1.151000E+3	0.000000E+0	-3.254898E-2	-6.185638E-2	6.115686E-2	2.906318E+2	5.053711E+1	5.960000E+2
4.510253E+3	1.158000E+3	0.000000E+0	-5.740452E-2	-1.019389E-1	6.124762E-2	2.906286E+2	5.053711E+1	5.960000E+2
4.511356E+3	1.165000E+3	0.000000E+0	-8.715777E-2	-1.376824E-1	6.145863E-2	2.906336E+2	5.048828E+1	5.960000E+2
4.512458E+3	1.172000E+3	0.000000E+0	-1.097661E-1	-1.797399E-1	6.172862E-2	2.906300E+2	5.048828E+1	5.960000E+2
4.513563E+3	1.179000E+3	0.000000E+0	-1.327887E-1	-2.186826E-1	6.206669E-2	2.906287E+2	5.048828E+1	5.960000E+2
4.514670E+3	1.186000E+3	0.000000E+0	-1.420341E-1	-2.396481E-1	6.220282E-2	2.906275E+2	5.048828E+1	5.960000E+2
4.515775E+3	1.193000E+3	0.000000E+0	-1.521944E-1	-2.411939E-1	6.256131E-2	2.906248E+2	5.048828E+1	5.960000E+2
4.516879E+3	1.200000E+3	0.000000E+0	-1.120845E-1	-1.645172E-1	6.278366E-2	2.906363E+2	5.048828E+1	5.960000E+2
4.531924E+3	1.207000E+3	0.000000E+0	-5.049768E-2	-1.098883E-1	6.337584E-2	2.906204E+2	5.048828E+1	5.970000E+2
4.533029E+3	1.214000E+3	0.000000E+0	1.695443E-2	8.505465E-3	6.388861E-2	2.906196E+2	5.048828E+1	5.970000E+2
4.534132E+3	1.221000E+3	0.000000E+0	8.726546E-2	1.584320E-1	6.441272E-2	2.906172E+2	5.053711E+1	5.970000E+2
4.535235E+3	1.228000E+3	0.000000E+0	1.763297E-1	2.892723E-1	6.472356E-2	2.906168E+2	5.053711E+1	5.970000E+2
4.536336E+3	1.235000E+3	0.000000E+0	2.351236E-1	4.029722E-1	6.543145E-2	2.906246E+2	5.048828E+1	5.970000E+2
4.537438E+3	1.242000E+3	0.000000E+0	2.952371E-1	5.034624E-1	6.587843E-2	2.906225E+2	5.048828E+1	5.970000E+2
4.538539E+3	1.249000E+3	0.000000E+0	3.348449E-1	5.110527E-1	6.688808E-2	2.906271E+2	5.048828E+1	5.970000E+2
4.539647E+3	1.256000E+3	0.000000E+0	3.036024E-1	4.515415E-1	6.760051E-2	2.906251E+2	5.048828E+1	5.970000E+2
4.540751E+3	1.263000E+3	0.000000E+0	2.338730E-1	3.833275E-1	6.912521E-2	2.906296E+2	5.053711E+1	5.970000E+2
4.541860E+3	1.270000E+3	0.000000E+0	1.671341E-1	2.826659E-1	7.043209E-2	2.906329E+2	5.053711E+1	5.970000E+2
4.542964E+3	1.277000E+3	0.000000E+0	8.642285E-2	1.372867E-1	7.121032E-2	2.906318E+2	5.053711E+1	5.970000E+2
4.544067E+3	1.284000E+3	0.000000E+0	-7.559194E-3	-5.579977E-3	7.234703E-2	2.906384E+2	5.053711E+1	5.970000E+2
4.545169E+3	1.291000E+3	0.000000E+0	-8.995008E-2	-1.101050E-1	7.376282E-2	2.906297E+2	5.053711E+1	5.970000E+2
4.546271E+3	1.298000E+3	0.000000E+0	-1.360757E-1	-1.776088E-1	7.488139E-2	2.906368E+2	5.053711E+1	5.970000E+2
4.547375E+3	1.305000E+3	0.000000E+0	-1.465466E-1	-2.161720E-1	7.617465E-2	2.906405E+2	5.053711E+1	5.970000E+2
4.548481E+3	1.312000E+3	0.000000E+0	-1.406734E-1	-2.308436E-1	7.731817E-2	2.906366E+2	5.053711E+1	5.970000E+2
4.563727E+3	1.319000E+3	0.000000E+0	-1.286020E-1	-2.141317E-1	7.973001E-2	2.906310E+2	5.053711E+1	5.990000E+2
4.564830E+3	1.326000E+3	0.000000E+0	-9.975921E-2	-1.702972E-1	8.155646E-2	2.906296E+2	5.053711E+1	5.990000E+2
4.565934E+3	1.333000E+3	0.000000E+0	-6.973341E-2	-1.274601E-1	8.311292E-2	2.906282E+2	5.053711E+1	5.990000E+2
4.567035E+3	1.340000E+3	0.000000E+0	-4.979884E-2	-9.212799E-2	8.416796E-2	2.906273E+2	5.053711E+1	5.990000E+2
4.568140E+3	1.347000E+3	0.000000E+0	-3.594968E-2	-6.274405E-2	8.541358E-2	2.906337E+2	5.053711E+1	5.990000E+2
4.569243E+3	1.354000E+3	0.000000E+0	-2.403502E-2	-3.978980E-2	8.637561E-2	2.906296E+2	5.053711E+1	5.990000E+2
4.570346E+3	1.361000E+3	0.000000E+0	-1.604917E-2	-2.454277E-2	8.739434E-2	2.906253E+2	5.053711E+1	5.990000E+2
4.571451E+3	1.368000E+3	0.000000E+0	-1.029430E-2	-1.588327E-2	8.919363E-2	2.906327E+2	5.053711E+1	5.990000E+2
4.572559E+3	1.375000E+3	0.000000E+0	-7.123995E-3	-1.098203E-2	9.014428E-2	2.906300E+2	5.053711E+1	5.990000E+2
4.573661E+3	1.382000E+3	0.000000E+0	-5.001957E-3	-8.401160E-3	9.141268E-2	2.906297E+2	5.053711E+1	5.990000E+2
4.574765E+3	1.389000E+3	0.000000E+0	-3.763026E-3	-6.849753E-3	9.353429E-2	2.906280E+2	5.053711E+1	5.990000E+2
4.575768E+3	1.396000E+3	0.000000E+0	-3.740951E-3	-5.421435E-3	9.498880E-2	2.906365E+2	5.053711E+1	5.990000E+2
4.576875E+3	1.403000E+3	0.000000E+0	-3.006303E-3	-5.176797E-3	9.591465E-2	2.906350E+2	5.053711E+1	5.990000E+2
4.577980E+3	1.410000E+3	0.000000E+0	-2.665282E-3	-4.068752E-3	9.726504E-2	2.906330E+2	5.053711E+1	5.990000E+2
4.579085E+3	1.417000E+3	0.000000E+0	-2.469564E-3	-3.664202E-3	9.815216E-2	2.906393E+2	5.053711E+1	5.990000E+2
4.580188E+3	1.424000E+3	0.000000E+0	-1.936684E-3	-3.183118E-3	9.922367E-2	2.906314E+2	5.053711E+1	5.990000E+2
4.595245E+3	1.431000E+3	0.000000E+0	-2.003634E-3	-3.184153E-3	9.993371E-2	2.906433E+2	5.053711E+1	5.990000E+2
4.596350E+3	1.438000E+3	0.000000E+0	-2.010482E-3	-2.762831E-3	1.008373E-1	2.906329E+2	5.053711E+1	5.990000E+2
4.597453E+3	1.445000E+3	0.000000E+0	-1.643494E-3	-1.961236E-3	1.018591E-1	2.906317E+2	5.053711E+1	5.990000E+2
4.598456E+3	1.452000E+3	0.000000E+0	-1.158274E-3	-1.591137E-3	1.026149E-1	2.906384E+2	5.053711E+1	5.990000E+2
4.599558E+3	1.459000E+3	0.000000E+0	-3.999126E-4	-1.281655E-3	1.034526E-1	2.906309E+2	5.053711E+1	5.990000E+2
4.600659E+3	1.466000E+3	0.000000E+0	-1.928815E-3	-3.686928E-4	1.047038E-1	2.906392E+2	5.053711E+1	5.990000E+2
4.601760E+3	1.473000E+3	0.000000E+0	-5.180052E-4	-6.981167E-4	1.056192E-1	2.906390E+2	5.048828E+1	5.990000E+2
4.602863E+3	1.480000E+3	0.000000E+0	5.208164E-4	8.418991E-4	1.060847E-1	2.906388E+2	5.048828E+1	5.990000E+2
4.603967E+3	1.487000E+3	0.000000E+0	-1.092559E-4	-1.469878E-3	1.064910E-1	2.906350E+2	5.048828E+1	5.990000E+2
4.605073E+3	1.494000E+3	0.000000E+0	-1.030929E-3	-2.170437E-3	1.073453E-1	2.906340E+2	5.048828E+1	5.990000E+2
4.606175E+3	1.501000E+3	0.000000E+0	-1.633968E-3	-3.616286E-3	1.078408E-1	2.906271E+2	5.053711E+1	5.990000E+2
4.607280E+3	1.508000E+3	0.000000E+0	-2.762040E-3	-3.828616E-3	1.083249E-1	2.906316E+2	5.053711E+1	5.990000E+2
4.608383E+3	1.515000E+3	0.000000E+0	-2.572862E-3	-4.218186E-3	1.083517E-1	2.906410E+2	5.053711E+1	5.990000E+2
4.609487E+3	1.522000E+3	0.000000E+0	-2.751649E-3	-4.336115E-3	1.085609E-1	2.906425E+2	5.053711E+1	5.990000E+2
4.610589E+3	1.529000E+3	0.000000E+0	-2.723153E-3	-4.443583E-3	1.090338E-1	2.906379E+2	5.053711E+1	5.990000E+2
4.611692E+3	1.536000E+3	0.000000E+0	-2.334022E-3	-3.319117E-3	1.100412E-1	2.906366E+2	5.048828E+1	5.990000E+2
4.626939E+3	1.543000E+3	0.000000E+0	-1.886672E-3	-2.243788E-3	1.099977E-1	2.906357E+2	5.048828E+1	5.990000E+2
4.628041E+3	1.550000E+3	0.000000E+0	-1.353473E-3	-1.846593E-3	1.107054E-1	2.906406E+2	5.053711E+1	5.990000E+2
4.629145E+3	1.557000E+3	0.000000E+0	-1.555867E-3	-2.373514E-3	1.108281E-1	2.906392E+2	5.053711E+1	5.990000E+2
4.630251E+3	1.564000E+3	0.000000E+0	-2.669417E-3	-2.826336E-3	1.112329E-1	2.906455E+2	5.048828E+1	5.990000E+2
4.631358E+3	1.571000E+3	0.000000E+0	-4.227708E-3	-4.810025E-3	1.113305E-1	2.906455E+2	5.048828E+1	5.990000E+2
4.632460E+3	1.578000E+3	0.000000E+0	-6.012026E-3	-8.696444E-3	1.119196E-1	2.906464E+2	5.048828E+1	5.990000E+2
4.633560E+3	1.585000E+3	0.000000E+0	-1.017958E-2	-1.678231E-2	1.119631E-1	2.906452E+2	5.048828E+1	5.990000E+2
4.634661E+3	1.592000E+3	0.000000E+0	-1.690649E-2	-2.993290E-2	1.124472E-1	2.906428E+2	5.053711E+1	5.990000E+2
4.635763E+3	1.599000E+3	0.000000E+0	-2.886071E-2	-5.240375E-2	1.134227E-1	2.906435E+2	5.053711E+1	5.990000E+2
4.636867E+3	1.606000E+3	0.000000E+0	-4.572153E-2	-8.302756E-2	1.137204E-1	2.906388E+2	5.053711E+1	5.990000E+2
4.637971E+3	1.613000E+3	0.000000E+0	-6.833235E-2	-1.202338E-1	1.144298E-1	2.906356E+2	5.048828E+1	5.990000E+2
4.639074E+3	1.620000E+3	0.000000E+0	-9.359282E-2	-1.584790E-1	1.151957E-1	2.906382E+2	5.048828E+1	5.990000E+2
4.640179E+3	1.627000E+3	0.000000E+0	-1.181433E-1	-1.942509E-1	1.154729E-1	2.906361E+2	5.053711E+1	5.990000E+2
4.641281E+3	1.634000E+3	0.000000E+0	-1.341848E-1	-2.242406E-1	1.160502E-1	2.906413E+2	5.053711E+1	5.990000E+2
4.642384E+3	1.641000E+3	0.000000E+0	-1.433272E-1	-2.400328E-1	1.162182E-1	2.906332E+2	5.048828E+1	5.990000E+2
4.643485E+3	1.648000E+3	0.000000E+0	-1.436002E-1	-2.255788E-1	1.170000E-1	2.906336E+2	5.048828E+1	5.990000E+2
4.658738E+3	1.655000E+3	0.000000E+0	-1.218145E-1	-1.663025E-1	1.179515E-1	2.906483E+2	5.048828E+1	5.970000E+2
4.659742E+3	1.662000E+3	0.000000E+0	-6.611291E-2	-9.855457E-2	1.188348E-1	2.906451E+2	5.048828E+1	5.970000E+2
4.660845E+3	1.669000E+3	0.000000E+0	1.897744E-3	3.137401E-2	1.197088E-1	2.906357E+2	5.048828E+1	5.970000E+2
4.661946E+3	1.676000E+3	0.000000E+0	8.926771E-2	1.495806E-1	1.209595E-1	2.906340E+2	5.053711E+1	5.970000E+2
4.663050E+3	1.683000E+3	0.000000E+0	1.622724E-1	2.731932E-1	1.223667E-1	2.906397E+2	5.053711E+1	5.970000E+2
4.664154E+3	1.690000E+3	0.000000E+0	2.402939E-1	3.778329E-1	1.239215E-1	2.906352E+2	5.048828E+1	5.970000E+2
4.665258E+3	1.697000E+3	0.000000E+0	2.780558E-1	4.350730E-1	1.249857E-1	2.906343E+2	5.048828E+1	5.970000E+2
4.666363E+3	1.704000E+3	0.000000E+0	2.802956E-1	4.812015E-1	1.260613E-1	2.906359E+2	5.053711E+1	5.970000E+2
4.667464E+3	1.711000E+3	0.000000E+0	2.869553E-1	4.872033E-1	1.271437E-1	2.906354E+2	5.053711E+1	5.970000E+2
4.668568E+3	1.718000E+3	0.000000E+0	2.610467E-1	4.093395E-1	1.286730E-1	2.906336E+2	5.048828E+1	5.970000E+2
4.669670E+3	1.725000E+3	0.000000E+0	1.882386E-1	3.095346E-1	1.297690E-1	2.906345E+2	5.048828E+1	5.970000E+2
4.670772E+3	1.732000E+3	0.000000E+0	1.155309E-1	1.965030E-1	1.331883E-1	2.906458E+2	5.053711E+1	5.970000E+2
4.671877E+3	1.739000E+3	0.000000E+0	3.849644E-2	5.942133E-2	1.345814E-1	2.906452E+2	5.053711E+1	5.970000E+2
4.672982E+3	1.746000E+3	0.000000E+0	-4.393294E-2	-6.265751E-2	1.361833E-1	2.906315E+2	5.053711E+1	5.970000E+2
4.674087E+3	1.753000E+3	0.000000E+0	-1.097575E-1	-1.390833E-1	1.377625E-1	2.906397E+2	5.048828E+1	5.970000E+2
4.675189E+3	1.760000E+3	0.000000E+0	-1.247800E-1	-1.968608E-1	1.392531E-1	2.906284E+2	5.048828E+1	5.970000E+2
4.690620E+3	1.767000E+3	0.000000E+0	-1.402846E-1	-2.424624E-1	1.416082E-1	2.906425E+2	5.053711E+1	5.990000E+2
4.691622E+3	1.774000E+3	0.000000E+0	-1.407051E-1	-2.361940E-1	1.414267E-1	2.906309E+2	5.053711E+1	5.990000E+2
4.692727E+3	1.781000E+3	0.000000E+0	-1.263857E-1	-2.063762E-1	1.440790E-1	2.906303E+2	5.053711E+1	5.990000E+2
4.693831E+3	1.788000E+3	0.000000E+0	-9.762003E-2	-1.647463E-1	1.445238E-1	2.906327E+2	5.053711E+1	5.990000E+2
4.694933E+3	1.795000E+3	0.000000E+0	-7.581458E-2	-1.221850E-1	1.458079E-1	2.906420E+2	5.053711E+1	5.990000E+2
4.696038E+3	1.802000E+3	0.000000E+0	-4.796658E-2	-7.401031E-2	1.468743E-1	2.906336E+2	5.053711E+1	5.990000E+2
4.697141E+3	1.809000E+3	0.000000E+0	-2.331970E-2	-4.532998E-2	1.474075E-1	2.906317E+2	5.053711E+1	5.990000E+2
4.698244E+3	1.816000E+3	0.000000E+0	-1.411548E-2	-2.755556E-2	1.476639E-1	2.906375E+2	5.053711E+1	5.990000E+2
4.699349E+3	1.823000E+3	0.000000E+0	-8.640647E-3	-6.607567E-3	1.481631E-1	2.906275E+2	5.048828E+1	5.990000E+2
4.700455E+3	1.830000E+3	0.000000E+0	-4.687365E-4	-1.976653E-3	1.485760E-1	2.906264E+2	5.048828E+1	5.990000E+2
4.701558E+3	1.837000E+3	0.000000E+0	-5.972393E-3	-1.365803E-2	1.483332E-1	2.906254E+2	5.053711E+1	5.990000E+2
4.702663E+3	1.844000E+3	0.000000E+0	-1.824555E-2	-2.549014E-2	1.482788E-1	2.906312E+2	5.053711E+1	5.990000E+2
4.703768E+3	1.851000E+3	0.000000E+0	-2.702504E-2	-4.311366E-2	1.481767E-1	2.906227E+2	5.053711E+1	5.990000E+2
4.704872E+3	1.858000E+3	0.000000E+0	-4.104339E-2	-6.996306E-2	1.479180E-1	2.906227E+2	5.053711E+1	5.990000E+2
4.705977E+3	1.865000E+3	0.000000E+0	-5.489334E-2	-9.106745E-2	1.482198E-1	2.906298E+2	5.053711E+1	5.990000E+2
4.707079E+3	1.872000E+3	0.000000E+0	-6.162241E-2	-1.076490E-1	1.479702E-1	2.906366E+2	5.053711E+1	5.990000E+2
4.722229E+3	1.879000E+3	0.000000E+0	-6.912705E-2	-1.115751E-1	1.470672E-1	2.906351E+2	5.053711E+1	6.000000E+2
4.723331E+3	1.886000E+3	0.000000E+0	-6.287898E-2	-9.298856E-2	1.471761E-1	2.906365E+2	5.053711E+1	6.000000E+2
4.724437E+3	1.893000E+3	0.000000E+0	-3.740449E-2	-5.063440E-2	1.474415E-1	2.906328E+2	5.053711E+1	6.000000E+2
4.725538E+3	1.900000E+3	0.000000E+0	-1.164834E-3	-5.967997E-3	1.476548E-1	2.906292E+2	5.053711E+1	6.000000E+2
4.726643E+3	1.907000E+3	0.000000E+0	2.988842E-2	4.062604E-2	1.479611E-1	2.906354E+2	5.053711E+1	6.000000E+2
4.727748E+3	1.914000E+3	0.000000E+0	6.221303E-2	9.967583E-2	1.488346E-1	2.906321E+2	5.053711E+1	6.000000E+2
4.728853E+3	1.921000E+3	0.000000E+0	9.341908E-2	1.418166E-1	1.489799E-1	2.906330E+2	5.053711E+1	6.000000E+2
4.729955E+3	1.928000E+3	0.000000E+0	1.138393E-1	1.632826E-1	1.496083E-1	2.906347E+2	5.053711E+1	6.000000E+2
4.731058E+3	1.935000E+3	0.000000E+0	1.138289E-1	1.656307E-1	1.505000E-1	2.906267E+2	5.053711E+1	6.000000E+2
4.732159E+3	1.942000E+3	0.000000E+0	9.875614E-2	1.543336E-1	1.517071E-1	2.906246E+2	5.053711E+1	6.000000E+2
4.733262E+3	1.949000E+3	0.000000E+0	7.837708E-2	1.338100E-1	1.527122E-1	2.906294E+2	5.053711E+1	6.000000E+2
4.734366E+3	1.956000E+3	0.000000E+0	5.962398E-2	9.602586E-2	1.538967E-1	2.906282E+2	5.053711E+1	6.000000E+2
4.735469E+3	1.963000E+3	0.000000E+0	3.396894E-2	4.724009E-2	1.546568E-1	2.906303E+2	5.048828E+1	6.000000E+2
4.736573E+3	1.970000E+3	0.000000E+0	2.211902E-3	-4.603107E-3	1.562225E-1	2.906249E+2	5.048828E+1	6.000000E+2
4.737676E+3	1.977000E+3	0.000000E+0	-2.639795E-2	-4.027510E-2	1.578019E-1	2.906262E+2	5.048828E+1	6.000000E+2
4.738777E+3	1.984000E+3	0.000000E+0	-4.158286E-2	-5.656064E-2	1.594857E-1	2.906348E+2	5.048828E+1	6.000000E+2
4.753926E+3	1.991000E+3	0.000000E+0	-4.229388E-2	-6.627312E-2	1.624723E-1	2.906341E+2	5.053711E+1	5.990000E+2
4.755031E+3	1.998000E+3	0.000000E+0	-4.185238E-2	-6.865469E-2	1.641904E-1	2.906204E+2	5.053711E+1	5.990000E+2
4.756138E+3	2.005000E+3	0.000000E+0	-3.274046E-2	-5.620243E-2	1.662993E-1	2.906312E+2	5.053711E+1	5.990000E+2
4.757243E+3	2.012000E+3	0.000000E+0	-2.227195E-2	-4.349152E-2	1.684466E-1	2.906359E+2	5.053711E+1	5.990000E+2
4.758349E+3	2.019000E+3	0.000000E+0	-1.648438E-2	-3.202042E-2	1.701219E-1	2.906382E+2	5.053711E+1	5.990000E+2
4.759453E+3	2.026000E+3	0.000000E+0	-1.460669E-2	-2.540342E-2	1.713231E-1	2.906271E+2	5.053711E+1	5.990000E+2
4.760558E+3	2.033000E+3	0.000000E+0	-1.212405E-2	-1.992868E-2	1.730894E-1	2.906424E+2	5.053711E+1	5.990000E+2
4.761660E+3	2.040000E+3	0.000000E+0	-1.061046E-2	-1.904603E-2	1.747631E-1	2.906369E+2	5.053711E+1	5.990000E+2
4.762666E+3	2.047000E+3	0.000000E+0	-1.048514E-2	-1.892982E-2	1.762164E-1	2.906316E+2	5.053711E+1	5.990000E+2
4.763768E+3	2.054000E+3	0.000000E+0	-1.050520E-2	-1.833219E-2	1.783192E-1	2.906231E+2	5.053711E+1	5.990000E+2
4.764874E+3	2.061000E+3	0.000000E+0	-9.367100E-3	-1.620553E-2	1.795771E-1	2.906367E+2	5.053711E+1	5.990000E+2
4.765976E+3	2.068000E+3	0.000000E+0	-8.091586E-3	-1.325609E-2	1.805444E-1	2.906366E+2	5.053711E+1	5.990000E+2
4.767081E+3	2.075000E+3	0.000000E+0	-6.667549E-3	-1.042922E-2	1.813121E-1	2.906283E+2	5.048828E+1	5.990000E+2
4.768184E+3	2.082000E+3	0.000000E+0	-4.633695E-3	-7.500551E-3	1.818137E-1	2.906237E+2	5.048828E+1	5.990000E+2
4.769285E+3	2.089000E+3	0.000000E+0	-3.692473E-3	-5.603005E-3	1.820994E-1	2.906215E+2	5.053711E+1	5.990000E+2
4.770387E+3	2.096000E+3	0.000000E+0	-3.330627E-3	-4.985149E-3	1.822739E-1	2.906215E+2	5.053711E+1	5.990000E+2
4.785631E+3	2.103000E+3	0.000000E+0	-2.388849E-3	-3.243588E-3	1.826529E-1	2.906249E+2	5.048828E+1	5.970000E+2
4.786737E+3	2.110000E+3	0.000000E+0	-2.892203E-3	-3.624308E-3	1.825503E-1	2.906217E+2	5.053711E+1	5.970000E+2
4.787840E+3	2.117000E+3	0.000000E+0	-2.819289E-3	-3.826863E-3	1.830230E-1	2.906299E+2	5.053711E+1	5.970000E+2
4.788943E+3	2.124000E+3	0.000000E+0	-2.674965E-3	-3.826401E-3	1.829456E-1	2.906303E+2	5.053711E+1	5.970000E+2
