3.651966E+3	7.680000E+2	0.000000E+0	-1.626324E-3	-9.695030E-4	1.563610E-2	2.906294E+2	5.031738E+1	6.000000E+2
3.675240E+3	7.680000E+2	0.000000E+0	-8.789032E-5	-9.373244E-5	1.544778E-2	2.906237E+2	5.036621E+1	5.990000E+2
3.676345E+3	7.750000E+2	0.000000E+0	-4.346239E-4	-1.998909E-5	1.683180E-2	2.906381E+2	5.036621E+1	5.990000E+2
3.677450E+3	7.820000E+2	0.000000E+0	3.363235E-4	2.884071E-4	1.756692E-2	2.906303E+2	5.036621E+1	5.990000E+2
3.678556E+3	7.890000E+2	0.000000E+0	-4.943648E-5	6.712677E-5	1.857431E-2	2.906323E+2	5.039063E+1	5.990000E+2
3.679663E+3	7.960000E+2	0.000000E+0	2.856062E-4	3.705428E-4	1.934800E-2	2.906232E+2	5.039063E+1	5.990000E+2
3.680767E+3	8.030000E+2	0.000000E+0	1.393305E-4	1.714547E-4	2.051421E-2	2.906257E+2	5.039063E+1	5.990000E+2
3.681871E+3	8.100000E+2	0.000000E+0	2.654543E-4	2.386783E-4	2.100656E-2	2.906308E+2	5.039063E+1	5.990000E+2
3.682972E+3	8.170000E+2	0.000000E+0	3.990761E-4	1.946236E-4	2.193681E-2	2.906264E+2	5.036621E+1	5.990000E+2
3.684077E+3	8.240000E+2	0.000000E+0	1.685754E-3	-3.205991E-4	2.291470E-2	2.906314E+2	5.036621E+1	5.990000E+2
3.685182E+3	8.310000E+2	0.000000E+0	-4.088834E-4	-5.414714E-4	2.356587E-2	2.906395E+2	5.036621E+1	5.990000E+2
3.686288E+3	8.380000E+2	0.000000E+0	-5.253136E-4	-1.068424E-3	2.410133E-2	2.906359E+2	5.036621E+1	5.990000E+2
3.687394E+3	8.450000E+2	0.000000E+0	-8.619326E-4	-1.567289E-3	2.470486E-2	2.906338E+2	5.036621E+1	5.990000E+2
3.688496E+3	8.520000E+2	0.000000E+0	-9.373261E-4	-1.926305E-3	2.627947E-2	2.906291E+2	5.036621E+1	5.990000E+2
3.689603E+3	8.590000E+2	0.000000E+0	-1.192758E-3	-1.821612E-3	2.688072E-2	2.906362E+2	5.036621E+1	5.990000E+2
3.690706E+3	8.660000E+2	0.000000E+0	-1.195497E-3	-1.562991E-3	2.799021E-2	2.906307E+2	5.036621E+1	5.990000E+2
3.705962E+3	8.730000E+2	0.000000E+0	-7.785314E-4	-9.911741E-4	2.836458E-2	2.906182E+2	5.036621E+1	5.990000E+2
3.707065E+3	8.800000E+2	0.000000E+0	-5.803092E-4	-8.825496E-4	2.904751E-2	2.906196E+2	5.039063E+1	5.990000E+2
3.708167E+3	8.870000E+2	0.000000E+0	4.200329E-4	3.825144E-4	2.973499E-2	2.906166E+2	5.039063E+1	5.990000E+2
3.709271E+3	8.940000E+2	0.000000E+0	5.516583E-4	1.402226E-3	3.055860E-2	2.906236E+2	5.039063E+1	5.990000E+2
3.710374E+3	9.010000E+2	0.000000E+0	2.083971E-3	1.900300E-3	3.120296E-2	2.906203E+2	5.039063E+1	5.990000E+2
3.711480E+3	9.080000E+2	0.000000E+0	1.860294E-3	2.966255E-3	3.287286E-2	2.906192E+2	5.039063E+1	5.990000E+2
3.712582E+3	9.150000E+2	0.000000E+0	2.264435E-3	3.000782E-3	3.401865E-2	2.906292E+2	5.039063E+1	5.990000E+2
3.713685E+3	9.220000E+2	0.000000E+0	2.007519E-3	3.215088E-3	3.486722E-2	2.906177E+2	5.039063E+1	5.990000E+2
3.714790E+3	9.290000E+2	0.000000E+0	1.668823E-3	2.645116E-3	3.555696E-2	2.906196E+2	5.039063E+1	5.990000E+2
3.715895E+3	9.360000E+2	0.000000E+0	1.776692E-3	1.687637E-3	3.668460E-2	2.906168E+2	5.039063E+1	5.990000E+2
3.716999E+3	9.430000E+2	0.000000E+0	3.269677E-4	9.810644E-4	3.751502E-2	2.906132E+2	5.039063E+1	5.990000E+2
3.718102E+3	9.500000E+2	0.000000E+0	1.394209E-4	2.650874E-4	3.821383E-2	2.906157E+2	5.039063E+1	5.990000E+2
3.719208E+3	9.570000E+2	0.000000E+0	-1.071485E-3	-5.517687E-4	3.891038E-2	2.906158E+2	5.039063E+1	5.990000E+2
3.720214E+3	9.640000E+2	0.000000E+0	-1.044411E-3	-1.421835E-3	3.958424E-2	2.906140E+2	5.039063E+1	5.990000E+2
3.721319E+3	9.710000E+2	0.000000E+0	-1.169249E-3	-1.514722E-3	4.044642E-2	2.906172E+2	5.036621E+1	5.990000E+2
3.722421E+3	9.780000E+2	0.000000E+0	-1.483902E-3	-1.950971E-3	4.227061E-2	2.906159E+2	5.036621E+1	5.990000E+2
3.737669E+3	9.850000E+2	0.000000E+0	-1.344949E-3	-1.982475E-3	4.303523E-2	2.906135E+2	5.039063E+1	5.990000E+2
3.738770E+3	9.920000E+2	0.000000E+0	-8.582742E-4	-1.647900E-3	4.410161E-2	2.906175E+2	5.039063E+1	5.990000E+2
3.739875E+3	9.990000E+2	0.000000E+0	-8.959370E-4	-1.533945E-3	4.496605E-2	2.906081E+2	5.039063E+1	5.990000E+2
3.740977E+3	1.006000E+3	0.000000E+0	-5.474944E-4	-1.374658E-3	4.573067E-2	2.906126E+2	5.039063E+1	5.990000E+2
3.742082E+3	1.013000E+3	0.000000E+0	-3.916590E-4	-7.177292E-4	4.661100E-2	2.906214E+2	5.039063E+1	5.990000E+2
3.743184E+3	1.020000E+3	0.000000E+0	-5.471852E-4	-8.988862E-4	4.716234E-2	2.906175E+2	5.039063E+1	5.990000E+2
3.744288E+3	1.027000E+3	0.000000E+0	-3.783795E-4	-7.978390E-4	4.805855E-2	2.906201E+2	5.039063E+1	5.990000E+2
3.745394E+3	1.034000E+3	0.000000E+0	-7.276105E-4	-8.774360E-4	4.866435E-2	2.906240E+2	5.039063E+1	5.990000E+2
3.746397E+3	1.041000E+3	0.000000E+0	-5.511098E-4	-9.068871E-4	5.036375E-2	2.906137E+2	5.039063E+1	5.990000E+2
3.747499E+3	1.048000E+3	0.000000E+0	-5.366982E-4	-1.098213E-3	5.107618E-2	2.906131E+2	5.039063E+1	5.990000E+2
3.748604E+3	1.055000E+3	0.000000E+0	-7.491458E-4	-1.556830E-3	5.170466E-2	2.906023E+2	5.039063E+1	5.990000E+2
3.749706E+3	1.062000E+3	0.000000E+0	-1.238142E-3	-2.078851E-3	5.281642E-2	2.906123E+2	5.039063E+1	5.990000E+2
3.750811E+3	1.069000E+3	0.000000E+0	-1.222442E-3	-2.570934E-3	5.344263E-2	2.906167E+2	5.039063E+1	5.990000E+2
3.751917E+3	1.076000E+3	0.000000E+0	-1.940382E-3	-2.887464E-3	5.408473E-2	2.906258E+2	5.039063E+1	5.990000E+2
3.753022E+3	1.083000E+3	0.000000E+0	-2.293220E-3	-3.689293E-3	5.458162E-2	2.906167E+2	5.039063E+1	5.990000E+2
3.754125E+3	1.090000E+3	0.000000E+0	-2.888181E-3	-4.746114E-3	5.536665E-2	2.906157E+2	5.039063E+1	5.990000E+2
3.769575E+3	1.097000E+3	0.000000E+0	-3.632835E-3	-5.487208E-3	5.648522E-2	2.906063E+2	5.039063E+1	5.990000E+2
3.770677E+3	1.104000E+3	0.000000E+0	-3.658568E-3	-6.191846E-3	5.704563E-2	2.906074E+2	5.039063E+1	5.990000E+2
3.771781E+3	1.111000E+3	0.000000E+0	-4.429023E-3	-7.529377E-3	5.761059E-2	2.906170E+2	5.039063E+1	5.990000E+2
3.772784E+3	1.118000E+3	0.000000E+0	-5.849331E-3	-1.018192E-2	5.799176E-2	2.906083E+2	5.039063E+1	5.990000E+2
3.773890E+3	1.125000E+3	0.000000E+0	-8.397859E-3	-1.290511E-2	5.885621E-2	2.906188E+2	5.039063E+1	5.990000E+2
3.774994E+3	1.132000E+3	0.000000E+0	-1.216694E-2	-1.882725E-2	5.893789E-2	2.906159E+2	5.039063E+1	5.990000E+2
3.776097E+3	1.139000E+3	0.000000E+0	-1.816332E-2	-2.790109E-2	5.972973E-2	2.906188E+2	5.039063E+1	5.990000E+2
3.777201E+3	1.146000E+3	0.000000E+0	-2.830488E-2	-4.385707E-2	6.005191E-2	2.906116E+2	5.039063E+1	5.990000E+2
3.778303E+3	1.153000E+3	0.000000E+0	-4.501293E-2	-6.702979E-2	6.035821E-2	2.906169E+2	5.039063E+1	5.990000E+2
3.779405E+3	1.160000E+3	0.000000E+0	-6.618061E-2	-1.014704E-1	6.092317E-2	2.906096E+2	5.039063E+1	5.990000E+2
3.780506E+3	1.167000E+3	0.000000E+0	-9.272096E-2	-1.472568E-1	6.131115E-2	2.906143E+2	5.039063E+1	5.990000E+2
3.781609E+3	1.174000E+3	0.000000E+0	-1.189499E-1	-1.932958E-1	6.160610E-2	2.906149E+2	5.041504E+1	5.990000E+2
3.782713E+3	1.181000E+3	0.000000E+0	-1.406456E-1	-2.325031E-1	6.173543E-2	2.906131E+2	5.041504E+1	5.990000E+2
3.783819E+3	1.188000E+3	0.000000E+0	-1.574918E-1	-2.472247E-1	6.215744E-2	2.906132E+2	5.039063E+1	5.990000E+2
3.784924E+3	1.195000E+3	0.000000E+0	-1.508327E-1	-2.272988E-1	6.232988E-2	2.906282E+2	5.039063E+1	5.990000E+2
3.786028E+3	1.202000E+3	0.000000E+0	-1.201569E-1	-1.561901E-1	6.272694E-2	2.906198E+2	5.039063E+1	5.990000E+2
3.801286E+3	1.209000E+3	0.000000E+0	-5.314791E-2	-4.672550E-2	6.313534E-2	2.906253E+2	5.039063E+1	5.990000E+2
3.802291E+3	1.216000E+3	0.000000E+0	2.397990E-2	6.918787E-2	6.309223E-2	2.906224E+2	5.039063E+1	5.990000E+2
3.803395E+3	1.223000E+3	0.000000E+0	1.179708E-1	2.084005E-1	6.346659E-2	2.906201E+2	5.039063E+1	5.990000E+2
3.804499E+3	1.230000E+3	0.000000E+0	2.110587E-1	3.317291E-1	6.458062E-2	2.906254E+2	5.039063E+1	5.990000E+2
3.805602E+3	1.237000E+3	0.000000E+0	2.864917E-1	4.284692E-1	6.535885E-2	2.906214E+2	5.041504E+1	5.990000E+2
3.806703E+3	1.244000E+3	0.000000E+0	3.278744E-1	4.799493E-1	6.599868E-2	2.906157E+2	5.041504E+1	5.990000E+2
3.807810E+3	1.251000E+3	0.000000E+0	3.267311E-1	4.793462E-1	6.701287E-2	2.906164E+2	5.041504E+1	5.990000E+2
3.808911E+3	1.258000E+3	0.000000E+0	2.906550E-1	4.342496E-1	6.805656E-2	2.906262E+2	5.041504E+1	5.990000E+2
3.810015E+3	1.265000E+3	0.000000E+0	2.228662E-1	3.483041E-1	6.872588E-2	2.906161E+2	5.041504E+1	5.990000E+2
3.811115E+3	1.272000E+3	0.000000E+0	1.365113E-1	2.367096E-1	6.966747E-2	2.906227E+2	5.041504E+1	5.990000E+2
3.812221E+3	1.279000E+3	0.000000E+0	5.967545E-2	1.094739E-1	7.031184E-2	2.906205E+2	5.041504E+1	5.990000E+2
3.813327E+3	1.286000E+3	0.000000E+0	-1.291298E-2	-1.978290E-2	7.159603E-2	2.906227E+2	5.041504E+1	5.990000E+2
3.814433E+3	1.293000E+3	0.000000E+0	-7.078007E-2	-1.331687E-1	7.285753E-2	2.906202E+2	5.041504E+1	5.990000E+2
3.815536E+3	1.300000E+3	0.000000E+0	-1.166331E-1	-2.104525E-1	7.551667E-2	2.906272E+2	5.041504E+1	5.990000E+2
3.816642E+3	1.307000E+3	0.000000E+0	-1.379737E-1	-2.432507E-1	7.690977E-2	2.906195E+2	5.041504E+1	5.990000E+2
3.817747E+3	1.314000E+3	0.000000E+0	-1.419593E-1	-2.349849E-1	7.839363E-2	2.906266E+2	5.041504E+1	5.990000E+2
3.832993E+3	1.321000E+3	0.000000E+0	-1.254487E-1	-2.011254E-1	7.977992E-2	2.906269E+2	5.041504E+1	5.960000E+2
3.834099E+3	1.328000E+3	0.000000E+0	-9.116644E-2	-1.608210E-1	8.089622E-2	2.906267E+2	5.041504E+1	5.960000E+2
3.835206E+3	1.335000E+3	0.000000E+0	-6.259461E-2	-1.147848E-1	8.205108E-2	2.906162E+2	5.041504E+1	5.960000E+2
3.836313E+3	1.342000E+3	0.000000E+0	-4.136683E-2	-7.704021E-2	8.346006E-2	2.906248E+2	5.041504E+1	5.960000E+2
3.837418E+3	1.349000E+3	0.000000E+0	-2.646969E-2	-4.924597E-2	8.482140E-2	2.906284E+2	5.041504E+1	5.960000E+2
3.838519E+3	1.356000E+3	0.000000E+0	-1.766398E-2	-3.182726E-2	8.754638E-2	2.906258E+2	5.041504E+1	5.960000E+2
3.839625E+3	1.363000E+3	0.000000E+0	-1.120273E-2	-1.996022E-2	8.885101E-2	2.906322E+2	5.041504E+1	5.960000E+2
3.840728E+3	1.370000E+3	0.000000E+0	-7.986921E-3	-1.418873E-2	9.032586E-2	2.906223E+2	5.041504E+1	5.960000E+2
3.841831E+3	1.377000E+3	0.000000E+0	-5.830712E-3	-9.759116E-3	9.159416E-2	2.906243E+2	5.041504E+1	5.960000E+2
3.842936E+3	1.384000E+3	0.000000E+0	-4.677059E-3	-7.416940E-3	9.273330E-2	2.906225E+2	5.041504E+1	5.960000E+2
3.844040E+3	1.391000E+3	0.000000E+0	-3.541566E-3	-6.360124E-3	9.344115E-2	2.906224E+2	5.041504E+1	5.960000E+2
3.845141E+3	1.398000E+3	0.000000E+0	-3.398865E-3	-5.551964E-3	9.478451E-2	2.906214E+2	5.041504E+1	5.960000E+2
3.846146E+3	1.405000E+3	0.000000E+0	-3.048983E-3	-4.104836E-3	9.573990E-2	2.906288E+2	5.041504E+1	5.960000E+2
3.847253E+3	1.412000E+3	0.000000E+0	-2.562524E-3	-4.092691E-3	9.671796E-2	2.906343E+2	5.041504E+1	5.960000E+2
3.848356E+3	1.419000E+3	0.000000E+0	-2.310871E-3	-4.024070E-3	9.769139E-2	2.906266E+2	5.041504E+1	5.960000E+2
3.849458E+3	1.426000E+3	0.000000E+0	-2.448528E-3	-4.099969E-3	9.959119E-2	2.906415E+2	5.041504E+1	5.960000E+2
3.864909E+3	1.433000E+3	0.000000E+0	-2.098807E-3	-2.821795E-3	1.002878E-1	2.906354E+2	5.041504E+1	5.960000E+2
3.866012E+3	1.440000E+3	0.000000E+0	-1.578458E-3	-1.564405E-3	1.009620E-1	2.906334E+2	5.041504E+1	5.960000E+2
3.867113E+3	1.447000E+3	0.000000E+0	-1.286795E-3	-2.280236E-3	1.016951E-1	2.906176E+2	5.041504E+1	5.960000E+2
3.868218E+3	1.454000E+3	0.000000E+0	-9.917528E-4	-1.582784E-3	1.025215E-1	2.906359E+2	5.041504E+1	5.960000E+2
3.869330E+3	1.461000E+3	0.000000E+0	-7.974371E-4	-1.413846E-3	1.032686E-1	2.906261E+2	5.041504E+1	5.960000E+2
3.870435E+3	1.468000E+3	0.000000E+0	-4.087396E-4	-6.341805E-4	1.039746E-1	2.906298E+2	5.041504E+1	5.960000E+2
3.871437E+3	1.475000E+3	0.000000E+0	-2.146033E-4	-9.809864E-4	1.051734E-1	2.906186E+2	5.041504E+1	5.960000E+2
3.872541E+3	1.482000E+3	0.000000E+0	-3.554263E-4	-1.172565E-3	1.057504E-1	2.906144E+2	5.041504E+1	5.960000E+2
3.873645E+3	1.489000E+3	0.000000E+0	-8.360944E-4	-1.961291E-3	1.062319E-1	2.906276E+2	5.041504E+1	5.960000E+2
3.874747E+3	1.496000E+3	0.000000E+0	-1.025132E-3	-2.374180E-3	1.066178E-1	2.906116E+2	5.041504E+1	5.960000E+2
3.875850E+3	1.503000E+3	0.000000E+0	-1.775404E-3	-3.434027E-3	1.073586E-1	2.906209E+2	5.041504E+1	5.960000E+2
3.876956E+3	1.510000E+3	0.000000E+0	-2.105795E-3	-4.091679E-3	1.080337E-1	2.906178E+2	5.041504E+1	5.960000E+2
3.878059E+3	1.517000E+3	0.000000E+0	-2.658429E-3	-4.511712E-3	1.082266E-1	2.906184E+2	5.041504E+1	5.960000E+2
3.879161E+3	1.524000E+3	0.000000E+0	-2.735496E-3	-4.658090E-3	1.085195E-1	2.906165E+2	5.041504E+1	5.960000E+2
3.880266E+3	1.531000E+3	0.000000E+0	-2.883012E-3	-3.884665E-3	1.088970E-1	2.906190E+2	5.046387E+1	5.960000E+2
3.881371E+3	1.538000E+3	0.000000E+0	-2.395769E-3	-3.406971E-3	1.093245E-1	2.906234E+2	5.046387E+1	5.960000E+2
3.896522E+3	1.545000E+3	0.000000E+0	-1.862210E-3	-2.284228E-3	1.096496E-1	2.906267E+2	5.041504E+1	6.000000E+2
3.897523E+3	1.552000E+3	0.000000E+0	-1.217319E-3	-1.424154E-3	1.102387E-1	2.906273E+2	5.041504E+1	6.000000E+2
3.898624E+3	1.559000E+3	0.000000E+0	-1.040694E-3	-1.479402E-3	1.107916E-1	2.906237E+2	5.046387E+1	6.000000E+2
3.899725E+3	1.566000E+3	0.000000E+0	-1.364134E-3	-3.246291E-3	1.111485E-1	2.906294E+2	5.046387E+1	6.000000E+2
3.900827E+3	1.573000E+3	0.000000E+0	-3.243924E-3	-7.324015E-3	1.115261E-1	2.906249E+2	5.046387E+1	6.000000E+2
3.901929E+3	1.580000E+3	0.000000E+0	-7.462412E-3	-1.504855E-2	1.117877E-1	2.906258E+2	5.046387E+1	6.000000E+2
3.903030E+3	1.587000E+3	0.000000E+0	-1.500611E-2	-2.605345E-2	1.122539E-1	2.906189E+2	5.041504E+1	6.000000E+2
3.904132E+3	1.594000E+3	0.000000E+0	-2.576997E-2	-4.196821E-2	1.127361E-1	2.906234E+2	5.041504E+1	6.000000E+2
3.905236E+3	1.601000E+3	0.000000E+0	-4.042821E-2	-6.258694E-2	1.130338E-1	2.906259E+2	5.046387E+1	6.000000E+2
3.906340E+3	1.608000E+3	0.000000E+0	-5.884709E-2	-8.966526E-2	1.135955E-1	2.906217E+2	5.046387E+1	6.000000E+2
3.907441E+3	1.615000E+3	0.000000E+0	-8.051577E-2	-1.256450E-1	1.143117E-1	2.906148E+2	5.046387E+1	6.000000E+2
3.908544E+3	1.622000E+3	0.000000E+0	-1.035441E-1	-1.655089E-1	1.148228E-1	2.906142E+2	5.041504E+1	6.000000E+2
3.909646E+3	1.629000E+3	0.000000E+0	-1.245956E-1	-2.044216E-1	1.153366E-1	2.906233E+2	5.041504E+1	6.000000E+2
3.910750E+3	1.636000E+3	0.000000E+0	-1.403915E-1	-2.332914E-1	1.160386E-1	2.906172E+2	5.046387E+1	6.000000E+2
3.911854E+3	1.643000E+3	0.000000E+0	-1.423810E-1	-2.419307E-1	1.165159E-1	2.906031E+2	5.046387E+1	6.000000E+2
3.912956E+3	1.650000E+3	0.000000E+0	-1.295934E-1	-2.187615E-1	1.173995E-1	2.906022E+2	5.046387E+1	6.000000E+2
3.928207E+3	1.657000E+3	0.000000E+0	-9.744563E-2	-1.621551E-1	1.183055E-1	2.906132E+2	5.046387E+1	5.990000E+2
3.929211E+3	1.664000E+3	0.000000E+0	-4.123320E-2	-3.304396E-2	1.186392E-1	2.906203E+2	5.046387E+1	5.990000E+2
3.930314E+3	1.671000E+3	0.000000E+0	4.177908E-2	8.369792E-2	1.194885E-1	2.906181E+2	5.046387E+1	5.990000E+2
3.931418E+3	1.678000E+3	0.000000E+0	1.192744E-1	1.999620E-1	1.207984E-1	2.906132E+2	5.046387E+1	5.990000E+2
3.932523E+3	1.685000E+3	0.000000E+0	1.886729E-1	3.138255E-1	1.228477E-1	2.906206E+2	5.046387E+1	5.990000E+2
3.933625E+3	1.692000E+3	0.000000E+0	2.375454E-1	4.165620E-1	1.243321E-1	2.906191E+2	5.041504E+1	5.990000E+2
3.934728E+3	1.699000E+3	0.000000E+0	2.755220E-1	4.880643E-1	1.260679E-1	2.906099E+2	5.041504E+1	5.990000E+2
3.935831E+3	1.706000E+3	0.000000E+0	2.975674E-1	5.100454E-1	1.275270E-1	2.906114E+2	5.041504E+1	5.990000E+2
3.936937E+3	1.713000E+3	0.000000E+0	2.888507E-1	4.718837E-1	1.287933E-1	2.906140E+2	5.041504E+1	5.990000E+2
3.938044E+3	1.720000E+3	0.000000E+0	2.439024E-1	3.829700E-1	1.298756E-1	2.906161E+2	5.046387E+1	5.990000E+2
3.939148E+3	1.727000E+3	0.000000E+0	1.652047E-1	2.699196E-1	1.311349E-1	2.906179E+2	5.046387E+1	5.990000E+2
3.940250E+3	1.734000E+3	0.000000E+0	8.519198E-2	1.504388E-1	1.327890E-1	2.906119E+2	5.046387E+1	5.990000E+2
3.941353E+3	1.741000E+3	0.000000E+0	1.894742E-2	2.634691E-2	1.339665E-1	2.906107E+2	5.046387E+1	5.990000E+2
3.942455E+3	1.748000E+3	0.000000E+0	-4.411469E-2	-9.608355E-2	1.353619E-1	2.906171E+2	5.046387E+1	5.990000E+2
3.943560E+3	1.755000E+3	0.000000E+0	-1.057243E-1	-1.918474E-1	1.383705E-1	2.906188E+2	5.046387E+1	5.990000E+2
3.944665E+3	1.762000E+3	0.000000E+0	-1.457911E-1	-2.385680E-1	1.396252E-1	2.906102E+2	5.046387E+1	5.990000E+2
3.960009E+3	1.769000E+3	0.000000E+0	-1.560998E-1	-2.460215E-1	1.409593E-1	2.906107E+2	5.041504E+1	5.990000E+2
3.961115E+3	1.776000E+3	0.000000E+0	-1.379941E-1	-2.281056E-1	1.420302E-1	2.906031E+2	5.041504E+1	5.990000E+2
3.962218E+3	1.783000E+3	0.000000E+0	-1.168208E-1	-1.925271E-1	1.435912E-1	2.906130E+2	5.041504E+1	5.990000E+2
3.963323E+3	1.790000E+3	0.000000E+0	-8.721893E-2	-1.484628E-1	1.446917E-1	2.906127E+2	5.046387E+1	5.990000E+2
3.964428E+3	1.797000E+3	0.000000E+0	-6.055324E-2	-1.080926E-1	1.454041E-1	2.906125E+2	5.046387E+1	5.990000E+2
3.965534E+3	1.804000E+3	0.000000E+0	-4.006296E-2	-7.323056E-2	1.472782E-1	2.906090E+2	5.046387E+1	5.990000E+2
3.966636E+3	1.811000E+3	0.000000E+0	-2.571142E-2	-4.307957E-2	1.479294E-1	2.906194E+2	5.046387E+1	5.990000E+2
3.967739E+3	1.818000E+3	0.000000E+0	-1.518324E-2	-1.831208E-2	1.484830E-1	2.906221E+2	5.046387E+1	5.990000E+2
3.968842E+3	1.825000E+3	0.000000E+0	-6.237575E-3	-3.581583E-3	1.484285E-1	2.906158E+2	5.046387E+1	5.990000E+2
3.969946E+3	1.832000E+3	0.000000E+0	-2.161886E-3	-2.178693E-3	1.485805E-1	2.906165E+2	5.041504E+1	5.990000E+2
3.971048E+3	1.839000E+3	0.000000E+0	-6.222699E-3	-1.386277E-2	1.484875E-1	2.906067E+2	5.041504E+1	5.990000E+2
3.972152E+3	1.846000E+3	0.000000E+0	-1.808610E-2	-3.340835E-2	1.483241E-1	2.906094E+2	5.041504E+1	5.990000E+2
3.973258E+3	1.853000E+3	0.000000E+0	-3.266561E-2	-5.589577E-2	1.484807E-1	2.906078E+2	5.046387E+1	5.990000E+2
3.974361E+3	1.860000E+3	0.000000E+0	-4.745510E-2	-7.800473E-2	1.480156E-1	2.906103E+2	5.046387E+1	5.990000E+2
3.975465E+3	1.867000E+3	0.000000E+0	-5.852669E-2	-9.901051E-2	1.478636E-1	2.906164E+2	5.046387E+1	5.990000E+2
3.976568E+3	1.874000E+3	0.000000E+0	-6.373797E-2	-1.122720E-1	1.477978E-1	2.906180E+2	5.046387E+1	5.990000E+2
3.991933E+3	1.881000E+3	0.000000E+0	-6.574487E-2	-1.085985E-1	1.477955E-1	2.906202E+2	5.041504E+1	6.000000E+2
3.993037E+3	1.888000E+3	0.000000E+0	-4.183409E-2	-7.736639E-2	1.473009E-1	2.906188E+2	5.041504E+1	6.000000E+2
3.994141E+3	1.895000E+3	0.000000E+0	-1.937743E-2	-3.670125E-2	1.476526E-1	2.906207E+2	5.041504E+1	6.000000E+2
3.995244E+3	1.902000E+3	0.000000E+0	9.945041E-3	1.401837E-2	1.475051E-1	2.906175E+2	5.041504E+1	6.000000E+2
3.996348E+3	1.909000E+3	0.000000E+0	3.874261E-2	6.548212E-2	1.477728E-1	2.906120E+2	5.041504E+1	6.000000E+2
3.997451E+3	1.916000E+3	0.000000E+0	7.123770E-2	1.114264E-1	1.485692E-1	2.906191E+2	5.046387E+1	6.000000E+2
3.998555E+3	1.923000E+3	0.000000E+0	9.976281E-2	1.457777E-1	1.496401E-1	2.906146E+2	5.046387E+1	6.000000E+2
3.999655E+3	1.930000E+3	0.000000E+0	1.179905E-1	1.694586E-1	1.500712E-1	2.906168E+2	5.046387E+1	6.000000E+2
4.000757E+3	1.937000E+3	0.000000E+0	1.191104E-1	1.776769E-1	1.511830E-1	2.906258E+2	5.046387E+1	6.000000E+2
4.001857E+3	1.944000E+3	0.000000E+0	1.024315E-1	1.633700E-1	1.520179E-1	2.906163E+2	5.041504E+1	6.000000E+2
4.002959E+3	1.951000E+3	0.000000E+0	7.615623E-2	1.264043E-1	1.536062E-1	2.906154E+2	5.041504E+1	6.000000E+2
4.003962E+3	1.958000E+3	0.000000E+0	4.971943E-2	7.669783E-2	1.545864E-1	2.906200E+2	5.046387E+1	6.000000E+2
4.005063E+3	1.965000E+3	0.000000E+0	2.605779E-2	3.147076E-2	1.558866E-1	2.906251E+2	5.046387E+1	6.000000E+2
4.006168E+3	1.972000E+3	0.000000E+0	-3.928093E-4	-6.524025E-3	1.575704E-1	2.906251E+2	5.046387E+1	6.000000E+2
4.007272E+3	1.979000E+3	0.000000E+0	-2.198161E-2	-3.682192E-2	1.589069E-1	2.906239E+2	5.046387E+1	6.000000E+2
4.008375E+3	1.986000E+3	0.000000E+0	-3.594726E-2	-5.774574E-2	1.602754E-1	2.906172E+2	5.046387E+1	6.000000E+2
4.023815E+3	1.993000E+3	0.000000E+0	-4.017255E-2	-6.695990E-2	1.633437E-1	2.906280E+2	5.041504E+1	6.000000E+2
4.024915E+3	2.000000E+3	0.000000E+0	-3.774023E-2	-6.487805E-2	1.650008E-1	2.906206E+2	5.041504E+1	6.000000E+2
4.026019E+3	2.007000E+3	0.000000E+0	-2.904898E-2	-5.238699E-2	1.665895E-1	2.906281E+2	5.041504E+1	6.000000E+2
4.027121E+3	2.014000E+3	0.000000E+0	-1.935293E-2	-4.019954E-2	1.686848E-1	2.906354E+2	5.041504E+1	6.000000E+2
4.028225E+3	2.021000E+3	0.000000E+0	-1.595951E-2	-3.000907E-2	1.702854E-1	2.906401E+2	5.041504E+1	6.000000E+2
4.029330E+3	2.028000E+3	0.000000E+0	-1.288230E-2	-2.327296E-2	1.716793E-1	2.906367E+2	5.046387E+1	6.000000E+2
4.030435E+3	2.035000E+3	0.000000E+0	-1.227341E-2	-1.985520E-2	1.733665E-1	2.906430E+2	5.046387E+1	6.000000E+2
4.031540E+3	2.042000E+3	0.000000E+0	-1.143598E-2	-1.956439E-2	1.750830E-1	2.906408E+2	5.046387E+1	6.000000E+2
4.032643E+3	2.049000E+3	0.000000E+0	-1.069812E-2	-1.889526E-2	1.775403E-1	2.906374E+2	5.046387E+1	6.000000E+2
4.033744E+3	2.056000E+3	0.000000E+0	-1.049345E-2	-1.769836E-2	1.780978E-1	2.906404E+2	5.046387E+1	6.000000E+2
4.034747E+3	2.063000E+3	0.000000E+0	-8.784027E-3	-1.442033E-2	1.790694E-1	2.906416E+2	5.046387E+1	6.000000E+2
4.035850E+3	2.070000E+3	0.000000E+0	-8.137003E-3	-1.247023E-2	1.799118E-1	2.906314E+2	5.046387E+1	6.000000E+2
4.036953E+3	2.077000E+3	0.000000E+0	-6.323442E-3	-8.925372E-3	1.813527E-1	2.906257E+2	5.041504E+1	6.000000E+2
4.038057E+3	2.084000E+3	0.000000E+0	-4.814497E-3	-7.483279E-3	1.816517E-1	2.906311E+2	5.041504E+1	6.000000E+2
4.039160E+3	2.091000E+3	0.000000E+0	-3.924517E-3	-5.387528E-3	1.818489E-1	2.906252E+2	5.041504E+1	6.000000E+2
4.040262E+3	2.098000E+3	0.000000E+0	-3.209512E-3	-4.471104E-3	1.824055E-1	2.906309E+2	5.041504E+1	6.000000E+2
4.055512E+3	2.105000E+3	0.000000E+0	-3.113563E-3	-4.146312E-3	1.824183E-1	2.906116E+2	5.041504E+1	6.000000E+2
4.056617E+3	2.112000E+3	0.000000E+0	-2.725956E-3	-3.828879E-3	1.820039E-1	2.906137E+2	5.046387E+1	6.000000E+2
4.057719E+3	2.119000E+3	0.000000E+0	-3.040198E-3	-4.310463E-3	1.821584E-1	2.906150E+2	5.046387E+1	6.000000E+2
4.058821E+3	2.126000E+3	0.000000E+0	-3.071465E-3	-4.514407E-3	1.818216E-1	2.906206E+2	5.046387E+1	6.000000E+2
