7.716636E+3	2.131000E+3	0.000000E+0	-5.629291E-3	-9.090308E-3	1.816035E-1	2.906201E+2	5.080566E+1	8.990000E+2
7.717737E+3	8.500000E+2	0.000000E+0	-8.134951E-4	-1.851369E-3	6.912513E-2	2.905826E+2	5.080566E+1	8.990000E+2
7.718740E+3	8.570000E+2	0.000000E+0	-8.903494E-4	-1.723286E-3	2.720517E-2	2.906043E+2	5.080566E+1	8.990000E+2
7.719847E+3	8.640000E+2	0.000000E+0	-8.733450E-4	-1.564637E-3	2.747971E-2	2.905925E+2	5.078125E+1	8.990000E+2
7.720948E+3	8.710000E+2	0.000000E+0	-8.533021E-4	-1.172420E-3	2.831239E-2	2.905991E+2	5.078125E+1	8.990000E+2
7.722054E+3	8.780000E+2	0.000000E+0	-3.635426E-4	-5.189737E-4	2.994146E-2	2.906098E+2	5.080566E+1	8.990000E+2
7.723156E+3	8.850000E+2	0.000000E+0	8.161496E-5	2.527505E-4	3.049734E-2	2.906043E+2	5.078125E+1	8.990000E+2
7.724262E+3	8.920000E+2	0.000000E+0	6.232455E-4	1.022387E-3	3.122338E-2	2.906041E+2	5.078125E+1	8.990000E+2
7.725367E+3	8.990000E+2	0.000000E+0	9.404714E-4	1.833574E-3	3.212413E-2	2.906070E+2	5.078125E+1	8.990000E+2
7.726472E+3	9.060000E+2	0.000000E+0	1.526553E-3	2.359935E-3	3.291824E-2	2.906176E+2	5.078125E+1	8.990000E+2
7.727578E+3	9.130000E+2	0.000000E+0	1.565106E-3	2.675459E-3	3.373958E-2	2.906171E+2	5.078125E+1	8.990000E+2
7.728682E+3	9.200000E+2	0.000000E+0	1.697803E-3	2.634573E-3	3.428638E-2	2.906044E+2	5.078125E+1	8.990000E+2
7.744635E+3	9.270000E+2	0.000000E+0	1.579058E-3	2.502351E-3	3.558646E-2	2.906076E+2	5.080566E+1	8.980000E+2
7.745640E+3	9.340000E+2	0.000000E+0	1.186360E-3	2.217657E-3	3.630797E-2	2.906092E+2	5.080566E+1	8.980000E+2
7.746749E+3	9.410000E+2	0.000000E+0	7.827892E-4	1.416194E-3	3.699317E-2	2.906154E+2	5.078125E+1	8.980000E+2
7.747854E+3	9.480000E+2	0.000000E+0	1.390613E-4	4.710563E-4	3.791434E-2	2.906078E+2	5.078125E+1	8.980000E+2
7.748960E+3	9.550000E+2	0.000000E+0	-3.162014E-4	-2.699703E-4	3.868350E-2	2.906076E+2	5.080566E+1	8.980000E+2
7.750066E+3	9.620000E+2	0.000000E+0	-6.685794E-4	-9.245542E-4	3.945265E-2	2.906107E+2	5.080566E+1	8.980000E+2
7.751168E+3	9.690000E+2	0.000000E+0	-1.001598E-3	-1.651376E-3	4.092743E-2	2.906075E+2	5.078125E+1	8.980000E+2
7.752271E+3	9.760000E+2	0.000000E+0	-1.165344E-3	-1.928011E-3	4.221162E-2	2.906139E+2	5.078125E+1	8.980000E+2
7.753373E+3	9.830000E+2	0.000000E+0	-1.380085E-3	-2.376218E-3	4.300120E-2	2.906098E+2	5.078125E+1	8.980000E+2
7.754478E+3	9.900000E+2	0.000000E+0	-1.280333E-3	-2.315089E-3	4.367506E-2	2.906135E+2	5.078125E+1	8.980000E+2
7.755583E+3	9.970000E+2	0.000000E+0	-1.207442E-3	-2.192928E-3	4.473917E-2	2.906159E+2	5.080566E+1	8.980000E+2
7.756687E+3	1.004000E+3	0.000000E+0	-1.179312E-3	-2.256762E-3	4.539488E-2	2.906158E+2	5.080566E+1	8.980000E+2
7.757792E+3	1.011000E+3	0.000000E+0	-1.156760E-3	-1.856815E-3	4.659739E-2	2.906184E+2	5.080566E+1	8.980000E+2
7.758896E+3	1.018000E+3	0.000000E+0	-1.126608E-3	-1.913011E-3	4.731436E-2	2.906222E+2	5.078125E+1	8.980000E+2
7.759999E+3	1.025000E+3	0.000000E+0	-1.021858E-3	-1.905049E-3	4.803133E-2	2.906175E+2	5.078125E+1	8.980000E+2
7.761106E+3	1.032000E+3	0.000000E+0	-1.104787E-3	-2.034544E-3	4.909997E-2	2.906161E+2	5.078125E+1	8.980000E+2
7.777065E+3	1.039000E+3	0.000000E+0	-1.332676E-3	-2.424779E-3	5.021173E-2	2.906165E+2	5.078125E+1	9.010000E+2
7.778171E+3	1.046000E+3	0.000000E+0	-1.594168E-3	-2.828436E-3	5.135071E-2	2.906140E+2	5.078125E+1	9.010000E+2
7.779276E+3	1.053000E+3	0.000000E+0	-1.785158E-3	-3.296905E-3	5.223785E-2	2.906151E+2	5.080566E+1	9.010000E+2
7.780377E+3	1.060000E+3	0.000000E+0	-2.407963E-3	-3.760471E-3	5.284591E-2	2.906113E+2	5.080566E+1	9.010000E+2
7.781480E+3	1.067000E+3	0.000000E+0	-2.614367E-3	-4.456596E-3	5.382608E-2	2.906109E+2	5.080566E+1	9.010000E+2
7.782583E+3	1.074000E+3	0.000000E+0	-3.170328E-3	-5.471559E-3	5.454531E-2	2.906144E+2	5.080566E+1	9.010000E+2
7.783688E+3	1.081000E+3	0.000000E+0	-3.633583E-3	-6.465254E-3	5.487203E-2	2.906185E+2	5.080566E+1	9.010000E+2
7.784793E+3	1.088000E+3	0.000000E+0	-4.531075E-3	-7.928411E-3	5.583177E-2	2.906157E+2	5.080566E+1	9.010000E+2
7.785897E+3	1.095000E+3	0.000000E+0	-5.422461E-3	-1.010921E-2	5.621295E-2	2.906137E+2	5.080566E+1	9.010000E+2
7.786900E+3	1.102000E+3	0.000000E+0	-6.966014E-3	-1.281753E-2	5.689815E-2	2.906167E+2	5.080566E+1	9.010000E+2
7.788005E+3	1.109000E+3	0.000000E+0	-9.184823E-3	-1.655584E-2	5.760378E-2	2.906128E+2	5.080566E+1	9.010000E+2
7.789110E+3	1.116000E+3	0.000000E+0	-1.232502E-2	-2.132333E-2	5.848411E-2	2.906073E+2	5.080566E+1	9.010000E+2
7.790215E+3	1.123000E+3	0.000000E+0	-1.666628E-2	-2.785887E-2	5.938032E-2	2.906045E+2	5.080566E+1	9.010000E+2
7.791317E+3	1.130000E+3	0.000000E+0	-2.266054E-2	-3.673771E-2	5.989990E-2	2.906139E+2	5.080566E+1	9.010000E+2
7.792421E+3	1.137000E+3	0.000000E+0	-2.995353E-2	-5.080547E-2	6.028334E-2	2.906105E+2	5.080566E+1	9.010000E+2
7.793523E+3	1.144000E+3	0.000000E+0	-3.948716E-2	-7.285200E-2	6.071897E-2	2.906058E+2	5.080566E+1	9.010000E+2
7.809377E+3	1.151000E+3	0.000000E+0	-5.465014E-2	-1.053779E-1	6.078930E-2	2.906212E+2	5.080566E+1	8.990000E+2
7.810481E+3	1.158000E+3	0.000000E+0	-7.808726E-2	-1.367706E-1	6.115006E-2	2.906171E+2	5.080566E+1	8.990000E+2
7.811585E+3	1.165000E+3	0.000000E+0	-9.879234E-2	-1.754376E-1	6.141779E-2	2.906219E+2	5.080566E+1	8.990000E+2
7.812588E+3	1.172000E+3	0.000000E+0	-1.177070E-1	-2.059494E-1	6.150854E-2	2.906183E+2	5.080566E+1	8.990000E+2
7.813694E+3	1.179000E+3	0.000000E+0	-1.314800E-1	-2.208782E-1	6.184207E-2	2.906271E+2	5.080566E+1	8.990000E+2
7.814800E+3	1.186000E+3	0.000000E+0	-1.312133E-1	-2.084253E-1	6.214837E-2	2.906176E+2	5.080566E+1	8.990000E+2
7.815902E+3	1.193000E+3	0.000000E+0	-1.110211E-1	-1.605193E-1	6.254542E-2	2.906234E+2	5.080566E+1	8.990000E+2
7.817007E+3	1.200000E+3	0.000000E+0	-6.421030E-2	-8.655827E-2	6.276778E-2	2.906273E+2	5.080566E+1	8.990000E+2
7.818109E+3	1.207000E+3	0.000000E+0	-1.440797E-5	3.146028E-3	6.342575E-2	2.906202E+2	5.080566E+1	8.990000E+2
7.819213E+3	1.214000E+3	0.000000E+0	6.510009E-2	9.754317E-2	6.405197E-2	2.906188E+2	5.080566E+1	8.990000E+2
7.820317E+3	1.221000E+3	0.000000E+0	1.239451E-1	2.078210E-1	6.434239E-2	2.906197E+2	5.080566E+1	8.990000E+2
7.821419E+3	1.228000E+3	0.000000E+0	1.817749E-1	3.234918E-1	6.524540E-2	2.906248E+2	5.080566E+1	8.990000E+2
7.822522E+3	1.235000E+3	0.000000E+0	2.375660E-1	4.164426E-1	6.582397E-2	2.906186E+2	5.080566E+1	8.990000E+2
7.823629E+3	1.242000E+3	0.000000E+0	2.809279E-1	4.603357E-1	6.685632E-2	2.906125E+2	5.080566E+1	8.990000E+2
7.824732E+3	1.249000E+3	0.000000E+0	2.913223E-1	4.551486E-1	6.736682E-2	2.906187E+2	5.080566E+1	8.990000E+2
7.825838E+3	1.256000E+3	0.000000E+0	2.581195E-1	4.204514E-1	6.807925E-2	2.906096E+2	5.080566E+1	8.990000E+2
7.841588E+3	1.263000E+3	0.000000E+0	2.090573E-1	3.700321E-1	6.996924E-2	2.906206E+2	5.080566E+1	9.010000E+2
7.842689E+3	1.270000E+3	0.000000E+0	1.702207E-1	2.904041E-1	7.084957E-2	2.906251E+2	5.080566E+1	9.010000E+2
7.843792E+3	1.277000E+3	0.000000E+0	1.007331E-1	1.862538E-1	7.157107E-2	2.906273E+2	5.080566E+1	9.010000E+2
7.844895E+3	1.284000E+3	0.000000E+0	3.729056E-2	8.263180E-2	7.251266E-2	2.906180E+2	5.080566E+1	9.010000E+2
7.846001E+3	1.291000E+3	0.000000E+0	-1.170705E-2	-2.023353E-2	7.354501E-2	2.906237E+2	5.080566E+1	9.010000E+2
7.847105E+3	1.298000E+3	0.000000E+0	-5.419933E-2	-1.142572E-1	7.464315E-2	2.906274E+2	5.080566E+1	9.010000E+2
7.848212E+3	1.305000E+3	0.000000E+0	-9.212922E-2	-1.844603E-1	7.726372E-2	2.906280E+2	5.080566E+1	9.010000E+2
7.849315E+3	1.312000E+3	0.000000E+0	-1.160547E-1	-2.188356E-1	7.856153E-2	2.906206E+2	5.080566E+1	9.010000E+2
7.850419E+3	1.319000E+3	0.000000E+0	-1.243711E-1	-2.209298E-1	8.017925E-2	2.906165E+2	5.080566E+1	9.010000E+2
7.851523E+3	1.326000E+3	0.000000E+0	-1.141067E-1	-1.968789E-1	8.151790E-2	2.906242E+2	5.080566E+1	9.010000E+2
7.852626E+3	1.333000E+3	0.000000E+0	-9.252443E-2	-1.657045E-1	8.296546E-2	2.906239E+2	5.080566E+1	9.010000E+2
7.853730E+3	1.340000E+3	0.000000E+0	-6.985398E-2	-1.305344E-1	8.421560E-2	2.906201E+2	5.080566E+1	9.010000E+2
7.854834E+3	1.347000E+3	0.000000E+0	-5.198107E-2	-1.012258E-1	8.548392E-2	2.906170E+2	5.080566E+1	9.010000E+2
7.855938E+3	1.354000E+3	0.000000E+0	-4.041540E-2	-7.552961E-2	8.661387E-2	2.906191E+2	5.080566E+1	9.010000E+2
7.857043E+3	1.361000E+3	0.000000E+0	-3.085984E-2	-5.398362E-2	8.782097E-2	2.906129E+2	5.080566E+1	9.010000E+2
7.858146E+3	1.368000E+3	0.000000E+0	-2.212809E-2	-3.604070E-2	8.895087E-2	2.906199E+2	5.080566E+1	9.010000E+2
7.874008E+3	1.375000E+3	0.000000E+0	-1.481911E-2	-2.470121E-2	9.157399E-2	2.906188E+2	5.080566E+1	8.990000E+2
7.875111E+3	1.382000E+3	0.000000E+0	-1.186602E-2	-1.945449E-2	9.199593E-2	2.906217E+2	5.080566E+1	8.990000E+2
7.876217E+3	1.389000E+3	0.000000E+0	-8.756671E-3	-1.457156E-2	9.380209E-2	2.906260E+2	5.080566E+1	8.990000E+2
7.877319E+3	1.396000E+3	0.000000E+0	-6.956502E-3	-1.157955E-2	9.480746E-2	2.906258E+2	5.080566E+1	8.990000E+2
7.878421E+3	1.403000E+3	0.000000E+0	-5.666395E-3	-9.739581E-3	9.611230E-2	2.906304E+2	5.080566E+1	8.990000E+2
7.879523E+3	1.410000E+3	0.000000E+0	-4.857620E-3	-8.457014E-3	9.723782E-2	2.906312E+2	5.080566E+1	8.990000E+2
7.880625E+3	1.417000E+3	0.000000E+0	-4.156354E-3	-7.352663E-3	9.802778E-2	2.906181E+2	5.080566E+1	8.990000E+2
7.881727E+3	1.424000E+3	0.000000E+0	-3.872457E-3	-6.582972E-3	9.890825E-2	2.906219E+2	5.080566E+1	8.990000E+2
7.882832E+3	1.431000E+3	0.000000E+0	-3.451095E-3	-5.699406E-3	9.998668E-2	2.906286E+2	5.080566E+1	8.990000E+2
7.883935E+3	1.438000E+3	0.000000E+0	-2.865962E-3	-4.839635E-3	1.006357E-1	2.906314E+2	5.080566E+1	8.990000E+2
7.885040E+3	1.445000E+3	0.000000E+0	-2.564605E-3	-4.211733E-3	1.015141E-1	2.906307E+2	5.078125E+1	8.990000E+2
7.886143E+3	1.452000E+3	0.000000E+0	-2.078146E-3	-3.412429E-3	1.022339E-1	2.906224E+2	5.080566E+1	8.990000E+2
7.887245E+3	1.459000E+3	0.000000E+0	-1.776166E-3	-2.960675E-3	1.040707E-1	2.906170E+2	5.080566E+1	8.990000E+2
7.888348E+3	1.466000E+3	0.000000E+0	-1.459121E-3	-2.975574E-3	1.046544E-1	2.906290E+2	5.080566E+1	8.990000E+2
7.889352E+3	1.473000E+3	0.000000E+0	-1.558188E-3	-3.085347E-3	1.054766E-1	2.906170E+2	5.080566E+1	8.990000E+2
7.890456E+3	1.480000E+3	0.000000E+0	-1.775388E-3	-3.405591E-3	1.057648E-1	2.906189E+2	5.080566E+1	8.990000E+2
7.906410E+3	1.487000E+3	0.000000E+0	-2.017551E-3	-3.753926E-3	1.065482E-1	2.906149E+2	5.080566E+1	8.970000E+2
7.907512E+3	1.494000E+3	0.000000E+0	-2.528544E-3	-4.589316E-3	1.073297E-1	2.906172E+2	5.080566E+1	8.970000E+2
7.908617E+3	1.501000E+3	0.000000E+0	-2.880483E-3	-5.223797E-3	1.078754E-1	2.906130E+2	5.080566E+1	8.970000E+2
7.909724E+3	1.508000E+3	0.000000E+0	-3.298869E-3	-5.756144E-3	1.083888E-1	2.906208E+2	5.080566E+1	8.970000E+2
7.910829E+3	1.515000E+3	0.000000E+0	-3.514253E-3	-6.302402E-3	1.086091E-1	2.906010E+2	5.080566E+1	8.970000E+2
7.911933E+3	1.522000E+3	0.000000E+0	-3.838499E-3	-6.230486E-3	1.085701E-1	2.906024E+2	5.080566E+1	8.970000E+2
7.913035E+3	1.529000E+3	0.000000E+0	-3.777762E-3	-6.197627E-3	1.095230E-1	2.906110E+2	5.080566E+1	8.970000E+2
7.914138E+3	1.536000E+3	0.000000E+0	-3.781959E-3	-6.307557E-3	1.097391E-1	2.906132E+2	5.080566E+1	8.970000E+2
7.915244E+3	1.543000E+3	0.000000E+0	-3.941516E-3	-6.104884E-3	1.104052E-1	2.906139E+2	5.080566E+1	8.970000E+2
7.916249E+3	1.550000E+3	0.000000E+0	-3.888914E-3	-6.866303E-3	1.107462E-1	2.906156E+2	5.080566E+1	8.970000E+2
7.917356E+3	1.557000E+3	0.000000E+0	-4.831146E-3	-9.454696E-3	1.109940E-1	2.906083E+2	5.080566E+1	8.970000E+2
7.918464E+3	1.564000E+3	0.000000E+0	-7.544433E-3	-1.326842E-2	1.113217E-1	2.906117E+2	5.080566E+1	8.970000E+2
7.919570E+3	1.571000E+3	0.000000E+0	-1.142994E-2	-1.779445E-2	1.119607E-1	2.906126E+2	5.080566E+1	8.970000E+2
7.920673E+3	1.578000E+3	0.000000E+0	-1.542583E-2	-2.516660E-2	1.121245E-1	2.906123E+2	5.080566E+1	8.970000E+2
7.921779E+3	1.585000E+3	0.000000E+0	-2.115424E-2	-4.005540E-2	1.126383E-1	2.906186E+2	5.080566E+1	8.970000E+2
7.922884E+3	1.592000E+3	0.000000E+0	-3.231613E-2	-6.479954E-2	1.129906E-1	2.906199E+2	5.080566E+1	8.970000E+2
7.938636E+3	1.599000E+3	0.000000E+0	-5.189836E-2	-9.447510E-2	1.134134E-1	2.906187E+2	5.080566E+1	9.010000E+2
7.939737E+3	1.606000E+3	0.000000E+0	-6.957852E-2	-1.255045E-1	1.143160E-1	2.906146E+2	5.080566E+1	9.010000E+2
7.940842E+3	1.613000E+3	0.000000E+0	-9.196132E-2	-1.591343E-1	1.149547E-1	2.906174E+2	5.080566E+1	9.010000E+2
7.941945E+3	1.620000E+3	0.000000E+0	-1.107887E-1	-1.918896E-1	1.154616E-1	2.906334E+2	5.080566E+1	9.010000E+2
7.943050E+3	1.627000E+3	0.000000E+0	-1.255570E-1	-2.209025E-1	1.153978E-1	2.906243E+2	5.080566E+1	9.010000E+2
7.944155E+3	1.634000E+3	0.000000E+0	-1.347639E-1	-2.384212E-1	1.166109E-1	2.906240E+2	5.080566E+1	9.010000E+2
7.945260E+3	1.641000E+3	0.000000E+0	-1.378376E-1	-2.227211E-1	1.172630E-1	2.906223E+2	5.080566E+1	9.010000E+2
7.946363E+3	1.648000E+3	0.000000E+0	-1.140614E-1	-1.726759E-1	1.178169E-1	2.906222E+2	5.080566E+1	9.010000E+2
7.947464E+3	1.655000E+3	0.000000E+0	-6.556709E-2	-1.039543E-1	1.186865E-1	2.906238E+2	5.080566E+1	9.010000E+2
7.948571E+3	1.662000E+3	0.000000E+0	-3.172774E-3	-2.154305E-2	1.200420E-1	2.906202E+2	5.080566E+1	9.010000E+2
7.949675E+3	1.669000E+3	0.000000E+0	5.235577E-2	7.385178E-2	1.209842E-1	2.906220E+2	5.080566E+1	9.010000E+2
7.950780E+3	1.676000E+3	0.000000E+0	1.153055E-1	1.965627E-1	1.220123E-1	2.906186E+2	5.080566E+1	9.010000E+2
7.951883E+3	1.683000E+3	0.000000E+0	1.817405E-1	3.161046E-1	1.229496E-1	2.906233E+2	5.080566E+1	9.010000E+2
7.952987E+3	1.690000E+3	0.000000E+0	2.416266E-1	3.970094E-1	1.238688E-1	2.906197E+2	5.080566E+1	9.010000E+2
7.954089E+3	1.697000E+3	0.000000E+0	2.739717E-1	4.440793E-1	1.251033E-1	2.906204E+2	5.080566E+1	9.010000E+2
7.955193E+3	1.704000E+3	0.000000E+0	2.725069E-1	4.687352E-1	1.275678E-1	2.906177E+2	5.080566E+1	9.010000E+2
7.971040E+3	1.711000E+3	0.000000E+0	2.572767E-1	4.762827E-1	1.286684E-1	2.906109E+2	5.080566E+1	9.010000E+2
7.972147E+3	1.718000E+3	0.000000E+0	2.620512E-1	4.284413E-1	1.286684E-1	2.906109E+2	5.080566E+1	9.010000E+2
7.973251E+3	1.725000E+3	0.000000E+0	2.031468E-1	3.372528E-1	1.286684E-1	2.906109E+2	5.080566E+1	9.010000E+2
7.974354E+3	1.732000E+3	0.000000E+0	1.437999E-1	2.477710E-1	1.286684E-1	2.906109E+2	5.080566E+1	9.010000E+2
7.975458E+3	1.739000E+3	0.000000E+0	8.013093E-2	1.375563E-1	1.286684E-1	2.906109E+2	5.080566E+1	9.010000E+2
7.976563E+3	1.746000E+3	0.000000E+0	1.769733E-2	1.246517E-2	1.286684E-1	2.906109E+2	5.080566E+1	9.010000E+2
7.977668E+3	1.753000E+3	0.000000E+0	-4.517251E-2	-1.014444E-1	1.286684E-1	2.906109E+2	5.080566E+1	9.010000E+2
7.978774E+3	1.760000E+3	0.000000E+0	-1.045088E-1	-1.846049E-1	1.286684E-1	2.906109E+2	5.080566E+1	9.010000E+2
7.979876E+3	1.767000E+3	0.000000E+0	-1.391069E-1	-2.179962E-1	1.286684E-1	2.906109E+2	5.080566E+1	9.010000E+2
7.980983E+3	1.774000E+3	0.000000E+0	-1.393995E-1	-2.282783E-1	1.286684E-1	2.906109E+2	5.080566E+1	9.010000E+2
7.982086E+3	1.781000E+3	0.000000E+0	-1.280085E-1	-2.232613E-1	1.286684E-1	2.906109E+2	5.080566E+1	9.010000E+2
7.983187E+3	1.788000E+3	0.000000E+0	-1.156389E-1	-2.023568E-1	1.286684E-1	2.906109E+2	5.080566E+1	9.010000E+2
7.984292E+3	1.795000E+3	0.000000E+0	-9.484808E-2	-1.649960E-1	1.286684E-1	2.906109E+2	5.080566E+1	9.010000E+2
7.985395E+3	1.802000E+3	0.000000E+0	-6.835505E-2	-1.267124E-1	1.286684E-1	2.906109E+2	5.080566E+1	9.010000E+2
7.986498E+3	1.809000E+3	0.000000E+0	-4.969484E-2	-9.665613E-2	1.286684E-1	2.906109E+2	5.080566E+1	9.010000E+2
7.987501E+3	1.816000E+3	0.000000E+0	-3.965514E-2	-6.843523E-2	1.286684E-1	2.906109E+2	5.080566E+1	9.010000E+2
8.003459E+3	1.823000E+3	0.000000E+0	-2.930957E-2	-4.253684E-2	1.286684E-1	2.906109E+2	5.080566E+1	8.970000E+2
8.004563E+3	1.830000E+3	0.000000E+0	-2.523794E-2	-4.013974E-2	1.286684E-1	2.906109E+2	5.080566E+1	8.970000E+2
8.005670E+3	1.837000E+3	0.000000E+0	-2.508778E-2	-3.656183E-2	1.286684E-1	2.906109E+2	5.080566E+1	8.970000E+2
8.006774E+3	1.844000E+3	0.000000E+0	-2.769483E-2	-4.469605E-2	1.286684E-1	2.906109E+2	5.085449E+1	8.970000E+2
8.007878E+3	1.851000E+3	0.000000E+0	-3.570261E-2	-6.443837E-2	1.286684E-1	2.906109E+2	5.085449E+1	8.970000E+2
8.008980E+3	1.858000E+3	0.000000E+0	-4.802610E-2	-8.461837E-2	1.286684E-1	2.906109E+2	5.080566E+1	8.970000E+2
8.010083E+3	1.865000E+3	0.000000E+0	-5.605750E-2	-9.607122E-2	1.286684E-1	2.906109E+2	5.080566E+1	8.970000E+2
8.011088E+3	1.872000E+3	0.000000E+0	-5.624060E-2	-9.782783E-2	1.286684E-1	2.906109E+2	5.080566E+1	8.970000E+2
8.012192E+3	1.879000E+3	0.000000E+0	-4.817922E-2	-9.403168E-2	1.286684E-1	2.906109E+2	5.080566E+1	8.970000E+2
8.013294E+3	1.886000E+3	0.000000E+0	-3.792009E-2	-7.885057E-2	1.286684E-1	2.906109E+2	5.080566E+1	8.970000E+2
8.014398E+3	1.893000E+3	0.000000E+0	-2.435723E-2	-4.391842E-2	1.286684E-1	2.906109E+2	5.080566E+1	8.970000E+2
8.015503E+3	1.900000E+3	0.000000E+0	-2.461219E-3	6.654407E-3	1.286684E-1	2.906109E+2	5.080566E+1	8.970000E+2
8.016608E+3	1.907000E+3	0.000000E+0	3.009206E-2	5.504749E-2	1.286684E-1	2.906109E+2	5.080566E+1	8.970000E+2
8.017710E+3	1.914000E+3	0.000000E+0	5.635558E-2	9.516589E-2	1.286684E-1	2.906109E+2	5.080566E+1	8.970000E+2
8.018812E+3	1.921000E+3	0.000000E+0	7.139456E-2	1.319459E-1	1.286684E-1	2.906109E+2	5.080566E+1	8.970000E+2
8.019915E+3	1.928000E+3	0.000000E+0	8.565535E-2	1.642008E-1	1.286684E-1	2.906109E+2	5.080566E+1	8.970000E+2
8.035859E+3	1.935000E+3	0.000000E+0	9.997227E-2	1.729419E-1	1.286684E-1	2.906109E+2	5.080566E+1	8.990000E+2
8.036960E+3	1.942000E+3	0.000000E+0	9.891406E-2	1.552152E-1	1.286684E-1	2.906109E+2	5.080566E+1	8.990000E+2
8.038063E+3	1.949000E+3	0.000000E+0	8.142057E-2	1.359459E-1	1.286684E-1	2.906109E+2	5.080566E+1	8.990000E+2
8.039164E+3	1.956000E+3	0.000000E+0	6.255519E-2	1.114196E-1	1.286684E-1	2.906109E+2	5.080566E+1	8.990000E+2
8.040266E+3	1.963000E+3	0.000000E+0	4.459003E-2	7.410270E-2	1.286684E-1	2.906109E+2	5.080566E+1	8.990000E+2
8.041370E+3	1.970000E+3	0.000000E+0	2.289687E-2	3.185872E-2	1.286684E-1	2.906109E+2	5.085449E+1	8.990000E+2
8.042473E+3	1.977000E+3	0.000000E+0	-3.367775E-3	-6.646890E-3	1.286684E-1	2.906109E+2	5.085449E+1	8.990000E+2
8.043478E+3	1.984000E+3	0.000000E+0	-2.452751E-2	-3.424048E-2	1.286684E-1	2.906109E+2	5.080566E+1	8.990000E+2
8.044581E+3	1.991000E+3	0.000000E+0	-3.555400E-2	-5.152642E-2	1.286684E-1	2.906109E+2	5.080566E+1	8.990000E+2
8.045682E+3	1.998000E+3	0.000000E+0	-3.766348E-2	-6.047140E-2	1.286684E-1	2.906109E+2	5.080566E+1	8.990000E+2
8.046789E+3	2.005000E+3	0.000000E+0	-3.529688E-2	-6.293897E-2	1.286684E-1	2.906109E+2	5.080566E+1	8.990000E+2
8.047894E+3	2.012000E+3	0.000000E+0	-3.127793E-2	-5.861129E-2	1.286684E-1	2.906109E+2	5.085449E+1	8.990000E+2
8.048999E+3	2.019000E+3	0.000000E+0	-2.705777E-2	-5.021686E-2	1.286684E-1	2.906109E+2	5.080566E+1	8.990000E+2
8.050104E+3	2.026000E+3	0.000000E+0	-2.302255E-2	-4.098875E-2	1.286684E-1	2.906109E+2	5.080566E+1	8.990000E+2
8.051210E+3	2.033000E+3	0.000000E+0	-1.888905E-2	-3.304310E-2	1.286684E-1	2.906109E+2	5.080566E+1	8.990000E+2
8.052315E+3	2.040000E+3	0.000000E+0	-1.570090E-2	-2.802739E-2	1.286684E-1	2.906109E+2	5.080566E+1	8.990000E+2
8.068163E+3	2.047000E+3	0.000000E+0	-1.381844E-2	-2.560611E-2	1.286684E-1	2.906109E+2	5.080566E+1	9.010000E+2
8.069264E+3	2.054000E+3	0.000000E+0	-1.337925E-2	-2.407165E-2	1.286684E-1	2.906109E+2	5.080566E+1	9.010000E+2
8.070369E+3	2.061000E+3	0.000000E+0	-1.240310E-2	-2.210921E-2	1.286684E-1	2.906109E+2	5.080566E+1	9.010000E+2
8.071472E+3	2.068000E+3	0.000000E+0	-1.092082E-2	-1.991553E-2	1.286684E-1	2.906109E+2	5.080566E+1	9.010000E+2
8.072578E+3	2.075000E+3	0.000000E+0	-9.206533E-3	-1.709187E-2	1.286684E-1	2.906109E+2	5.080566E+1	9.010000E+2
8.073681E+3	2.082000E+3	0.000000E+0	-7.809704E-3	-1.448155E-2	1.286684E-1	2.906109E+2	5.085449E+1	9.010000E+2
8.074782E+3	2.089000E+3	0.000000E+0	-6.935639E-3	-1.166103E-2	1.286684E-1	2.906109E+2	5.085449E+1	9.010000E+2
8.075887E+3	2.096000E+3	0.000000E+0	-5.998030E-3	-9.512533E-3	1.286684E-1	2.906109E+2	5.080566E+1	9.010000E+2
8.076989E+3	2.103000E+3	0.000000E+0	-5.042272E-3	-8.124068E-3	1.286684E-1	2.906109E+2	5.080566E+1	9.010000E+2
8.078094E+3	2.110000E+3	0.000000E+0	-4.601118E-3	-7.576898E-3	1.286684E-1	2.906109E+2	5.085449E+1	9.010000E+2
8.079200E+3	2.117000E+3	0.000000E+0	-4.679858E-3	-8.028029E-3	1.286684E-1	2.906109E+2	5.085449E+1	9.010000E+2
8.080305E+3	2.124000E+3	0.000000E+0	-5.060694E-3	-8.445056E-3	1.286684E-1	2.906109E+2	5.080566E+1	9.010000E+2
