4.059923E+3	2.133000E+3	0.000000E+0	-2.937121E-3	-5.045524E-3	1.814121E-1	2.906218E+2	5.046387E+1	6.000000E+2
4.061024E+3	8.500000E+2	0.000000E+0	-9.634556E-4	-1.724904E-3	3.549124E-2	2.905985E+2	5.046387E+1	6.000000E+2
4.062129E+3	8.570000E+2	0.000000E+0	-8.284983E-4	-2.178416E-3	2.676728E-2	2.906027E+2	5.046387E+1	6.000000E+2
4.063235E+3	8.640000E+2	0.000000E+0	-1.188780E-3	-2.316607E-3	2.740937E-2	2.905853E+2	5.046387E+1	6.000000E+2
4.064239E+3	8.710000E+2	0.000000E+0	-9.248890E-4	-1.530044E-3	2.827609E-2	2.905949E+2	5.046387E+1	6.000000E+2
4.065344E+3	8.780000E+2	0.000000E+0	-4.992221E-4	-9.298591E-4	2.887508E-2	2.906034E+2	5.046387E+1	6.000000E+2
4.066445E+3	8.850000E+2	0.000000E+0	7.571426E-6	1.519591E-5	2.966692E-2	2.906081E+2	5.046387E+1	6.000000E+2
4.067551E+3	8.920000E+2	0.000000E+0	4.835934E-4	9.420465E-4	3.142304E-2	2.906094E+2	5.046387E+1	6.000000E+2
4.068657E+3	8.990000E+2	0.000000E+0	1.004100E-3	2.132521E-3	3.218312E-2	2.906146E+2	5.046387E+1	6.000000E+2
4.069760E+3	9.060000E+2	0.000000E+0	1.738060E-3	2.496855E-3	3.289782E-2	2.906181E+2	5.046387E+1	6.000000E+2
4.070863E+3	9.130000E+2	0.000000E+0	2.016265E-3	3.232165E-3	3.385529E-2	2.906110E+2	5.046387E+1	6.000000E+2
4.071966E+3	9.200000E+2	0.000000E+0	2.038612E-3	2.957984E-3	3.472201E-2	2.906228E+2	5.046387E+1	6.000000E+2
4.087214E+3	9.270000E+2	0.000000E+0	2.155551E-3	2.863696E-3	3.575209E-2	2.906268E+2	5.046387E+1	6.000000E+2
4.088219E+3	9.340000E+2	0.000000E+0	1.542410E-3	2.351776E-3	3.638965E-2	2.906215E+2	5.046387E+1	6.000000E+2
4.089323E+3	9.410000E+2	0.000000E+0	8.304226E-4	1.527398E-3	3.721779E-2	2.906311E+2	5.046387E+1	6.000000E+2
4.090425E+3	9.480000E+2	0.000000E+0	4.625887E-4	5.675626E-4	3.790980E-2	2.906232E+2	5.046387E+1	6.000000E+2
4.091530E+3	9.550000E+2	0.000000E+0	-3.280827E-4	-7.338416E-4	3.959105E-2	2.906122E+2	5.046387E+1	6.000000E+2
4.092637E+3	9.620000E+2	0.000000E+0	-8.682632E-4	-1.332554E-3	4.038063E-2	2.906041E+2	5.046387E+1	6.000000E+2
4.093741E+3	9.690000E+2	0.000000E+0	-1.214135E-3	-1.721866E-3	4.113844E-2	2.906111E+2	5.046387E+1	6.000000E+2
4.094843E+3	9.760000E+2	0.000000E+0	-1.157570E-3	-2.170411E-3	4.222977E-2	2.906058E+2	5.046387E+1	6.000000E+2
4.095945E+3	9.830000E+2	0.000000E+0	-1.169891E-3	-2.061354E-3	4.288775E-2	2.906155E+2	5.046387E+1	6.000000E+2
4.097047E+3	9.900000E+2	0.000000E+0	-1.276804E-3	-1.803216E-3	4.377035E-2	2.906152E+2	5.046387E+1	6.000000E+2
4.098153E+3	9.970000E+2	0.000000E+0	-9.115172E-4	-1.619188E-3	4.453950E-2	2.906197E+2	5.046387E+1	6.000000E+2
4.099258E+3	1.004000E+3	0.000000E+0	-6.897789E-4	-8.786366E-4	4.542210E-2	2.906135E+2	5.046387E+1	6.000000E+2
4.100359E+3	1.011000E+3	0.000000E+0	-5.424487E-4	-1.042496E-3	4.615042E-2	2.906115E+2	5.046387E+1	6.000000E+2
4.101463E+3	1.018000E+3	0.000000E+0	-6.731862E-5	-9.048472E-4	4.654747E-2	2.906155E+2	5.046387E+1	6.000000E+2
4.102566E+3	1.025000E+3	0.000000E+0	-4.715490E-4	-6.797527E-4	4.838074E-2	2.906148E+2	5.046387E+1	6.000000E+2
4.103668E+3	1.032000E+3	0.000000E+0	-7.923249E-5	-6.510054E-4	4.936317E-2	2.906144E+2	5.046387E+1	6.000000E+2
4.119114E+3	1.039000E+3	0.000000E+0	-4.255100E-4	-1.234149E-3	4.988274E-2	2.906249E+2	5.046387E+1	5.990000E+2
4.120216E+3	1.046000E+3	0.000000E+0	-8.065899E-4	-1.098929E-3	5.070408E-2	2.906251E+2	5.046387E+1	5.990000E+2
4.121317E+3	1.053000E+3	0.000000E+0	-8.145028E-4	-1.830539E-3	5.148004E-2	2.906251E+2	5.046387E+1	5.990000E+2
4.122421E+3	1.060000E+3	0.000000E+0	-1.512204E-3	-2.101012E-3	5.196332E-2	2.906193E+2	5.046387E+1	5.990000E+2
4.123526E+3	1.067000E+3	0.000000E+0	-7.030399E-4	-2.753736E-3	5.329062E-2	2.906258E+2	5.046387E+1	5.990000E+2
4.124629E+3	1.074000E+3	0.000000E+0	-1.993360E-3	-2.575019E-3	5.428212E-2	2.906253E+2	5.046387E+1	5.990000E+2
4.125733E+3	1.081000E+3	0.000000E+0	-2.090944E-3	-3.552643E-3	5.515565E-2	2.906257E+2	5.046387E+1	5.990000E+2
4.126838E+3	1.088000E+3	0.000000E+0	-3.010976E-3	-3.752941E-3	5.578186E-2	2.906245E+2	5.046387E+1	5.990000E+2
4.127941E+3	1.095000E+3	0.000000E+0	-2.888457E-3	-5.214415E-3	5.649202E-2	2.906263E+2	5.046387E+1	5.990000E+2
4.129042E+3	1.102000E+3	0.000000E+0	-3.862127E-3	-6.063538E-3	5.712958E-2	2.906206E+2	5.046387E+1	5.990000E+2
4.130149E+3	1.109000E+3	0.000000E+0	-4.436195E-3	-7.772195E-3	5.783521E-2	2.906168E+2	5.046387E+1	5.990000E+2
4.131251E+3	1.116000E+3	0.000000E+0	-5.972472E-3	-9.971057E-3	5.832529E-2	2.906317E+2	5.046387E+1	5.990000E+2
4.132357E+3	1.123000E+3	0.000000E+0	-7.209665E-3	-1.370163E-2	5.867016E-2	2.906273E+2	5.046387E+1	5.990000E+2
4.133460E+3	1.130000E+3	0.000000E+0	-9.850668E-3	-1.897201E-2	5.926234E-2	2.906181E+2	5.046387E+1	5.990000E+2
4.134563E+3	1.137000E+3	0.000000E+0	-1.372426E-2	-2.683122E-2	6.033779E-2	2.906163E+2	5.046387E+1	5.990000E+2
4.135667E+3	1.144000E+3	0.000000E+0	-2.092787E-2	-4.020731E-2	6.079611E-2	2.906222E+2	5.046387E+1	5.990000E+2
4.150827E+3	1.151000E+3	0.000000E+0	-3.309606E-2	-6.069496E-2	6.102300E-2	2.906291E+2	5.046387E+1	5.960000E+2
4.151932E+3	1.158000E+3	0.000000E+0	-5.533180E-2	-9.080245E-2	6.136333E-2	2.906368E+2	5.046387E+1	5.960000E+2
4.153037E+3	1.165000E+3	0.000000E+0	-8.162442E-2	-1.324622E-1	6.130661E-2	2.906372E+2	5.046387E+1	5.960000E+2
4.154138E+3	1.172000E+3	0.000000E+0	-1.082967E-1	-1.831562E-1	6.161518E-2	2.906251E+2	5.046387E+1	5.960000E+2
4.155240E+3	1.179000E+3	0.000000E+0	-1.367614E-1	-2.259568E-1	6.175131E-2	2.906244E+2	5.046387E+1	5.960000E+2
4.156341E+3	1.186000E+3	0.000000E+0	-1.532863E-1	-2.451798E-1	6.182165E-2	2.906296E+2	5.046387E+1	5.960000E+2
4.157448E+3	1.193000E+3	0.000000E+0	-1.542457E-1	-2.294224E-1	6.240929E-2	2.906313E+2	5.046387E+1	5.960000E+2
4.158552E+3	1.200000E+3	0.000000E+0	-1.291666E-1	-1.717142E-1	6.245013E-2	2.906265E+2	5.046387E+1	5.960000E+2
4.159656E+3	1.207000E+3	0.000000E+0	-7.247669E-2	-7.612190E-2	6.312172E-2	2.906301E+2	5.046387E+1	5.960000E+2
4.160762E+3	1.214000E+3	0.000000E+0	7.785599E-3	4.728106E-2	6.367306E-2	2.906262E+2	5.046387E+1	5.960000E+2
4.161867E+3	1.221000E+3	0.000000E+0	1.005112E-1	1.827848E-1	6.422213E-2	2.906250E+2	5.046387E+1	5.960000E+2
4.162969E+3	1.228000E+3	0.000000E+0	1.845387E-1	3.008960E-1	6.481658E-2	2.906244E+2	5.046387E+1	5.960000E+2
4.164074E+3	1.235000E+3	0.000000E+0	2.524009E-1	3.987359E-1	6.542465E-2	2.906255E+2	5.046387E+1	5.960000E+2
4.165077E+3	1.242000E+3	0.000000E+0	2.852779E-1	4.618774E-1	6.608263E-2	2.906265E+2	5.046387E+1	5.960000E+2
4.166281E+3	1.249000E+3	0.000000E+0	2.948435E-1	4.842303E-1	6.685405E-2	2.906300E+2	5.046387E+1	5.960000E+2
4.167288E+3	1.256000E+3	0.000000E+0	2.702616E-1	4.520272E-1	6.748253E-2	2.906267E+2	5.046387E+1	5.960000E+2
4.182639E+3	1.263000E+3	0.000000E+0	2.247323E-1	3.810952E-1	6.897546E-2	2.906272E+2	5.046387E+1	6.000000E+2
4.183742E+3	1.270000E+3	0.000000E+0	1.648016E-1	2.684937E-1	7.005545E-2	2.906197E+2	5.046387E+1	6.000000E+2
4.184847E+3	1.277000E+3	0.000000E+0	7.248425E-2	1.252139E-1	7.140544E-2	2.906228E+2	5.046387E+1	6.000000E+2
4.185951E+3	1.284000E+3	0.000000E+0	-1.378520E-2	-1.607285E-2	7.254897E-2	2.906283E+2	5.046387E+1	6.000000E+2
4.187054E+3	1.291000E+3	0.000000E+0	-8.443263E-2	-1.328846E-1	7.377190E-2	2.906283E+2	5.046387E+1	6.000000E+2
4.188160E+3	1.298000E+3	0.000000E+0	-1.319735E-1	-2.121999E-1	7.492903E-2	2.906275E+2	5.046387E+1	6.000000E+2
4.189263E+3	1.305000E+3	0.000000E+0	-1.542405E-1	-2.477165E-1	7.626314E-2	2.906231E+2	5.046387E+1	6.000000E+2
4.190267E+3	1.312000E+3	0.000000E+0	-1.483338E-1	-2.432326E-1	7.755187E-2	2.906274E+2	5.048828E+1	6.000000E+2
4.191469E+3	1.319000E+3	0.000000E+0	-1.318139E-1	-2.131242E-1	7.871808E-2	2.906247E+2	5.048828E+1	6.000000E+2
4.192474E+3	1.326000E+3	0.000000E+0	-1.046695E-1	-1.672301E-1	8.028362E-2	2.906324E+2	5.046387E+1	6.000000E+2
4.193577E+3	1.333000E+3	0.000000E+0	-7.573889E-2	-1.192332E-1	8.257066E-2	2.906267E+2	5.046387E+1	6.000000E+2
4.194680E+3	1.340000E+3	0.000000E+0	-5.289977E-2	-8.041020E-2	8.416570E-2	2.906315E+2	5.046387E+1	6.000000E+2
4.195784E+3	1.347000E+3	0.000000E+0	-3.521554E-2	-5.315533E-2	8.582653E-2	2.906363E+2	5.046387E+1	6.000000E+2
4.196890E+3	1.354000E+3	0.000000E+0	-2.336345E-2	-3.450774E-2	8.635971E-2	2.906278E+2	5.046387E+1	6.000000E+2
4.197994E+3	1.361000E+3	0.000000E+0	-1.517411E-2	-2.289390E-2	8.822249E-2	2.906408E+2	5.048828E+1	6.000000E+2
4.199096E+3	1.368000E+3	0.000000E+0	-1.043050E-2	-1.552619E-2	8.947268E-2	2.906370E+2	5.048828E+1	6.000000E+2
4.214343E+3	1.375000E+3	0.000000E+0	-7.119150E-3	-1.108101E-2	9.125837E-2	2.906364E+2	5.046387E+1	6.000000E+2
4.215349E+3	1.382000E+3	0.000000E+0	-5.157749E-3	-8.193946E-3	9.106321E-2	2.906378E+2	5.046387E+1	6.000000E+2
4.216451E+3	1.389000E+3	0.000000E+0	-4.351830E-3	-6.713198E-3	9.259709E-2	2.906404E+2	5.048828E+1	6.000000E+2
4.217555E+3	1.396000E+3	0.000000E+0	-3.615898E-3	-5.747139E-3	9.473923E-2	2.906381E+2	5.048828E+1	6.000000E+2
4.218658E+3	1.403000E+3	0.000000E+0	-2.895792E-3	-5.153017E-3	9.626427E-2	2.906356E+2	5.048828E+1	6.000000E+2
4.219763E+3	1.410000E+3	0.000000E+0	-2.705973E-3	-4.590034E-3	9.767817E-2	2.906410E+2	5.048828E+1	6.000000E+2
4.220869E+3	1.417000E+3	0.000000E+0	-2.658191E-3	-4.486687E-3	9.858577E-2	2.906375E+2	5.048828E+1	6.000000E+2
4.221974E+3	1.424000E+3	0.000000E+0	-2.427831E-3	-3.495377E-3	9.950035E-2	2.906364E+2	5.048828E+1	6.000000E+2
4.223078E+3	1.431000E+3	0.000000E+0	-1.709919E-3	-3.039023E-3	9.981321E-2	2.906388E+2	5.046387E+1	6.000000E+2
4.224178E+3	1.438000E+3	0.000000E+0	-2.337954E-3	-2.375640E-3	1.009757E-1	2.906467E+2	5.046387E+1	6.000000E+2
4.225281E+3	1.445000E+3	0.000000E+0	-1.511371E-3	-2.052915E-3	1.019611E-1	2.906429E+2	5.046387E+1	6.000000E+2
4.226385E+3	1.452000E+3	0.000000E+0	-1.305270E-3	-1.768618E-3	1.023513E-1	2.906390E+2	5.046387E+1	6.000000E+2
4.227489E+3	1.459000E+3	0.000000E+0	-8.041845E-4	-8.470446E-4	1.032867E-1	2.906345E+2	5.046387E+1	6.000000E+2
4.228594E+3	1.466000E+3	0.000000E+0	-3.546035E-4	-5.689868E-4	1.044194E-1	2.906328E+2	5.046387E+1	6.000000E+2
4.229696E+3	1.473000E+3	0.000000E+0	-7.789701E-5	-7.520671E-4	1.050575E-1	2.906336E+2	5.046387E+1	6.000000E+2
4.230797E+3	1.480000E+3	0.000000E+0	-2.491372E-4	-9.797846E-4	1.057798E-1	2.906374E+2	5.046387E+1	6.000000E+2
4.246152E+3	1.487000E+3	0.000000E+0	-2.806185E-4	-1.701377E-3	1.060476E-1	2.906313E+2	5.046387E+1	6.000000E+2
4.247255E+3	1.494000E+3	0.000000E+0	-8.381668E-4	-2.291148E-3	1.063204E-1	2.906338E+2	5.046387E+1	6.000000E+2
4.248360E+3	1.501000E+3	0.000000E+0	-1.549425E-3	-3.456140E-3	1.067609E-1	2.906335E+2	5.046387E+1	6.000000E+2
4.249463E+3	1.508000E+3	0.000000E+0	-2.368215E-3	-3.692201E-3	1.071651E-1	2.906327E+2	5.048828E+1	6.000000E+2
4.250567E+3	1.515000E+3	0.000000E+0	-2.343450E-3	-4.195991E-3	1.082995E-1	2.906325E+2	5.048828E+1	6.000000E+2
4.251669E+3	1.522000E+3	0.000000E+0	-2.698803E-3	-4.315106E-3	1.087381E-1	2.906225E+2	5.048828E+1	6.000000E+2
4.252771E+3	1.529000E+3	0.000000E+0	-2.828567E-3	-4.170890E-3	1.091655E-1	2.906319E+2	5.048828E+1	6.000000E+2
4.253878E+3	1.536000E+3	0.000000E+0	-2.186079E-3	-3.208733E-3	1.089081E-1	2.906260E+2	5.048828E+1	6.000000E+2
4.254987E+3	1.543000E+3	0.000000E+0	-1.723977E-3	-2.367757E-3	1.097360E-1	2.906230E+2	5.048828E+1	6.000000E+2
4.256090E+3	1.550000E+3	0.000000E+0	-1.291347E-3	-1.515557E-3	1.098816E-1	2.906199E+2	5.048828E+1	6.000000E+2
4.257196E+3	1.557000E+3	0.000000E+0	-9.937489E-4	-2.011387E-3	1.101273E-1	2.906154E+2	5.048828E+1	6.000000E+2
4.258300E+3	1.564000E+3	0.000000E+0	-1.857821E-3	-3.743189E-3	1.106436E-1	2.906202E+2	5.048828E+1	6.000000E+2
4.259407E+3	1.571000E+3	0.000000E+0	-3.877494E-3	-6.145888E-3	1.106958E-1	2.906154E+2	5.048828E+1	6.000000E+2
4.260511E+3	1.578000E+3	0.000000E+0	-7.294846E-3	-1.134649E-2	1.110597E-1	2.906234E+2	5.048828E+1	6.000000E+2
4.261612E+3	1.585000E+3	0.000000E+0	-1.262762E-2	-1.848014E-2	1.121335E-1	2.906116E+2	5.048828E+1	6.000000E+2
4.262715E+3	1.592000E+3	0.000000E+0	-1.971229E-2	-3.072251E-2	1.123423E-1	2.906201E+2	5.048828E+1	6.000000E+2
4.277765E+3	1.599000E+3	0.000000E+0	-2.877702E-2	-5.110924E-2	1.128064E-1	2.906214E+2	5.048828E+1	6.010000E+2
4.278871E+3	1.606000E+3	0.000000E+0	-4.866591E-2	-7.709934E-2	1.135682E-1	2.906185E+2	5.046387E+1	6.010000E+2
4.279974E+3	1.613000E+3	0.000000E+0	-6.604604E-2	-1.135163E-1	1.138478E-1	2.906179E+2	5.046387E+1	6.010000E+2
4.281077E+3	1.620000E+3	0.000000E+0	-8.918148E-2	-1.560205E-1	1.141866E-1	2.906181E+2	5.048828E+1	6.010000E+2
4.282182E+3	1.627000E+3	0.000000E+0	-1.135514E-1	-1.940002E-1	1.150093E-1	2.906166E+2	5.048828E+1	6.010000E+2
4.283288E+3	1.634000E+3	0.000000E+0	-1.319654E-1	-2.208732E-1	1.153004E-1	2.906224E+2	5.046387E+1	6.010000E+2
4.284391E+3	1.641000E+3	0.000000E+0	-1.408345E-1	-2.393573E-1	1.157320E-1	2.906151E+2	5.046387E+1	6.010000E+2
4.285493E+3	1.648000E+3	0.000000E+0	-1.415703E-1	-2.271532E-1	1.167317E-1	2.906250E+2	5.048828E+1	6.010000E+2
4.286596E+3	1.655000E+3	0.000000E+0	-1.191419E-1	-1.622711E-1	1.170724E-1	2.906149E+2	5.048828E+1	6.010000E+2
4.287699E+3	1.662000E+3	0.000000E+0	-6.214419E-2	-6.791160E-2	1.186824E-1	2.906180E+2	5.048828E+1	6.010000E+2
4.288800E+3	1.669000E+3	0.000000E+0	1.949528E-2	3.755705E-2	1.196112E-1	2.906151E+2	5.048828E+1	6.010000E+2
4.289902E+3	1.676000E+3	0.000000E+0	9.601267E-2	1.546043E-1	1.206098E-1	2.906220E+2	5.048828E+1	6.010000E+2
4.291005E+3	1.683000E+3	0.000000E+0	1.638830E-1	2.750848E-1	1.222804E-1	2.906233E+2	5.046387E+1	6.010000E+2
4.292107E+3	1.690000E+3	0.000000E+0	2.284815E-1	3.928699E-1	1.231745E-1	2.906184E+2	5.046387E+1	6.010000E+2
4.293211E+3	1.697000E+3	0.000000E+0	2.802797E-1	4.749878E-1	1.244136E-1	2.906182E+2	5.046387E+1	6.010000E+2
4.294215E+3	1.704000E+3	0.000000E+0	3.079481E-1	5.049108E-1	1.260750E-1	2.906306E+2	5.046387E+1	6.010000E+2
4.309474E+3	1.711000E+3	0.000000E+0	3.033595E-1	4.827782E-1	1.279402E-1	2.906240E+2	5.048828E+1	5.970000E+2
4.310580E+3	1.718000E+3	0.000000E+0	2.560982E-1	3.970623E-1	1.285777E-1	2.906207E+2	5.048828E+1	5.970000E+2
4.311685E+3	1.725000E+3	0.000000E+0	1.871797E-1	3.023116E-1	1.315660E-1	2.906294E+2	5.048828E+1	5.970000E+2
4.312788E+3	1.732000E+3	0.000000E+0	1.120400E-1	1.928068E-1	1.330386E-1	2.906320E+2	5.048828E+1	5.970000E+2
4.313890E+3	1.739000E+3	0.000000E+0	3.890463E-2	6.830739E-2	1.343886E-1	2.906321E+2	5.048828E+1	5.970000E+2
4.314993E+3	1.746000E+3	0.000000E+0	-2.721587E-2	-5.439578E-2	1.359224E-1	2.906206E+2	5.048828E+1	5.970000E+2
4.316097E+3	1.753000E+3	0.000000E+0	-8.552378E-2	-1.625082E-1	1.371408E-1	2.906206E+2	5.048828E+1	5.970000E+2
4.317102E+3	1.760000E+3	0.000000E+0	-1.308154E-1	-2.276548E-1	1.383115E-1	2.906200E+2	5.048828E+1	5.970000E+2
4.318205E+3	1.767000E+3	0.000000E+0	-1.541198E-1	-2.489721E-1	1.401130E-1	2.906207E+2	5.048828E+1	5.970000E+2
4.319309E+3	1.774000E+3	0.000000E+0	-1.478481E-1	-2.368160E-1	1.418464E-1	2.906272E+2	5.048828E+1	5.970000E+2
4.320412E+3	1.781000E+3	0.000000E+0	-1.269149E-1	-2.059879E-1	1.427313E-1	2.906329E+2	5.048828E+1	5.970000E+2
4.321518E+3	1.788000E+3	0.000000E+0	-9.824153E-2	-1.657176E-1	1.434120E-1	2.906219E+2	5.048828E+1	5.970000E+2
4.322622E+3	1.795000E+3	0.000000E+0	-7.525883E-2	-1.254311E-1	1.458102E-1	2.906428E+2	5.048828E+1	5.970000E+2
4.323725E+3	1.802000E+3	0.000000E+0	-5.208636E-2	-7.908066E-2	1.464614E-1	2.906296E+2	5.048828E+1	5.970000E+2
4.324828E+3	1.809000E+3	0.000000E+0	-2.669879E-2	-4.126236E-2	1.471602E-1	2.906295E+2	5.048828E+1	5.970000E+2
4.325931E+3	1.816000E+3	0.000000E+0	-8.589360E-3	-2.278467E-2	1.475278E-1	2.906297E+2	5.048828E+1	5.970000E+2
4.341287E+3	1.823000E+3	0.000000E+0	-5.797098E-3	-1.398084E-2	1.476140E-1	2.906199E+2	5.046387E+1	6.000000E+2
4.342488E+3	1.830000E+3	0.000000E+0	-5.159599E-3	-2.483985E-3	1.478205E-1	2.906152E+2	5.048828E+1	6.000000E+2
4.343490E+3	1.837000E+3	0.000000E+0	-4.776351E-3	-7.149288E-3	1.476843E-1	2.906301E+2	5.048828E+1	6.000000E+2
4.344591E+3	1.844000E+3	0.000000E+0	-1.405912E-2	-2.552806E-2	1.478522E-1	2.906161E+2	5.048828E+1	6.000000E+2
4.345694E+3	1.851000E+3	0.000000E+0	-2.670950E-2	-4.912201E-2	1.474529E-1	2.906195E+2	5.048828E+1	6.000000E+2
4.346798E+3	1.858000E+3	0.000000E+0	-4.308484E-2	-7.228655E-2	1.478681E-1	2.906197E+2	5.048828E+1	6.000000E+2
4.347903E+3	1.865000E+3	0.000000E+0	-5.535401E-2	-9.233139E-2	1.475051E-1	2.906206E+2	5.048828E+1	6.000000E+2
4.349005E+3	1.872000E+3	0.000000E+0	-6.210427E-2	-1.051563E-1	1.472850E-1	2.906246E+2	5.048828E+1	6.000000E+2
4.350109E+3	1.879000E+3	0.000000E+0	-5.928709E-2	-1.068019E-1	1.473689E-1	2.906217E+2	5.048828E+1	6.000000E+2
4.351213E+3	1.886000E+3	0.000000E+0	-4.838197E-2	-9.452638E-2	1.475936E-1	2.906294E+2	5.048828E+1	6.000000E+2
4.352315E+3	1.893000E+3	0.000000E+0	-3.005192E-2	-6.386697E-2	1.471307E-1	2.906348E+2	5.048828E+1	6.000000E+2
4.353419E+3	1.900000E+3	0.000000E+0	-3.809424E-3	-1.497891E-2	1.473508E-1	2.906250E+2	5.048828E+1	6.000000E+2
4.354527E+3	1.907000E+3	0.000000E+0	2.886654E-2	4.458896E-2	1.471058E-1	2.906298E+2	5.046387E+1	6.000000E+2
4.355631E+3	1.914000E+3	0.000000E+0	6.459823E-2	1.018609E-1	1.483310E-1	2.906198E+2	5.046387E+1	6.000000E+2
4.356736E+3	1.921000E+3	0.000000E+0	9.527568E-2	1.466902E-1	1.485964E-1	2.906181E+2	5.048828E+1	6.000000E+2
4.357837E+3	1.928000E+3	0.000000E+0	1.172142E-1	1.708342E-1	1.489458E-1	2.906192E+2	5.048828E+1	6.000000E+2
4.373087E+3	1.935000E+3	0.000000E+0	1.207866E-1	1.723636E-1	1.504796E-1	2.906287E+2	5.048828E+1	5.970000E+2
4.374091E+3	1.942000E+3	0.000000E+0	1.024244E-1	1.731731E-1	1.515437E-1	2.906265E+2	5.048828E+1	5.970000E+2
4.375197E+3	1.949000E+3	0.000000E+0	8.792698E-2	1.356820E-1	1.524944E-1	2.906266E+2	5.048828E+1	5.970000E+2
4.376301E+3	1.956000E+3	0.000000E+0	5.511201E-2	9.455193E-2	1.534882E-1	2.906352E+2	5.048828E+1	5.970000E+2
4.377407E+3	1.963000E+3	0.000000E+0	3.379318E-2	4.959441E-2	1.544298E-1	2.906408E+2	5.048828E+1	5.970000E+2
4.378511E+3	1.970000E+3	0.000000E+0	3.117952E-3	-4.992375E-3	1.557981E-1	2.906392E+2	5.048828E+1	5.970000E+2
4.379618E+3	1.977000E+3	0.000000E+0	-3.016997E-2	-3.665866E-2	1.586323E-1	2.906423E+2	5.048828E+1	5.970000E+2
4.380725E+3	1.984000E+3	0.000000E+0	-3.598902E-2	-5.211241E-2	1.608223E-1	2.906377E+2	5.048828E+1	5.970000E+2
4.381831E+3	1.991000E+3	0.000000E+0	-3.870545E-2	-6.718630E-2	1.625018E-1	2.906354E+2	5.048828E+1	5.970000E+2
4.382934E+3	1.998000E+3	0.000000E+0	-4.174164E-2	-6.703829E-2	1.649417E-1	2.906344E+2	5.048828E+1	5.970000E+2
4.384036E+3	2.005000E+3	0.000000E+0	-2.999444E-2	-5.560729E-2	1.663420E-1	2.906294E+2	5.048828E+1	5.970000E+2
4.385138E+3	2.012000E+3	0.000000E+0	-2.394035E-2	-4.460932E-2	1.682675E-1	2.906324E+2	5.048828E+1	5.970000E+2
4.386239E+3	2.019000E+3	0.000000E+0	-2.044117E-2	-3.135761E-2	1.694477E-1	2.906303E+2	5.048828E+1	5.970000E+2
4.387341E+3	2.026000E+3	0.000000E+0	-1.251540E-2	-2.138342E-2	1.711164E-1	2.906376E+2	5.048828E+1	5.970000E+2
4.388442E+3	2.033000E+3	0.000000E+0	-1.144997E-2	-1.961105E-2	1.721628E-1	2.906361E+2	5.048828E+1	5.970000E+2
4.389545E+3	2.040000E+3	0.000000E+0	-1.156627E-2	-1.803764E-2	1.744449E-1	2.906361E+2	5.048828E+1	5.970000E+2
4.405099E+3	2.047000E+3	0.000000E+0	-1.123777E-2	-1.828314E-2	1.772881E-1	2.906325E+2	5.048828E+1	5.970000E+2
4.406204E+3	2.054000E+3	0.000000E+0	-1.054310E-2	-1.827685E-2	1.781394E-1	2.906264E+2	5.048828E+1	5.970000E+2
4.407307E+3	2.061000E+3	0.000000E+0	-9.307038E-3	-1.637948E-2	1.791023E-1	2.906309E+2	5.048828E+1	5.970000E+2
4.408411E+3	2.068000E+3	0.000000E+0	-7.621209E-3	-1.363662E-2	1.800812E-1	2.906220E+2	5.048828E+1	5.970000E+2
4.409515E+3	2.075000E+3	0.000000E+0	-6.025660E-3	-1.110777E-2	1.812148E-1	2.906359E+2	5.048828E+1	5.970000E+2
4.410619E+3	2.082000E+3	0.000000E+0	-4.592125E-3	-8.894821E-3	1.811253E-1	2.906338E+2	5.048828E+1	5.970000E+2
4.411723E+3	2.089000E+3	0.000000E+0	-4.486381E-3	-5.766908E-3	1.807681E-1	2.906307E+2	5.048828E+1	5.970000E+2
4.412831E+3	2.096000E+3	0.000000E+0	-2.946976E-3	-4.588732E-3	1.824306E-1	2.906328E+2	5.048828E+1	5.970000E+2
4.413935E+3	2.103000E+3	0.000000E+0	-2.762018E-3	-4.192121E-3	1.827098E-1	2.906358E+2	5.048828E+1	5.970000E+2
4.415040E+3	2.110000E+3	0.000000E+0	-2.792675E-3	-4.072978E-3	1.827458E-1	2.906325E+2	5.048828E+1	5.970000E+2
4.416143E+3	2.117000E+3	0.000000E+0	-3.159254E-3	-3.573342E-3	1.825954E-1	2.906303E+2	5.048828E+1	5.970000E+2
4.417247E+3	2.124000E+3	0.000000E+0	-2.837161E-3	-3.709770E-3	1.826020E-1	2.906395E+2	5.048828E+1	5.970000E+2
