4.790048E+3	2.131000E+3	0.000000E+0	-3.322383E-3	-4.644173E-3	1.822857E-1	2.906367E+2	5.053711E+1	5.970000E+2
4.791152E+3	8.500000E+2	0.000000E+0	-6.334173E-4	-1.423971E-3	2.667879E-2	2.905891E+2	5.053711E+1	5.970000E+2
4.792153E+3	8.570000E+2	0.000000E+0	-1.011058E-3	-1.565401E-3	2.725963E-2	2.905989E+2	5.053711E+1	5.970000E+2
4.793257E+3	8.640000E+2	0.000000E+0	-1.030853E-3	-1.908693E-3	2.772248E-2	2.906029E+2	5.053711E+1	5.970000E+2
4.794359E+3	8.710000E+2	0.000000E+0	-6.091121E-4	-1.487134E-3	2.843718E-2	2.906083E+2	5.053711E+1	5.970000E+2
4.795463E+3	8.780000E+2	0.000000E+0	-7.868063E-4	-7.783016E-4	2.935155E-2	2.906095E+2	5.053711E+1	5.970000E+2
4.796569E+3	8.850000E+2	0.000000E+0	2.759045E-4	-4.228932E-4	3.015473E-2	2.906129E+2	5.053711E+1	5.970000E+2
4.797674E+3	8.920000E+2	0.000000E+0	6.221841E-4	9.750788E-4	3.073330E-2	2.906161E+2	5.053711E+1	5.970000E+2
4.798778E+3	8.990000E+2	0.000000E+0	9.268979E-4	1.330474E-3	3.226707E-2	2.906131E+2	5.053711E+1	5.970000E+2
4.799883E+3	9.060000E+2	0.000000E+0	1.582753E-3	2.764925E-3	3.317009E-2	2.906187E+2	5.053711E+1	5.970000E+2
4.802495E+3	9.130000E+2	0.000000E+0	1.492417E-3	3.099506E-3	3.385529E-2	2.906180E+2	5.053711E+1	5.970000E+2
4.817549E+3	9.200000E+2	0.000000E+0	1.757376E-3	2.929007E-3	3.475831E-2	2.906343E+2	5.053711E+1	5.990000E+2
4.818552E+3	9.270000E+2	0.000000E+0	2.075263E-3	2.882830E-3	3.563411E-2	2.906362E+2	5.053711E+1	5.990000E+2
4.819654E+3	9.340000E+2	0.000000E+0	1.860067E-3	2.409163E-3	3.633746E-2	2.906328E+2	5.053711E+1	5.990000E+2
4.820756E+3	9.410000E+2	0.000000E+0	9.481194E-4	1.241689E-3	3.710888E-2	2.906390E+2	5.053711E+1	5.990000E+2
4.821861E+3	9.480000E+2	0.000000E+0	3.981233E-4	3.249362E-4	3.797560E-2	2.906348E+2	5.053711E+1	5.990000E+2
4.822963E+3	9.550000E+2	0.000000E+0	-8.475514E-4	-3.660962E-4	3.856551E-2	2.906210E+2	5.053711E+1	5.990000E+2
4.824066E+3	9.620000E+2	0.000000E+0	-8.435895E-4	-1.137332E-3	3.981340E-2	2.906149E+2	5.056152E+1	5.990000E+2
4.825172E+3	9.690000E+2	0.000000E+0	-1.113330E-3	-1.458000E-3	4.090701E-2	2.906282E+2	5.056152E+1	5.990000E+2
4.826278E+3	9.760000E+2	0.000000E+0	-1.287176E-3	-2.029729E-3	4.177826E-2	2.906192E+2	5.053711E+1	5.990000E+2
4.827378E+3	9.830000E+2	0.000000E+0	-1.264087E-3	-1.862571E-3	4.271078E-2	2.906224E+2	5.053711E+1	5.990000E+2
4.828479E+3	9.900000E+2	0.000000E+0	-8.363790E-4	-1.618746E-3	4.383842E-2	2.906239E+2	5.053711E+1	5.990000E+2
4.829582E+3	9.970000E+2	0.000000E+0	-7.099996E-4	-1.679132E-3	4.452589E-2	2.906221E+2	5.053711E+1	5.990000E+2
4.830685E+3	1.004000E+3	0.000000E+0	-8.678228E-4	-1.541306E-3	4.522244E-2	2.906257E+2	5.053711E+1	5.990000E+2
4.831790E+3	1.011000E+3	0.000000E+0	-8.052167E-4	-1.221668E-3	4.612319E-2	2.906289E+2	5.053711E+1	5.990000E+2
4.832892E+3	1.018000E+3	0.000000E+0	-6.726323E-4	-9.065694E-4	4.707159E-2	2.906287E+2	5.053711E+1	5.990000E+2
4.833993E+3	1.025000E+3	0.000000E+0	-4.649739E-4	-6.223846E-4	4.778175E-2	2.906234E+2	5.053711E+1	5.990000E+2
4.849654E+3	1.032000E+3	0.000000E+0	-6.206384E-4	-9.404570E-4	4.925653E-2	2.906007E+2	5.053711E+1	5.990000E+2
4.850757E+3	1.039000E+3	0.000000E+0	-5.613756E-4	-1.263688E-3	5.020266E-2	2.906038E+2	5.053711E+1	5.990000E+2
4.851860E+3	1.046000E+3	0.000000E+0	-8.903873E-4	-1.098257E-3	5.067232E-2	2.906145E+2	5.053711E+1	5.990000E+2
4.852963E+3	1.053000E+3	0.000000E+0	-9.640249E-4	-1.225633E-3	5.131441E-2	2.906136E+2	5.053711E+1	5.990000E+2
4.854066E+3	1.060000E+3	0.000000E+0	-7.737917E-4	-1.869465E-3	5.215163E-2	2.906287E+2	5.053711E+1	5.990000E+2
4.855171E+3	1.067000E+3	0.000000E+0	-1.155396E-3	-2.340576E-3	5.340406E-2	2.906141E+2	5.053711E+1	5.990000E+2
4.856273E+3	1.074000E+3	0.000000E+0	-1.779037E-3	-3.026844E-3	5.412784E-2	2.906046E+2	5.053711E+1	5.990000E+2
4.857373E+3	1.081000E+3	0.000000E+0	-1.827428E-3	-3.255982E-3	5.496052E-2	2.906149E+2	5.053711E+1	5.990000E+2
4.858477E+3	1.088000E+3	0.000000E+0	-2.551494E-3	-3.836549E-3	5.544379E-2	2.906057E+2	5.053711E+1	5.990000E+2
4.859582E+3	1.095000E+3	0.000000E+0	-2.915634E-3	-4.769687E-3	5.624471E-2	2.906109E+2	5.053711E+1	5.990000E+2
4.860684E+3	1.102000E+3	0.000000E+0	-3.606606E-3	-5.847685E-3	5.651698E-2	2.906166E+2	5.053711E+1	5.990000E+2
4.861791E+3	1.109000E+3	0.000000E+0	-4.636023E-3	-7.710191E-3	5.745857E-2	2.906179E+2	5.053711E+1	5.990000E+2
4.862892E+3	1.116000E+3	0.000000E+0	-5.694402E-3	-8.826446E-3	5.794638E-2	2.906234E+2	5.053711E+1	5.990000E+2
4.863993E+3	1.123000E+3	0.000000E+0	-6.880064E-3	-1.144945E-2	5.867470E-2	2.906118E+2	5.053711E+1	5.990000E+2
4.865093E+3	1.130000E+3	0.000000E+0	-8.815267E-3	-1.743418E-2	5.926915E-2	2.906043E+2	5.053711E+1	5.990000E+2
4.866198E+3	1.137000E+3	0.000000E+0	-1.597799E-2	-2.857298E-2	5.986586E-2	2.905996E+2	5.053711E+1	5.990000E+2
4.881846E+3	1.144000E+3	0.000000E+0	-2.631397E-2	-4.183478E-2	6.068040E-2	2.905852E+2	5.053711E+1	6.010000E+2
4.882952E+3	1.151000E+3	0.000000E+0	-4.095163E-2	-6.469834E-2	6.107518E-2	2.905923E+2	5.053711E+1	6.010000E+2
4.884056E+3	1.158000E+3	0.000000E+0	-5.724652E-2	-8.726399E-2	6.108426E-2	2.905895E+2	5.053711E+1	6.010000E+2
4.885160E+3	1.165000E+3	0.000000E+0	-7.568851E-2	-1.321396E-1	6.157888E-2	2.905969E+2	5.053711E+1	6.010000E+2
4.886266E+3	1.172000E+3	0.000000E+0	-1.024974E-1	-1.809385E-1	6.176946E-2	2.906022E+2	5.053711E+1	6.010000E+2
4.887369E+3	1.179000E+3	0.000000E+0	-1.304210E-1	-2.115782E-1	6.208257E-2	2.906019E+2	5.053711E+1	6.010000E+2
4.888472E+3	1.186000E+3	0.000000E+0	-1.386088E-1	-2.393430E-1	6.228677E-2	2.905991E+2	5.053711E+1	6.010000E+2
4.889577E+3	1.193000E+3	0.000000E+0	-1.454039E-1	-2.459157E-1	6.260215E-2	2.906067E+2	5.053711E+1	6.010000E+2
4.890680E+3	1.200000E+3	0.000000E+0	-1.323462E-1	-1.915795E-1	6.275416E-2	2.906163E+2	5.053711E+1	6.010000E+2
4.891785E+3	1.207000E+3	0.000000E+0	-7.811463E-2	-8.850542E-2	6.315802E-2	2.906110E+2	5.053711E+1	6.010000E+2
4.892889E+3	1.214000E+3	0.000000E+0	1.035776E-2	3.317694E-2	6.330323E-2	2.906142E+2	5.053711E+1	6.010000E+2
4.893990E+3	1.221000E+3	0.000000E+0	1.001740E-1	1.573564E-1	6.371390E-2	2.906128E+2	5.048828E+1	6.010000E+2
4.895092E+3	1.228000E+3	0.000000E+0	1.790961E-1	2.952779E-1	6.433331E-2	2.906205E+2	5.053711E+1	6.010000E+2
4.896196E+3	1.235000E+3	0.000000E+0	2.594469E-1	4.173103E-1	6.553582E-2	2.906278E+2	5.053711E+1	6.010000E+2
4.897198E+3	1.242000E+3	0.000000E+0	3.174882E-1	4.697914E-1	6.599641E-2	2.906277E+2	5.053711E+1	6.010000E+2
4.898302E+3	1.249000E+3	0.000000E+0	3.089525E-1	4.759288E-1	6.701287E-2	2.906217E+2	5.053711E+1	6.010000E+2
4.913543E+3	1.256000E+3	0.000000E+0	2.707472E-1	4.690400E-1	6.778429E-2	2.906284E+2	5.053711E+1	5.970000E+2
4.914644E+3	1.263000E+3	0.000000E+0	2.254203E-1	3.827908E-1	6.880529E-2	2.906172E+2	5.053711E+1	5.970000E+2
4.915748E+3	1.270000E+3	0.000000E+0	1.668175E-1	2.739523E-1	6.966747E-2	2.906136E+2	5.053711E+1	5.970000E+2
4.916853E+3	1.277000E+3	0.000000E+0	7.363053E-2	1.399182E-1	7.098116E-2	2.906188E+2	5.053711E+1	5.970000E+2
4.917955E+3	1.284000E+3	0.000000E+0	-5.021883E-3	1.981538E-2	7.167544E-2	2.906256E+2	5.053711E+1	5.970000E+2
4.919062E+3	1.291000E+3	0.000000E+0	-5.256229E-2	-1.093890E-1	7.314795E-2	2.906186E+2	5.053711E+1	5.970000E+2
4.920167E+3	1.298000E+3	0.000000E+0	-1.223862E-1	-2.065125E-1	7.551894E-2	2.906180E+2	5.053711E+1	5.970000E+2
4.921269E+3	1.305000E+3	0.000000E+0	-1.580607E-1	-2.359009E-1	7.735675E-2	2.906045E+2	5.053711E+1	5.970000E+2
4.922373E+3	1.312000E+3	0.000000E+0	-1.452641E-1	-2.314213E-1	7.864321E-2	2.906114E+2	5.053711E+1	5.970000E+2
4.923475E+3	1.319000E+3	0.000000E+0	-1.272972E-1	-2.098285E-1	7.999774E-2	2.906142E+2	5.053711E+1	5.970000E+2
4.924578E+3	1.326000E+3	0.000000E+0	-1.054679E-1	-1.666670E-1	8.143621E-2	2.906130E+2	5.053711E+1	5.970000E+2
4.925680E+3	1.333000E+3	0.000000E+0	-7.180357E-2	-1.214754E-1	8.283158E-2	2.906098E+2	5.053711E+1	5.970000E+2
4.926784E+3	1.340000E+3	0.000000E+0	-4.656348E-2	-8.926428E-2	8.414981E-2	2.906134E+2	5.053711E+1	5.970000E+2
4.927787E+3	1.347000E+3	0.000000E+0	-3.614410E-2	-6.207449E-2	8.521392E-2	2.906235E+2	5.053711E+1	5.970000E+2
4.928892E+3	1.354000E+3	0.000000E+0	-2.358533E-2	-3.633559E-2	8.654123E-2	2.906264E+2	5.053711E+1	5.970000E+2
4.929997E+3	1.361000E+3	0.000000E+0	-1.375477E-2	-2.186324E-2	8.773922E-2	2.906184E+2	5.053711E+1	5.970000E+2
4.945140E+3	1.368000E+3	0.000000E+0	-8.614077E-3	-1.622880E-2	8.962018E-2	2.906137E+2	5.053711E+1	6.000000E+2
4.946242E+3	1.375000E+3	0.000000E+0	-6.736855E-3	-1.235167E-2	9.113134E-2	2.906134E+2	5.053711E+1	6.000000E+2
4.947345E+3	1.382000E+3	0.000000E+0	-5.749838E-3	-9.450463E-3	9.208658E-2	2.906105E+2	5.053711E+1	6.000000E+2
4.948447E+3	1.389000E+3	0.000000E+0	-4.231705E-3	-6.722987E-3	9.364314E-2	2.906165E+2	5.053711E+1	6.000000E+2
4.949552E+3	1.396000E+3	0.000000E+0	-3.459693E-3	-5.684427E-3	9.494347E-2	2.906116E+2	5.053711E+1	6.000000E+2
4.950657E+3	1.403000E+3	0.000000E+0	-2.829532E-3	-4.947008E-3	9.616191E-2	2.906260E+2	5.053711E+1	6.000000E+2
4.951762E+3	1.410000E+3	0.000000E+0	-2.829019E-3	-4.352009E-3	9.699711E-2	2.906132E+2	5.053711E+1	6.000000E+2
4.952864E+3	1.417000E+3	0.000000E+0	-2.654649E-3	-3.904440E-3	9.806389E-2	2.906254E+2	5.053711E+1	6.000000E+2
4.953966E+3	1.424000E+3	0.000000E+0	-2.309082E-3	-3.426590E-3	9.886031E-2	2.906213E+2	5.053711E+1	6.000000E+2
4.955067E+3	1.431000E+3	0.000000E+0	-2.200486E-3	-2.743394E-3	9.982509E-2	2.906181E+2	5.053711E+1	6.000000E+2
4.956071E+3	1.438000E+3	0.000000E+0	-1.658965E-3	-2.428962E-3	1.006763E-1	2.906157E+2	5.056152E+1	6.000000E+2
4.957175E+3	1.445000E+3	0.000000E+0	-1.182334E-3	-1.847716E-3	1.026310E-1	2.906190E+2	5.053711E+1	6.000000E+2
4.958277E+3	1.452000E+3	0.000000E+0	-1.364953E-3	-1.794507E-3	1.033208E-1	2.906150E+2	5.053711E+1	6.000000E+2
4.959379E+3	1.459000E+3	0.000000E+0	-5.105708E-4	-1.564702E-3	1.042383E-1	2.906170E+2	5.053711E+1	6.000000E+2
4.960483E+3	1.466000E+3	0.000000E+0	-3.395925E-4	-1.010544E-3	1.049243E-1	2.906232E+2	5.053711E+1	6.000000E+2
4.961587E+3	1.473000E+3	0.000000E+0	-4.758610E-4	-1.512190E-3	1.052829E-1	2.906295E+2	5.053711E+1	6.000000E+2
4.976843E+3	1.480000E+3	0.000000E+0	-5.859947E-4	-1.184832E-3	1.058893E-1	2.906235E+2	5.053711E+1	5.990000E+2
4.978046E+3	1.487000E+3	0.000000E+0	-1.016750E-3	-1.415267E-3	1.062163E-1	2.906238E+2	5.053711E+1	5.990000E+2
4.979148E+3	1.494000E+3	0.000000E+0	-6.911576E-4	-2.150176E-3	1.066343E-1	2.906161E+2	5.053711E+1	5.990000E+2
4.980252E+3	1.501000E+3	0.000000E+0	-1.523960E-3	-2.952266E-3	1.074406E-1	2.906298E+2	5.053711E+1	5.990000E+2
4.981354E+3	1.508000E+3	0.000000E+0	-1.847394E-3	-4.109802E-3	1.080972E-1	2.906303E+2	5.056152E+1	5.990000E+2
4.982455E+3	1.515000E+3	0.000000E+0	-2.725038E-3	-3.901681E-3	1.083130E-1	2.906221E+2	5.056152E+1	5.990000E+2
4.983457E+3	1.522000E+3	0.000000E+0	-2.800826E-3	-4.571849E-3	1.087178E-1	2.906324E+2	5.053711E+1	5.990000E+2
4.984561E+3	1.529000E+3	0.000000E+0	-2.373124E-3	-4.123596E-3	1.091973E-1	2.906193E+2	5.053711E+1	5.990000E+2
4.985662E+3	1.536000E+3	0.000000E+0	-2.409546E-3	-3.611525E-3	1.096477E-1	2.906245E+2	5.053711E+1	5.990000E+2
4.986767E+3	1.543000E+3	0.000000E+0	-2.022841E-3	-2.553949E-3	1.096453E-1	2.906258E+2	5.053711E+1	5.990000E+2
4.987874E+3	1.550000E+3	0.000000E+0	-1.580547E-3	-1.885248E-3	1.100888E-1	2.906303E+2	5.053711E+1	5.990000E+2
4.988978E+3	1.557000E+3	0.000000E+0	-1.237867E-3	-2.203210E-3	1.104139E-1	2.906226E+2	5.053711E+1	5.990000E+2
4.990081E+3	1.564000E+3	0.000000E+0	-2.224244E-3	-2.447947E-3	1.107187E-1	2.906235E+2	5.053711E+1	5.990000E+2
4.991184E+3	1.571000E+3	0.000000E+0	-3.205307E-3	-4.237360E-3	1.115720E-1	2.906228E+2	5.056152E+1	5.990000E+2
4.992284E+3	1.578000E+3	0.000000E+0	-4.570273E-3	-8.224735E-3	1.122724E-1	2.906172E+2	5.056152E+1	5.990000E+2
4.993386E+3	1.585000E+3	0.000000E+0	-9.490286E-3	-1.886971E-2	1.119787E-1	2.906276E+2	5.053711E+1	5.990000E+2
5.009024E+3	1.592000E+3	0.000000E+0	-1.968857E-2	-3.460765E-2	1.127088E-1	2.906223E+2	5.053711E+1	5.970000E+2
5.010229E+3	1.599000E+3	0.000000E+0	-2.865446E-2	-5.402671E-2	1.130817E-1	2.906163E+2	5.053711E+1	5.970000E+2
5.011333E+3	1.606000E+3	0.000000E+0	-4.635085E-2	-8.321339E-2	1.138570E-1	2.906181E+2	5.053711E+1	5.970000E+2
5.012437E+3	1.613000E+3	0.000000E+0	-6.658362E-2	-1.174751E-1	1.138068E-1	2.906275E+2	5.053711E+1	5.970000E+2
5.013540E+3	1.620000E+3	0.000000E+0	-9.175553E-2	-1.556835E-1	1.145389E-1	2.906325E+2	5.053711E+1	5.970000E+2
5.014543E+3	1.627000E+3	0.000000E+0	-1.131077E-1	-1.918289E-1	1.151570E-1	2.906206E+2	5.053711E+1	5.970000E+2
5.015648E+3	1.634000E+3	0.000000E+0	-1.299187E-1	-2.178984E-1	1.159752E-1	2.906248E+2	5.053711E+1	5.970000E+2
5.016750E+3	1.641000E+3	0.000000E+0	-1.348106E-1	-2.338636E-1	1.162772E-1	2.906220E+2	5.053711E+1	5.970000E+2
5.017853E+3	1.648000E+3	0.000000E+0	-1.288148E-1	-2.243820E-1	1.169909E-1	2.906298E+2	5.056152E+1	5.970000E+2
5.018957E+3	1.655000E+3	0.000000E+0	-1.089816E-1	-1.791385E-1	1.175770E-1	2.906156E+2	5.056152E+1	5.970000E+2
5.020065E+3	1.662000E+3	0.000000E+0	-7.202671E-2	-9.031402E-2	1.181308E-1	2.906266E+2	5.056152E+1	5.970000E+2
5.021168E+3	1.669000E+3	0.000000E+0	-6.138827E-3	2.259450E-2	1.197837E-1	2.906230E+2	5.056152E+1	5.970000E+2
5.022272E+3	1.676000E+3	0.000000E+0	8.518488E-2	1.539661E-1	1.212887E-1	2.906144E+2	5.056152E+1	5.970000E+2
5.023376E+3	1.683000E+3	0.000000E+0	1.618340E-1	2.701413E-1	1.223782E-1	2.906125E+2	5.056152E+1	5.970000E+2
5.024480E+3	1.690000E+3	0.000000E+0	2.155834E-1	3.751036E-1	1.236966E-1	2.906264E+2	5.056152E+1	5.970000E+2
5.025581E+3	1.697000E+3	0.000000E+0	2.621069E-1	4.666729E-1	1.252308E-1	2.906168E+2	5.053711E+1	5.970000E+2
5.040732E+3	1.704000E+3	0.000000E+0	2.946764E-1	5.040201E-1	1.263403E-1	2.906217E+2	5.053711E+1	5.990000E+2
5.041833E+3	1.711000E+3	0.000000E+0	2.844556E-1	4.863213E-1	1.273025E-1	2.906170E+2	5.053711E+1	5.990000E+2
5.042935E+3	1.718000E+3	0.000000E+0	2.534799E-1	4.214585E-1	1.284348E-1	2.906171E+2	5.053711E+1	5.990000E+2
5.044037E+3	1.725000E+3	0.000000E+0	1.919694E-1	3.116474E-1	1.296600E-1	2.906151E+2	5.053711E+1	5.990000E+2
5.045143E+3	1.732000E+3	0.000000E+0	1.096756E-1	1.864762E-1	1.328866E-1	2.906179E+2	5.056152E+1	5.990000E+2
5.046247E+3	1.739000E+3	0.000000E+0	2.174189E-2	5.542956E-2	1.342094E-1	2.906237E+2	5.056152E+1	5.990000E+2
5.047352E+3	1.746000E+3	0.000000E+0	-5.547065E-2	-5.595940E-2	1.359496E-1	2.906159E+2	5.056152E+1	5.990000E+2
5.048458E+3	1.753000E+3	0.000000E+0	-1.094128E-1	-1.411600E-1	1.378804E-1	2.906213E+2	5.056152E+1	5.990000E+2
5.049559E+3	1.760000E+3	0.000000E+0	-1.388628E-1	-1.980798E-1	1.397205E-1	2.906221E+2	5.056152E+1	5.990000E+2
5.050662E+3	1.767000E+3	0.000000E+0	-1.443767E-1	-2.260983E-1	1.408186E-1	2.906202E+2	5.056152E+1	5.990000E+2
5.051764E+3	1.774000E+3	0.000000E+0	-1.381421E-1	-2.263894E-1	1.420030E-1	2.906123E+2	5.053711E+1	5.990000E+2
5.052868E+3	1.781000E+3	0.000000E+0	-1.234646E-1	-2.064323E-1	1.428470E-1	2.906158E+2	5.056152E+1	5.990000E+2
5.053971E+3	1.788000E+3	0.000000E+0	-1.025365E-1	-1.666573E-1	1.439202E-1	2.906183E+2	5.056152E+1	5.990000E+2
5.055074E+3	1.795000E+3	0.000000E+0	-7.537489E-2	-1.190455E-1	1.450910E-1	2.906162E+2	5.056152E+1	5.990000E+2
5.056178E+3	1.802000E+3	0.000000E+0	-4.856705E-2	-7.357703E-2	1.461937E-1	2.906038E+2	5.056152E+1	5.990000E+2
5.057282E+3	1.809000E+3	0.000000E+0	-2.545805E-2	-4.177637E-2	1.473122E-1	2.906107E+2	5.053711E+1	5.990000E+2
5.072534E+3	1.816000E+3	0.000000E+0	-9.087492E-3	-1.934021E-2	1.477002E-1	2.906201E+2	5.053711E+1	5.990000E+2
5.073638E+3	1.823000E+3	0.000000E+0	-6.017596E-3	-3.854539E-3	1.482311E-1	2.906052E+2	5.053711E+1	5.990000E+2
5.074742E+3	1.830000E+3	0.000000E+0	-3.059066E-3	5.642146E-5	1.485374E-1	2.906065E+2	5.053711E+1	5.990000E+2
5.075849E+3	1.837000E+3	0.000000E+0	-6.122667E-3	-6.722162E-3	1.484331E-1	2.906093E+2	5.056152E+1	5.990000E+2
5.076951E+3	1.844000E+3	0.000000E+0	-1.366366E-2	-2.142161E-2	1.484875E-1	2.906219E+2	5.056152E+1	5.990000E+2
5.078054E+3	1.851000E+3	0.000000E+0	-2.574178E-2	-4.361973E-2	1.486804E-1	2.906088E+2	5.056152E+1	5.990000E+2
5.079157E+3	1.858000E+3	0.000000E+0	-4.126161E-2	-6.945967E-2	1.481857E-1	2.906090E+2	5.056152E+1	5.990000E+2
5.080258E+3	1.865000E+3	0.000000E+0	-5.670978E-2	-9.175574E-2	1.478704E-1	2.906099E+2	5.053711E+1	5.990000E+2
5.081360E+3	1.872000E+3	0.000000E+0	-6.612167E-2	-1.056464E-1	1.479452E-1	2.906111E+2	5.053711E+1	5.990000E+2
5.082464E+3	1.879000E+3	0.000000E+0	-6.959638E-2	-1.042679E-1	1.480950E-1	2.906227E+2	5.056152E+1	5.990000E+2
5.083568E+3	1.886000E+3	0.000000E+0	-6.028086E-2	-8.637656E-2	1.482289E-1	2.906179E+2	5.056152E+1	5.990000E+2
5.084672E+3	1.893000E+3	0.000000E+0	-3.922850E-2	-5.055294E-2	1.477320E-1	2.906217E+2	5.053711E+1	5.990000E+2
5.085776E+3	1.900000E+3	0.000000E+0	-9.448185E-3	-5.945174E-3	1.478726E-1	2.906202E+2	5.053711E+1	5.990000E+2
5.086877E+3	1.907000E+3	0.000000E+0	2.507013E-2	4.655243E-2	1.479089E-1	2.906213E+2	5.053711E+1	5.990000E+2
5.087980E+3	1.914000E+3	0.000000E+0	5.694411E-2	9.425708E-2	1.481631E-1	2.906195E+2	5.053711E+1	5.990000E+2
5.089084E+3	1.921000E+3	0.000000E+0	8.208767E-2	1.349204E-1	1.484240E-1	2.906245E+2	5.053711E+1	5.990000E+2
5.104443E+3	1.928000E+3	0.000000E+0	9.509317E-2	1.631636E-1	1.497740E-1	2.906263E+2	5.053711E+1	5.990000E+2
5.105547E+3	1.935000E+3	0.000000E+0	1.034690E-1	1.663489E-1	1.506157E-1	2.906310E+2	5.056152E+1	5.990000E+2
5.106653E+3	1.942000E+3	0.000000E+0	9.500619E-2	1.583859E-1	1.519045E-1	2.906292E+2	5.056152E+1	5.990000E+2
5.107757E+3	1.949000E+3	0.000000E+0	8.027083E-2	1.316869E-1	1.528393E-1	2.906226E+2	5.056152E+1	5.990000E+2
5.108860E+3	1.956000E+3	0.000000E+0	5.730413E-2	9.565238E-2	1.534860E-1	2.906253E+2	5.056152E+1	5.990000E+2
5.109964E+3	1.963000E+3	0.000000E+0	3.279181E-2	5.274004E-2	1.550698E-1	2.906251E+2	5.056152E+1	5.990000E+2
5.111074E+3	1.970000E+3	0.000000E+0	9.707956E-3	6.229061E-3	1.558299E-1	2.906285E+2	5.056152E+1	5.990000E+2
5.112176E+3	1.977000E+3	0.000000E+0	-1.202285E-2	-3.381117E-2	1.575658E-1	2.906322E+2	5.053711E+1	5.990000E+2
5.113279E+3	1.984000E+3	0.000000E+0	-2.988632E-2	-6.105772E-2	1.606840E-1	2.906278E+2	5.053711E+1	5.990000E+2
5.114285E+3	1.991000E+3	0.000000E+0	-3.898642E-2	-7.119816E-2	1.632712E-1	2.906281E+2	5.053711E+1	5.990000E+2
5.115390E+3	1.998000E+3	0.000000E+0	-4.245379E-2	-6.788079E-2	1.647375E-1	2.906328E+2	5.053711E+1	5.990000E+2
5.116495E+3	2.005000E+3	0.000000E+0	-3.423011E-2	-5.514538E-2	1.664854E-1	2.906301E+2	5.053711E+1	5.990000E+2
5.117601E+3	2.012000E+3	0.000000E+0	-2.402323E-2	-4.022193E-2	1.687124E-1	2.906343E+2	5.053711E+1	5.990000E+2
5.118706E+3	2.019000E+3	0.000000E+0	-1.481816E-2	-2.993797E-2	1.702810E-1	2.906268E+2	5.053711E+1	5.990000E+2
5.119810E+3	2.026000E+3	0.000000E+0	-1.215520E-2	-2.320597E-2	1.718569E-1	2.906229E+2	5.053711E+1	5.990000E+2
5.120915E+3	2.033000E+3	0.000000E+0	-1.166402E-2	-2.007807E-2	1.731757E-1	2.906227E+2	5.053711E+1	5.990000E+2
5.136167E+3	2.040000E+3	0.000000E+0	-1.134818E-2	-1.807124E-2	1.755804E-1	2.906259E+2	5.053711E+1	5.990000E+2
5.137270E+3	2.047000E+3	0.000000E+0	-1.103301E-2	-1.845740E-2	1.770883E-1	2.906249E+2	5.053711E+1	5.990000E+2
5.138274E+3	2.054000E+3	0.000000E+0	-1.063600E-2	-1.760756E-2	1.783692E-1	2.906208E+2	5.056152E+1	5.990000E+2
5.139380E+3	2.061000E+3	0.000000E+0	-9.671404E-3	-1.625162E-2	1.794888E-1	2.906204E+2	5.056152E+1	5.990000E+2
5.140482E+3	2.068000E+3	0.000000E+0	-8.261579E-3	-1.318547E-2	1.805744E-1	2.906223E+2	5.056152E+1	5.990000E+2
5.141586E+3	2.075000E+3	0.000000E+0	-6.084186E-3	-9.792709E-3	1.815693E-1	2.906178E+2	5.056152E+1	5.990000E+2
5.142690E+3	2.082000E+3	0.000000E+0	-4.385243E-3	-7.502766E-3	1.823371E-1	2.906179E+2	5.056152E+1	5.990000E+2
5.143794E+3	2.089000E+3	0.000000E+0	-3.604301E-3	-5.985587E-3	1.825343E-1	2.906190E+2	5.056152E+1	5.990000E+2
5.144895E+3	2.096000E+3	0.000000E+0	-2.926983E-3	-4.622696E-3	1.827564E-1	2.906207E+2	5.053711E+1	5.990000E+2
5.145997E+3	2.103000E+3	0.000000E+0	-3.157336E-3	-4.283789E-3	1.828445E-1	2.906142E+2	5.053711E+1	5.990000E+2
5.147100E+3	2.110000E+3	0.000000E+0	-2.293339E-3	-3.847417E-3	1.830216E-1	2.906169E+2	5.056152E+1	5.990000E+2
5.148203E+3	2.117000E+3	0.000000E+0	-2.576253E-3	-3.729391E-3	1.829572E-1	2.906197E+2	5.053711E+1	5.990000E+2
5.149307E+3	2.124000E+3	0.000000E+0	-2.490449E-3	-3.949491E-3	1.828455E-1	2.906195E+2	5.053711E+1	5.990000E+2
