1.556821E+3	2.131000E+3	0.000000E+0	-8.562793E-4	-4.892795E-4	1.820353E-1	2.905964E+2	5.024414E+1	2.990000E+2
1.557927E+3	8.500000E+2	0.000000E+0	-1.780466E-4	-3.838680E-4	2.609569E-2	2.905693E+2	5.024414E+1	2.990000E+2
1.558930E+3	8.570000E+2	0.000000E+0	-1.028015E-3	-7.449839E-4	2.703955E-2	2.905780E+2	5.024414E+1	2.990000E+2
1.560035E+3	8.640000E+2	0.000000E+0	-6.733104E-4	-1.242729E-3	2.777920E-2	2.905792E+2	5.024414E+1	2.990000E+2
1.561142E+3	8.710000E+2	0.000000E+0	-2.994465E-4	-1.901823E-3	2.855516E-2	2.905804E+2	5.024414E+1	2.990000E+2
1.562248E+3	8.780000E+2	0.000000E+0	-3.782066E-4	-1.337609E-3	2.917003E-2	2.905778E+2	5.024414E+1	2.990000E+2
1.563352E+3	8.850000E+2	0.000000E+0	-5.689429E-4	-3.409919E-4	2.983936E-2	2.905867E+2	5.024414E+1	2.990000E+2
1.564455E+3	8.920000E+2	0.000000E+0	4.598059E-4	-4.801344E-4	3.056540E-2	2.905776E+2	5.021973E+1	2.990000E+2
1.565557E+3	8.990000E+2	0.000000E+0	1.202602E-3	4.607834E-4	3.166355E-2	2.905834E+2	5.021973E+1	2.990000E+2
1.566658E+3	9.060000E+2	0.000000E+0	1.271161E-3	1.869005E-3	3.291824E-2	2.905884E+2	5.024414E+1	2.990000E+2
1.567759E+3	9.130000E+2	0.000000E+0	7.295363E-4	2.742014E-3	3.378723E-2	2.905990E+2	5.024414E+1	2.990000E+2
1.568860E+3	9.200000E+2	0.000000E+0	2.384677E-3	2.660051E-3	3.516671E-2	2.906048E+2	5.024414E+1	2.990000E+2
1.584996E+3	9.270000E+2	0.000000E+0	1.753231E-3	3.287316E-3	3.577705E-2	2.906103E+2	5.024414E+1	3.020000E+2
1.586099E+3	9.340000E+2	0.000000E+0	7.664306E-6	2.479434E-3	3.666645E-2	2.906013E+2	5.024414E+1	3.020000E+2
1.587204E+3	9.410000E+2	0.000000E+0	-1.986637E-4	1.163960E-3	3.740611E-2	2.906009E+2	5.021973E+1	3.020000E+2
1.588311E+3	9.480000E+2	0.000000E+0	-9.862365E-5	-8.603767E-4	3.819568E-2	2.906119E+2	5.021973E+1	3.020000E+2
1.589315E+3	9.550000E+2	0.000000E+0	6.035438E-4	-5.095037E-4	3.884459E-2	2.906040E+2	5.024414E+1	3.020000E+2
1.590419E+3	9.620000E+2	0.000000E+0	-1.428926E-3	-1.276505E-3	3.960013E-2	2.906124E+2	5.024414E+1	3.020000E+2
1.591525E+3	9.690000E+2	0.000000E+0	-1.557684E-3	-1.283334E-3	4.037155E-2	2.905971E+2	5.024414E+1	3.020000E+2
1.592630E+3	9.760000E+2	0.000000E+0	-1.462961E-3	-1.573311E-3	4.131541E-2	2.906074E+2	5.024414E+1	3.020000E+2
1.593733E+3	9.830000E+2	0.000000E+0	-1.413691E-3	-7.067931E-4	4.301481E-2	2.906129E+2	5.024414E+1	3.020000E+2
1.594834E+3	9.900000E+2	0.000000E+0	-7.623593E-4	-1.559650E-3	4.365917E-2	2.906078E+2	5.024414E+1	3.020000E+2
1.595939E+3	9.970000E+2	0.000000E+0	-4.805328E-4	-1.660347E-4	4.486622E-2	2.906087E+2	5.024414E+1	3.020000E+2
1.597044E+3	1.004000E+3	0.000000E+0	7.553128E-4	-6.944572E-5	4.602336E-2	2.906019E+2	5.024414E+1	3.020000E+2
1.598147E+3	1.011000E+3	0.000000E+0	-1.294526E-4	4.484168E-4	4.662008E-2	2.906011E+2	5.024414E+1	3.020000E+2
1.599252E+3	1.018000E+3	0.000000E+0	4.392337E-4	-3.200548E-4	4.748679E-2	2.906011E+2	5.024414E+1	3.020000E+2
1.600355E+3	1.025000E+3	0.000000E+0	2.641047E-4	-8.704172E-4	4.824914E-2	2.906118E+2	5.024414E+1	3.020000E+2
1.601461E+3	1.032000E+3	0.000000E+0	-1.097557E-4	-1.924665E-4	4.911813E-2	2.906022E+2	5.024414E+1	3.020000E+2
1.617710E+3	1.039000E+3	0.000000E+0	-3.577894E-5	-7.446363E-4	5.035694E-2	2.906038E+2	5.024414E+1	2.990000E+2
1.618717E+3	1.046000E+3	0.000000E+0	-1.144402E-3	-4.564828E-4	5.145055E-2	2.906036E+2	5.024414E+1	2.990000E+2
1.619822E+3	1.053000E+3	0.000000E+0	1.059526E-4	-9.281110E-4	5.204726E-2	2.906040E+2	5.024414E+1	2.990000E+2
1.620928E+3	1.060000E+3	0.000000E+0	2.032433E-3	1.722264E-3	5.278919E-2	2.905978E+2	5.024414E+1	2.990000E+2
1.622031E+3	1.067000E+3	0.000000E+0	-4.831764E-4	3.978970E-3	5.367406E-2	2.905899E+2	5.024414E+1	2.990000E+2
1.623137E+3	1.074000E+3	0.000000E+0	-3.024251E-3	-2.096112E-5	5.447498E-2	2.906067E+2	5.024414E+1	2.990000E+2
1.624242E+3	1.081000E+3	0.000000E+0	-8.293897E-4	-2.358786E-4	5.522598E-2	2.905929E+2	5.024414E+1	2.990000E+2
1.625345E+3	1.088000E+3	0.000000E+0	-1.254287E-3	-7.634551E-4	5.577959E-2	2.905863E+2	5.024414E+1	2.990000E+2
1.626449E+3	1.095000E+3	0.000000E+0	-1.016493E-3	-7.067930E-4	5.635362E-2	2.905915E+2	5.024414E+1	2.990000E+2
1.627553E+3	1.102000E+3	0.000000E+0	-2.934259E-4	-2.969666E-3	5.682782E-2	2.905946E+2	5.024414E+1	2.990000E+2
1.628659E+3	1.109000E+3	0.000000E+0	-1.262016E-3	-1.987255E-3	5.742454E-2	2.905975E+2	5.024414E+1	2.990000E+2
1.629763E+3	1.116000E+3	0.000000E+0	-1.545060E-3	-3.396540E-3	5.839789E-2	2.905967E+2	5.024414E+1	2.990000E+2
1.630868E+3	1.123000E+3	0.000000E+0	-3.295184E-3	-3.777693E-3	5.902864E-2	2.905873E+2	5.024414E+1	2.990000E+2
1.631973E+3	1.130000E+3	0.000000E+0	-2.839630E-3	-4.939414E-3	5.955049E-2	2.905960E+2	5.024414E+1	2.990000E+2
1.633077E+3	1.137000E+3	0.000000E+0	-5.316270E-3	-8.169644E-3	6.010637E-2	2.906063E+2	5.024414E+1	2.990000E+2
1.634183E+3	1.144000E+3	0.000000E+0	-7.342119E-3	-1.310369E-2	6.041267E-2	2.905920E+2	5.024414E+1	2.990000E+2
1.650349E+3	1.151000E+3	0.000000E+0	-1.294244E-2	-2.304056E-2	6.137921E-2	2.906022E+2	5.024414E+1	2.980000E+2
1.651455E+3	1.158000E+3	0.000000E+0	-2.265815E-2	-4.136422E-2	6.154031E-2	2.905914E+2	5.024414E+1	2.980000E+2
1.652559E+3	1.165000E+3	0.000000E+0	-4.058938E-2	-6.868545E-2	6.166736E-2	2.905907E+2	5.024414E+1	2.980000E+2
1.653663E+3	1.172000E+3	0.000000E+0	-6.796384E-2	-1.016976E-1	6.207123E-2	2.905995E+2	5.024414E+1	2.980000E+2
1.654769E+3	1.179000E+3	0.000000E+0	-1.023149E-1	-1.457945E-1	6.233442E-2	2.905981E+2	5.024414E+1	2.980000E+2
1.655875E+3	1.186000E+3	0.000000E+0	-1.268384E-1	-1.882876E-1	6.262937E-2	2.905955E+2	5.024414E+1	2.980000E+2
1.656877E+3	1.193000E+3	0.000000E+0	-1.335816E-1	-2.013433E-1	6.293567E-2	2.905902E+2	5.024414E+1	2.980000E+2
1.657984E+3	1.200000E+3	0.000000E+0	-1.362292E-1	-1.768778E-1	6.309676E-2	2.905940E+2	5.024414E+1	2.980000E+2
1.659087E+3	1.207000E+3	0.000000E+0	-1.097058E-1	-1.350262E-1	6.352785E-2	2.906019E+2	5.024414E+1	2.980000E+2
1.660191E+3	1.214000E+3	0.000000E+0	-2.868433E-2	-5.371450E-2	6.356189E-2	2.905991E+2	5.024414E+1	2.980000E+2
1.661292E+3	1.221000E+3	0.000000E+0	7.299917E-2	8.735279E-2	6.411550E-2	2.906002E+2	5.024414E+1	2.980000E+2
1.662397E+3	1.228000E+3	0.000000E+0	1.549186E-1	2.189921E-1	6.429474E-2	2.906067E+2	5.024414E+1	2.980000E+2
1.663499E+3	1.235000E+3	0.000000E+0	2.498653E-1	3.419670E-1	6.507524E-2	2.906083E+2	5.024414E+1	2.980000E+2
1.664602E+3	1.242000E+3	0.000000E+0	2.922919E-1	4.403427E-1	6.543826E-2	2.906050E+2	5.024414E+1	2.980000E+2
1.665706E+3	1.249000E+3	0.000000E+0	2.790771E-1	4.397207E-1	6.683363E-2	2.906076E+2	5.024414E+1	2.980000E+2
1.666813E+3	1.256000E+3	0.000000E+0	2.611101E-1	3.689883E-1	6.784555E-2	2.905946E+2	5.024414E+1	2.980000E+2
1.682877E+3	1.263000E+3	0.000000E+0	2.136263E-1	2.897411E-1	6.882118E-2	2.905954E+2	5.024414E+1	3.000000E+2
1.683981E+3	1.270000E+3	0.000000E+0	1.165349E-1	1.693786E-1	6.990798E-2	2.905917E+2	5.024414E+1	3.000000E+2
1.685084E+3	1.277000E+3	0.000000E+0	1.556271E-2	2.069376E-2	7.116721E-2	2.905944E+2	5.024414E+1	3.000000E+2
1.686188E+3	1.284000E+3	0.000000E+0	-4.731502E-2	-9.745553E-2	7.270779E-2	2.905918E+2	5.026855E+1	3.000000E+2
1.687295E+3	1.291000E+3	0.000000E+0	-9.101141E-2	-1.634827E-1	7.391030E-2	2.905991E+2	5.026855E+1	3.000000E+2
1.688396E+3	1.298000E+3	0.000000E+0	-1.282784E-1	-1.924313E-1	7.557340E-2	2.905919E+2	5.024414E+1	3.000000E+2
1.689503E+3	1.305000E+3	0.000000E+0	-1.374858E-1	-1.950540E-1	7.684625E-2	2.905951E+2	5.024414E+1	3.000000E+2
1.690609E+3	1.312000E+3	0.000000E+0	-1.183765E-1	-1.728880E-1	7.793985E-2	2.905935E+2	5.026855E+1	3.000000E+2
1.691712E+3	1.319000E+3	0.000000E+0	-8.687882E-2	-1.253225E-1	8.098016E-2	2.906016E+2	5.026855E+1	3.000000E+2
1.692813E+3	1.326000E+3	0.000000E+0	-6.592415E-2	-8.625147E-2	8.244587E-2	2.906043E+2	5.024414E+1	3.000000E+2
1.693917E+3	1.333000E+3	0.000000E+0	-4.139902E-2	-5.587748E-2	8.358031E-2	2.906012E+2	5.024414E+1	3.000000E+2
1.695024E+3	1.340000E+3	0.000000E+0	-2.158949E-2	-3.432302E-2	8.527974E-2	2.905993E+2	5.024414E+1	3.000000E+2
1.696129E+3	1.347000E+3	0.000000E+0	-1.017546E-2	-1.750592E-2	8.679988E-2	2.906092E+2	5.024414E+1	3.000000E+2
1.697230E+3	1.354000E+3	0.000000E+0	-4.502864E-3	-8.973459E-3	8.821569E-2	2.906055E+2	5.024414E+1	3.000000E+2
1.698334E+3	1.361000E+3	0.000000E+0	-3.025762E-3	-3.730164E-3	8.909376E-2	2.905953E+2	5.024414E+1	3.000000E+2
1.699436E+3	1.368000E+3	0.000000E+0	-1.778504E-3	-2.592773E-3	9.015792E-2	2.906000E+2	5.024414E+1	3.000000E+2
1.715287E+3	1.375000E+3	0.000000E+0	-1.713385E-3	-2.926866E-3	9.132640E-2	2.905926E+2	5.024414E+1	3.000000E+2
1.716389E+3	1.382000E+3	0.000000E+0	-2.494067E-3	-1.482435E-3	9.235423E-2	2.905947E+2	5.024414E+1	3.000000E+2
1.717495E+3	1.389000E+3	0.000000E+0	-1.507152E-3	-1.922966E-3	9.302361E-2	2.905991E+2	5.024414E+1	3.000000E+2
1.718596E+3	1.396000E+3	0.000000E+0	-1.943787E-3	-2.092908E-3	9.390402E-2	2.906027E+2	5.024414E+1	3.000000E+2
1.719701E+3	1.403000E+3	0.000000E+0	-7.381898E-4	-1.636468E-3	9.515890E-2	2.906056E+2	5.024414E+1	3.000000E+2
1.720806E+3	1.410000E+3	0.000000E+0	-1.788668E-3	-7.028279E-4	9.743488E-2	2.905969E+2	5.024414E+1	3.000000E+2
1.721912E+3	1.417000E+3	0.000000E+0	-1.056440E-3	-2.055287E-3	9.844714E-2	2.906036E+2	5.024414E+1	3.000000E+2
1.723019E+3	1.424000E+3	0.000000E+0	-1.526715E-3	-1.166279E-3	9.933449E-2	2.905960E+2	5.024414E+1	3.000000E+2
1.724125E+3	1.431000E+3	0.000000E+0	-3.828568E-4	-4.522399E-4	1.004127E-1	2.905893E+2	5.024414E+1	3.000000E+2
1.725229E+3	1.438000E+3	0.000000E+0	-8.211940E-4	-6.161506E-4	1.009799E-1	2.905935E+2	5.024414E+1	3.000000E+2
1.726332E+3	1.445000E+3	0.000000E+0	-2.202258E-4	-4.956027E-4	1.022856E-1	2.905859E+2	5.024414E+1	3.000000E+2
1.727434E+3	1.452000E+3	0.000000E+0	1.105727E-4	-1.090319E-3	1.028642E-1	2.905951E+2	5.024414E+1	3.000000E+2
1.728536E+3	1.459000E+3	0.000000E+0	5.510088E-4	8.647736E-4	1.038226E-1	2.905895E+2	5.024414E+1	3.000000E+2
1.729540E+3	1.466000E+3	0.000000E+0	6.214559E-5	2.723056E-4	1.042809E-1	2.905991E+2	5.024414E+1	3.000000E+2
1.730646E+3	1.473000E+3	0.000000E+0	4.955924E-4	-3.059311E-5	1.050966E-1	2.905998E+2	5.024414E+1	3.000000E+2
1.731748E+3	1.480000E+3	0.000000E+0	5.893675E-4	-6.830255E-4	1.060957E-1	2.906025E+2	5.024414E+1	3.000000E+2
1.747998E+3	1.487000E+3	0.000000E+0	-2.256191E-4	3.610485E-4	1.068022E-1	2.905884E+2	5.024414E+1	2.990000E+2
1.749100E+3	1.494000E+3	0.000000E+0	-6.296421E-4	-1.090491E-4	1.074338E-1	2.905933E+2	5.024414E+1	2.990000E+2
1.750205E+3	1.501000E+3	0.000000E+0	-2.564528E-4	-9.325788E-4	1.079564E-1	2.905969E+2	5.024414E+1	2.990000E+2
1.751308E+3	1.508000E+3	0.000000E+0	-6.213165E-4	-1.440376E-3	1.081316E-1	2.905992E+2	5.024414E+1	2.990000E+2
1.752411E+3	1.515000E+3	0.000000E+0	-1.353442E-3	-3.696683E-3	1.085403E-1	2.905979E+2	5.024414E+1	2.990000E+2
1.753512E+3	1.522000E+3	0.000000E+0	-1.772171E-3	-2.549865E-3	1.086334E-1	2.905940E+2	5.024414E+1	2.990000E+2
1.754617E+3	1.529000E+3	0.000000E+0	-1.454641E-3	-1.880747E-3	1.091701E-1	2.906007E+2	5.024414E+1	2.990000E+2
1.755722E+3	1.536000E+3	0.000000E+0	-1.427577E-3	-1.352794E-3	1.091697E-1	2.905993E+2	5.024414E+1	2.990000E+2
1.756728E+3	1.543000E+3	0.000000E+0	-1.294393E-3	-4.603348E-4	1.103458E-1	2.905999E+2	5.024414E+1	2.990000E+2
1.757831E+3	1.550000E+3	0.000000E+0	-3.536478E-4	9.914960E-4	1.106551E-1	2.906012E+2	5.024414E+1	2.990000E+2
1.758934E+3	1.557000E+3	0.000000E+0	1.152553E-3	2.163874E-3	1.105504E-1	2.905992E+2	5.024414E+1	2.990000E+2
1.760039E+3	1.564000E+3	0.000000E+0	1.971155E-3	3.034372E-3	1.110166E-1	2.905921E+2	5.024414E+1	2.990000E+2
1.761142E+3	1.571000E+3	0.000000E+0	1.212023E-3	2.333194E-3	1.113215E-1	2.905977E+2	5.024414E+1	2.990000E+2
1.762250E+3	1.578000E+3	0.000000E+0	-7.715387E-4	8.538018E-4	1.118402E-1	2.905971E+2	5.024414E+1	2.990000E+2
1.763354E+3	1.585000E+3	0.000000E+0	-2.201915E-3	-4.071278E-3	1.123520E-1	2.905990E+2	5.024414E+1	2.990000E+2
1.764459E+3	1.592000E+3	0.000000E+0	-8.158528E-3	-1.095057E-2	1.127432E-1	2.906023E+2	5.024414E+1	2.990000E+2
1.780714E+3	1.599000E+3	0.000000E+0	-1.672571E-2	-2.345179E-2	1.135004E-1	2.906110E+2	5.024414E+1	2.990000E+2
1.781718E+3	1.606000E+3	0.000000E+0	-2.773149E-2	-3.982611E-2	1.140163E-1	2.906108E+2	5.024414E+1	2.990000E+2
1.782820E+3	1.613000E+3	0.000000E+0	-4.300440E-2	-6.492010E-2	1.146210E-1	2.906104E+2	5.024414E+1	2.990000E+2
1.783925E+3	1.620000E+3	0.000000E+0	-6.242525E-2	-9.463056E-2	1.151302E-1	2.906188E+2	5.024414E+1	2.990000E+2
1.785030E+3	1.627000E+3	0.000000E+0	-8.262919E-2	-1.254585E-1	1.156641E-1	2.906081E+2	5.024414E+1	2.990000E+2
1.786133E+3	1.634000E+3	0.000000E+0	-1.036042E-1	-1.541276E-1	1.161914E-1	2.906021E+2	5.024414E+1	2.990000E+2
1.787238E+3	1.641000E+3	0.000000E+0	-1.222904E-1	-1.765888E-1	1.165777E-1	2.906024E+2	5.024414E+1	2.990000E+2
1.788345E+3	1.648000E+3	0.000000E+0	-1.282285E-1	-1.791347E-1	1.174750E-1	2.906012E+2	5.024414E+1	2.990000E+2
1.789447E+3	1.655000E+3	0.000000E+0	-1.052837E-1	-1.606541E-1	1.175429E-1	2.906067E+2	5.024414E+1	2.990000E+2
1.790550E+3	1.662000E+3	0.000000E+0	-5.795911E-2	-1.029592E-1	1.184539E-1	2.906075E+2	5.024414E+1	2.990000E+2
1.791652E+3	1.669000E+3	0.000000E+0	7.284346E-3	-6.546015E-3	1.191848E-1	2.905987E+2	5.024414E+1	2.990000E+2
1.792758E+3	1.676000E+3	0.000000E+0	7.228345E-2	1.017033E-1	1.212868E-1	2.906124E+2	5.026855E+1	2.990000E+2
1.793859E+3	1.683000E+3	0.000000E+0	1.425889E-1	2.030355E-1	1.221471E-1	2.906045E+2	5.026855E+1	2.990000E+2
1.794963E+3	1.690000E+3	0.000000E+0	2.142025E-1	2.959568E-1	1.235200E-1	2.906021E+2	5.024414E+1	2.990000E+2
1.796066E+3	1.697000E+3	0.000000E+0	2.539927E-1	3.707344E-1	1.248406E-1	2.906020E+2	5.024414E+1	2.990000E+2
1.797170E+3	1.704000E+3	0.000000E+0	2.506357E-1	3.918270E-1	1.260750E-1	2.905988E+2	5.024414E+1	2.990000E+2
1.813210E+3	1.711000E+3	0.000000E+0	2.319884E-1	3.442492E-1	1.282398E-1	2.905936E+2	5.024414E+1	3.020000E+2
1.814314E+3	1.718000E+3	0.000000E+0	1.986901E-1	2.712757E-1	1.293470E-1	2.906090E+2	5.024414E+1	3.020000E+2
1.815420E+3	1.725000E+3	0.000000E+0	1.281510E-1	1.833757E-1	1.308559E-1	2.906013E+2	5.024414E+1	3.020000E+2
1.816524E+3	1.732000E+3	0.000000E+0	5.337716E-2	7.538271E-2	1.324963E-1	2.906081E+2	5.024414E+1	3.020000E+2
1.817627E+3	1.739000E+3	0.000000E+0	-1.076367E-2	-3.140114E-2	1.337919E-1	2.906115E+2	5.026855E+1	3.020000E+2
1.818733E+3	1.746000E+3	0.000000E+0	-5.579238E-2	-1.070899E-1	1.371589E-1	2.906059E+2	5.026855E+1	3.020000E+2
1.819834E+3	1.753000E+3	0.000000E+0	-9.195919E-2	-1.577571E-1	1.387109E-1	2.906098E+2	5.026855E+1	3.020000E+2
1.820939E+3	1.760000E+3	0.000000E+0	-1.114980E-1	-1.766914E-1	1.406281E-1	2.906029E+2	5.026855E+1	3.020000E+2
1.822043E+3	1.767000E+3	0.000000E+0	-1.164518E-1	-1.746650E-1	1.418510E-1	2.906105E+2	5.024414E+1	3.020000E+2
1.823146E+3	1.774000E+3	0.000000E+0	-1.041042E-1	-1.544096E-1	1.434778E-1	2.906160E+2	5.024414E+1	3.020000E+2
1.824250E+3	1.781000E+3	0.000000E+0	-8.256675E-2	-1.236506E-1	1.444330E-1	2.906087E+2	5.024414E+1	3.020000E+2
1.825357E+3	1.788000E+3	0.000000E+0	-5.807753E-2	-8.947811E-2	1.453837E-1	2.906103E+2	5.024414E+1	3.020000E+2
1.826460E+3	1.795000E+3	0.000000E+0	-3.548608E-2	-5.568492E-2	1.466179E-1	2.906069E+2	5.024414E+1	3.020000E+2
1.827564E+3	1.802000E+3	0.000000E+0	-1.469552E-2	-2.540495E-2	1.469742E-1	2.905994E+2	5.024414E+1	3.020000E+2
1.828669E+3	1.809000E+3	0.000000E+0	1.305106E-3	-7.746586E-3	1.475323E-1	2.906049E+2	5.024414E+1	3.020000E+2
1.829773E+3	1.816000E+3	0.000000E+0	3.930624E-3	1.016130E-2	1.479021E-1	2.905927E+2	5.026855E+1	3.020000E+2
1.845828E+3	1.823000E+3	0.000000E+0	4.930045E-3	1.274528E-2	1.486168E-1	2.906063E+2	5.026855E+1	2.980000E+2
1.846930E+3	1.830000E+3	0.000000E+0	8.436014E-3	9.047630E-3	1.485442E-1	2.906017E+2	5.024414E+1	2.980000E+2
1.848036E+3	1.837000E+3	0.000000E+0	3.593631E-3	3.422043E-3	1.482878E-1	2.906020E+2	5.024414E+1	2.980000E+2
1.849140E+3	1.844000E+3	0.000000E+0	-4.013034E-3	-5.886222E-3	1.484149E-1	2.905980E+2	5.024414E+1	2.980000E+2
1.850240E+3	1.851000E+3	0.000000E+0	-1.479181E-2	-2.148492E-2	1.479793E-1	2.906016E+2	5.024414E+1	2.980000E+2
1.851342E+3	1.858000E+3	0.000000E+0	-2.948389E-2	-3.989368E-2	1.484285E-1	2.905980E+2	5.024414E+1	2.980000E+2
1.852444E+3	1.865000E+3	0.000000E+0	-4.199214E-2	-6.212141E-2	1.480882E-1	2.906123E+2	5.024414E+1	2.980000E+2
1.853546E+3	1.872000E+3	0.000000E+0	-5.506543E-2	-8.063713E-2	1.475777E-1	2.906119E+2	5.024414E+1	2.980000E+2
1.854648E+3	1.879000E+3	0.000000E+0	-5.881244E-2	-9.101599E-2	1.474620E-1	2.906140E+2	5.024414E+1	2.980000E+2
1.855753E+3	1.886000E+3	0.000000E+0	-5.445453E-2	-8.798556E-2	1.474211E-1	2.906043E+2	5.024414E+1	2.980000E+2
1.856858E+3	1.893000E+3	0.000000E+0	-3.509588E-2	-6.656243E-2	1.468947E-1	2.905991E+2	5.024414E+1	2.980000E+2
1.857963E+3	1.900000E+3	0.000000E+0	-1.383407E-2	-2.458032E-2	1.471148E-1	2.905996E+2	5.024414E+1	2.980000E+2
1.859065E+3	1.907000E+3	0.000000E+0	2.308116E-2	2.428570E-2	1.465363E-1	2.906007E+2	5.024414E+1	2.980000E+2
1.860169E+3	1.914000E+3	0.000000E+0	5.601491E-2	8.122144E-2	1.476140E-1	2.906046E+2	5.024414E+1	2.980000E+2
1.861172E+3	1.921000E+3	0.000000E+0	7.986408E-2	1.227633E-1	1.484807E-1	2.906141E+2	5.024414E+1	2.980000E+2
1.862276E+3	1.928000E+3	0.000000E+0	9.246486E-2	1.530208E-1	1.488074E-1	2.905969E+2	5.024414E+1	2.980000E+2
1.878350E+3	1.935000E+3	0.000000E+0	9.666613E-2	1.596591E-1	1.501234E-1	2.906060E+2	5.024414E+1	2.990000E+2
1.879454E+3	1.942000E+3	0.000000E+0	8.770149E-2	1.389940E-1	1.510173E-1	2.906031E+2	5.024414E+1	2.990000E+2
1.880556E+3	1.949000E+3	0.000000E+0	6.508674E-2	9.919631E-2	1.516140E-1	2.905961E+2	5.024414E+1	2.990000E+2
1.881658E+3	1.956000E+3	0.000000E+0	3.674836E-2	4.699097E-2	1.530412E-1	2.906063E+2	5.024414E+1	2.990000E+2
1.882660E+3	1.963000E+3	0.000000E+0	9.900798E-3	2.031928E-3	1.540351E-1	2.906071E+2	5.026855E+1	2.990000E+2
1.883764E+3	1.970000E+3	0.000000E+0	-1.508853E-2	-3.400493E-2	1.570030E-1	2.906190E+2	5.026855E+1	2.990000E+2
1.884866E+3	1.977000E+3	0.000000E+0	-3.208216E-2	-5.623692E-2	1.588070E-1	2.906113E+2	5.024414E+1	2.990000E+2
1.885969E+3	1.984000E+3	0.000000E+0	-3.767615E-2	-6.280548E-2	1.610240E-1	2.906058E+2	5.024414E+1	2.990000E+2
1.887074E+3	1.991000E+3	0.000000E+0	-3.958324E-2	-5.556160E-2	1.628804E-1	2.906080E+2	5.024414E+1	2.990000E+2
1.888179E+3	1.998000E+3	0.000000E+0	-3.264365E-2	-4.247483E-2	1.652886E-1	2.906124E+2	5.024414E+1	2.990000E+2
1.889284E+3	2.005000E+3	0.000000E+0	-2.284031E-2	-2.599896E-2	1.672702E-1	2.906139E+2	5.024414E+1	2.990000E+2
1.890387E+3	2.012000E+3	0.000000E+0	-1.284776E-2	-1.489341E-2	1.689522E-1	2.906008E+2	5.024414E+1	2.990000E+2
1.891492E+3	2.019000E+3	0.000000E+0	-6.564557E-3	-8.215372E-3	1.704936E-1	2.906004E+2	5.024414E+1	2.990000E+2
1.892598E+3	2.026000E+3	0.000000E+0	-5.369700E-3	-9.064395E-3	1.717991E-1	2.905989E+2	5.024414E+1	2.990000E+2
1.893704E+3	2.033000E+3	0.000000E+0	-4.391622E-3	-1.143273E-2	1.734697E-1	2.905942E+2	5.024414E+1	2.990000E+2
1.894806E+3	2.040000E+3	0.000000E+0	-6.940129E-3	-1.173863E-2	1.760131E-1	2.906014E+2	5.024414E+1	2.990000E+2
1.910863E+3	2.047000E+3	0.000000E+0	-7.479006E-3	-1.103154E-2	1.778191E-1	2.905962E+2	5.024414E+1	3.000000E+2
1.911970E+3	2.054000E+3	0.000000E+0	-6.978832E-3	-1.041146E-2	1.791931E-1	2.905946E+2	5.024414E+1	3.000000E+2
1.913078E+3	2.061000E+3	0.000000E+0	-4.526406E-3	-7.243010E-3	1.804906E-1	2.906062E+2	5.024414E+1	3.000000E+2
1.914183E+3	2.068000E+3	0.000000E+0	-3.678282E-3	-5.713049E-3	1.816537E-1	2.905938E+2	5.024414E+1	3.000000E+2
1.915285E+3	2.075000E+3	0.000000E+0	-2.018089E-3	-4.172547E-3	1.813412E-1	2.905952E+2	5.024414E+1	3.000000E+2
1.916387E+3	2.082000E+3	0.000000E+0	-1.058501E-3	-2.410437E-3	1.828531E-1	2.906023E+2	5.024414E+1	3.000000E+2
1.917492E+3	2.089000E+3	0.000000E+0	-1.074885E-3	-1.885817E-3	1.832848E-1	2.905931E+2	5.024414E+1	3.000000E+2
1.918595E+3	2.096000E+3	0.000000E+0	-1.340636E-3	-1.028425E-3	1.837071E-1	2.905896E+2	5.024414E+1	3.000000E+2
1.919699E+3	2.103000E+3	0.000000E+0	-1.045334E-3	-1.801981E-3	1.838727E-1	2.905995E+2	5.024414E+1	3.000000E+2
1.920804E+3	2.110000E+3	0.000000E+0	-7.788942E-4	-1.180471E-3	1.834466E-1	2.906041E+2	5.026855E+1	3.000000E+2
1.921908E+3	2.117000E+3	0.000000E+0	-1.897806E-3	-2.668398E-3	1.828112E-1	2.905962E+2	5.026855E+1	3.000000E+2
1.923014E+3	2.124000E+3	0.000000E+0	-1.048776E-3	-7.893384E-4	1.827044E-1	2.905910E+2	5.024414E+1	3.000000E+2
