7.337320E+3	2.131000E+3	0.000000E+0	-5.569926E-3	-9.414364E-3	1.817741E-1	2.906232E+2	5.075684E+1	9.030000E+2
7.338422E+3	8.500000E+2	0.000000E+0	-7.246611E-4	-1.816149E-3	2.710099E-2	2.905951E+2	5.075684E+1	9.030000E+2
7.339528E+3	8.570000E+2	0.000000E+0	-7.856510E-4	-1.712951E-3	2.693518E-2	2.905935E+2	5.075684E+1	9.030000E+2
7.340632E+3	8.640000E+2	0.000000E+0	-9.189637E-4	-1.504854E-3	2.755005E-2	2.905991E+2	5.075684E+1	9.030000E+2
7.356486E+3	8.710000E+2	0.000000E+0	-7.028582E-4	-1.297432E-3	2.849390E-2	2.906239E+2	5.075684E+1	8.980000E+2
7.357590E+3	8.780000E+2	0.000000E+0	-2.541984E-4	-6.312035E-4	2.902483E-2	2.906249E+2	5.075684E+1	8.980000E+2
7.358695E+3	8.850000E+2	0.000000E+0	1.370848E-4	1.841395E-4	2.951491E-2	2.906217E+2	5.075684E+1	8.980000E+2
7.359799E+3	8.920000E+2	0.000000E+0	5.497110E-4	1.045516E-3	3.061532E-2	2.906238E+2	5.075684E+1	8.980000E+2
7.360901E+3	8.990000E+2	0.000000E+0	1.079714E-3	1.721076E-3	3.153195E-2	2.906280E+2	5.075684E+1	8.980000E+2
7.362004E+3	9.060000E+2	0.000000E+0	1.286205E-3	2.443584E-3	3.293186E-2	2.906325E+2	5.075684E+1	8.980000E+2
7.363108E+3	9.130000E+2	0.000000E+0	1.501346E-3	2.909197E-3	3.377815E-2	2.906203E+2	5.078125E+1	8.980000E+2
7.364213E+3	9.200000E+2	0.000000E+0	1.768833E-3	3.059777E-3	3.494663E-2	2.906215E+2	5.078125E+1	8.980000E+2
7.365218E+3	9.270000E+2	0.000000E+0	1.674243E-3	2.813808E-3	3.566360E-2	2.906260E+2	5.078125E+1	8.980000E+2
7.366421E+3	9.340000E+2	0.000000E+0	1.312102E-3	2.117878E-3	3.637830E-2	2.906271E+2	5.078125E+1	8.980000E+2
7.367423E+3	9.410000E+2	0.000000E+0	8.184274E-4	1.510133E-3	3.731308E-2	2.906222E+2	5.075684E+1	8.980000E+2
7.368528E+3	9.480000E+2	0.000000E+0	3.791271E-4	5.349318E-4	3.839761E-2	2.906233E+2	5.078125E+1	8.980000E+2
7.369629E+3	9.550000E+2	0.000000E+0	-6.307430E-5	-2.006052E-4	3.887181E-2	2.906249E+2	5.078125E+1	8.980000E+2
7.370731E+3	9.620000E+2	0.000000E+0	-8.607976E-4	-1.147910E-3	3.988601E-2	2.906160E+2	5.075684E+1	8.980000E+2
7.371833E+3	9.690000E+2	0.000000E+0	-1.016965E-3	-1.501325E-3	4.063928E-2	2.906244E+2	5.075684E+1	8.980000E+2
7.372935E+3	9.760000E+2	0.000000E+0	-1.344923E-3	-2.006396E-3	4.221389E-2	2.906193E+2	5.075684E+1	8.980000E+2
7.388687E+3	9.830000E+2	0.000000E+0	-1.274728E-3	-2.343667E-3	4.256330E-2	2.906104E+2	5.075684E+1	9.010000E+2
7.389891E+3	9.900000E+2	0.000000E+0	-1.340619E-3	-2.293470E-3	4.303296E-2	2.906160E+2	5.075684E+1	9.010000E+2
7.390992E+3	9.970000E+2	0.000000E+0	-1.250712E-3	-2.331997E-3	4.353892E-2	2.906162E+2	5.078125E+1	9.010000E+2
7.392095E+3	1.004000E+3	0.000000E+0	-1.373772E-3	-2.089956E-3	4.568756E-2	2.906169E+2	5.078125E+1	9.010000E+2
7.393199E+3	1.011000E+3	0.000000E+0	-9.982564E-4	-1.924442E-3	4.662688E-2	2.906122E+2	5.075684E+1	9.010000E+2
7.394303E+3	1.018000E+3	0.000000E+0	-1.086903E-3	-1.909663E-3	4.761612E-2	2.906064E+2	5.075684E+1	9.010000E+2
7.395407E+3	1.025000E+3	0.000000E+0	-1.047610E-3	-2.048486E-3	4.849418E-2	2.906097E+2	5.075684E+1	9.010000E+2
7.396409E+3	1.032000E+3	0.000000E+0	-1.111939E-3	-2.008388E-3	4.928375E-2	2.906107E+2	5.075684E+1	9.010000E+2
7.397512E+3	1.039000E+3	0.000000E+0	-1.218991E-3	-2.360298E-3	5.002341E-2	2.906065E+2	5.075684E+1	9.010000E+2
7.398615E+3	1.046000E+3	0.000000E+0	-1.418644E-3	-2.777068E-3	5.079484E-2	2.906054E+2	5.075684E+1	9.010000E+2
7.399721E+3	1.053000E+3	0.000000E+0	-1.810982E-3	-3.191706E-3	5.179769E-2	2.906058E+2	5.075684E+1	9.010000E+2
7.400825E+3	1.060000E+3	0.000000E+0	-2.346918E-3	-3.784675E-3	5.221970E-2	2.906002E+2	5.078125E+1	9.010000E+2
7.401927E+3	1.067000E+3	0.000000E+0	-2.602373E-3	-4.432690E-3	5.301381E-2	2.905893E+2	5.078125E+1	9.010000E+2
7.403031E+3	1.074000E+3	0.000000E+0	-3.101423E-3	-5.388765E-3	5.461338E-2	2.906064E+2	5.078125E+1	9.010000E+2
7.404134E+3	1.081000E+3	0.000000E+0	-3.589393E-3	-6.659620E-3	5.523733E-2	2.906020E+2	5.078125E+1	9.010000E+2
7.405239E+3	1.088000E+3	0.000000E+0	-4.710473E-3	-8.354432E-3	5.590665E-2	2.906092E+2	5.075684E+1	9.010000E+2
7.421088E+3	1.095000E+3	0.000000E+0	-5.784223E-3	-9.848283E-3	5.663269E-2	2.905996E+2	5.075684E+1	9.010000E+2
7.422189E+3	1.102000E+3	0.000000E+0	-7.032459E-3	-1.182783E-2	5.730429E-2	2.906159E+2	5.078125E+1	9.010000E+2
7.423290E+3	1.109000E+3	0.000000E+0	-8.191382E-3	-1.467977E-2	5.772630E-2	2.906033E+2	5.078125E+1	9.010000E+2
7.424393E+3	1.116000E+3	0.000000E+0	-1.057662E-2	-2.002879E-2	5.831848E-2	2.906032E+2	5.078125E+1	9.010000E+2
7.425396E+3	1.123000E+3	0.000000E+0	-1.541309E-2	-2.870837E-2	5.877226E-2	2.906101E+2	5.078125E+1	9.010000E+2
7.426499E+3	1.130000E+3	0.000000E+0	-2.246789E-2	-3.846640E-2	5.942116E-2	2.906062E+2	5.075684E+1	9.010000E+2
7.427604E+3	1.137000E+3	0.000000E+0	-3.135108E-2	-5.186148E-2	5.981368E-2	2.906026E+2	5.075684E+1	9.010000E+2
7.428709E+3	1.144000E+3	0.000000E+0	-4.187643E-2	-6.885594E-2	6.012225E-2	2.906078E+2	5.078125E+1	9.010000E+2
7.429814E+3	1.151000E+3	0.000000E+0	-5.432421E-2	-9.712015E-2	6.049208E-2	2.906069E+2	5.078125E+1	9.010000E+2
7.430916E+3	1.158000E+3	0.000000E+0	-7.126403E-2	-1.354120E-1	6.085283E-2	2.906140E+2	5.078125E+1	9.010000E+2
7.432017E+3	1.165000E+3	0.000000E+0	-9.271143E-2	-1.729698E-1	6.154257E-2	2.906027E+2	5.078125E+1	9.010000E+2
7.433120E+3	1.172000E+3	0.000000E+0	-1.125013E-1	-2.012418E-1	6.188518E-2	2.906034E+2	5.075684E+1	9.010000E+2
7.434224E+3	1.179000E+3	0.000000E+0	-1.224620E-1	-2.168424E-1	6.217106E-2	2.906050E+2	5.078125E+1	9.010000E+2
7.435326E+3	1.186000E+3	0.000000E+0	-1.163443E-1	-2.203308E-1	6.262257E-2	2.906034E+2	5.078125E+1	9.010000E+2
7.436430E+3	1.193000E+3	0.000000E+0	-1.020036E-1	-1.978554E-1	6.278366E-2	2.906055E+2	5.078125E+1	9.010000E+2
7.437534E+3	1.200000E+3	0.000000E+0	-8.277734E-2	-1.334381E-1	6.330777E-2	2.906140E+2	5.078125E+1	9.010000E+2
7.453303E+3	1.207000E+3	0.000000E+0	-3.750695E-2	-2.989621E-2	6.367306E-2	2.906062E+2	5.078125E+1	9.010000E+2
7.454407E+3	1.214000E+3	0.000000E+0	5.572398E-2	6.864406E-2	6.410642E-2	2.906113E+2	5.078125E+1	9.010000E+2
7.455513E+3	1.221000E+3	0.000000E+0	1.135972E-1	1.838333E-1	6.477348E-2	2.906049E+2	5.078125E+1	9.010000E+2
7.456617E+3	1.228000E+3	0.000000E+0	1.665731E-1	3.013390E-1	6.504574E-2	2.906058E+2	5.078125E+1	9.010000E+2
7.457721E+3	1.235000E+3	0.000000E+0	2.100469E-1	3.921990E-1	6.567649E-2	2.906087E+2	5.078125E+1	9.010000E+2
7.458824E+3	1.242000E+3	0.000000E+0	2.371879E-1	4.512873E-1	6.608489E-2	2.906099E+2	5.078125E+1	9.010000E+2
7.459932E+3	1.249000E+3	0.000000E+0	2.469347E-1	4.714324E-1	6.681321E-2	2.906116E+2	5.078125E+1	9.010000E+2
7.461037E+3	1.256000E+3	0.000000E+0	2.414059E-1	4.499256E-1	6.854437E-2	2.906195E+2	5.078125E+1	9.010000E+2
7.462142E+3	1.263000E+3	0.000000E+0	2.148521E-1	3.932370E-1	6.951546E-2	2.906153E+2	5.078125E+1	9.010000E+2
7.463246E+3	1.270000E+3	0.000000E+0	1.713945E-1	3.087471E-1	7.046159E-2	2.906141E+2	5.078125E+1	9.010000E+2
7.464349E+3	1.277000E+3	0.000000E+0	1.185386E-1	2.038998E-1	7.169586E-2	2.906132E+2	5.078125E+1	9.010000E+2
7.465452E+3	1.284000E+3	0.000000E+0	5.970136E-2	8.851240E-2	7.286434E-2	2.906132E+2	5.078125E+1	9.010000E+2
7.466552E+3	1.291000E+3	0.000000E+0	1.919447E-3	-2.375972E-2	7.381501E-2	2.906183E+2	5.078125E+1	9.010000E+2
7.467654E+3	1.298000E+3	0.000000E+0	-5.074153E-2	-1.216444E-1	7.487912E-2	2.906170E+2	5.078125E+1	9.010000E+2
7.468756E+3	1.305000E+3	0.000000E+0	-9.449493E-2	-1.889407E-1	7.610659E-2	2.906159E+2	5.078125E+1	9.010000E+2
7.469858E+3	1.312000E+3	0.000000E+0	-1.183763E-1	-2.225686E-1	7.723876E-2	2.906139E+2	5.078125E+1	9.010000E+2
7.485619E+3	1.319000E+3	0.000000E+0	-1.237708E-1	-2.231579E-1	7.998866E-2	2.906194E+2	5.078125E+1	8.990000E+2
7.486723E+3	1.326000E+3	0.000000E+0	-1.154588E-1	-2.033410E-1	8.085084E-2	2.906309E+2	5.078125E+1	8.990000E+2
7.487831E+3	1.333000E+3	0.000000E+0	-9.684390E-2	-1.754761E-1	8.198982E-2	2.906278E+2	5.075684E+1	8.990000E+2
7.488935E+3	1.340000E+3	0.000000E+0	-7.929951E-2	-1.427526E-1	8.353494E-2	2.906150E+2	5.075684E+1	8.990000E+2
7.490039E+3	1.347000E+3	0.000000E+0	-6.294593E-2	-1.085158E-1	8.584017E-2	2.906200E+2	5.078125E+1	8.990000E+2
7.491139E+3	1.354000E+3	0.000000E+0	-4.720399E-2	-7.767562E-2	8.716066E-2	2.906206E+2	5.078125E+1	8.990000E+2
7.492243E+3	1.361000E+3	0.000000E+0	-3.211403E-2	-5.224988E-2	8.863094E-2	2.906231E+2	5.078125E+1	8.990000E+2
7.493349E+3	1.368000E+3	0.000000E+0	-2.110823E-2	-3.568744E-2	8.986074E-2	2.906262E+2	5.078125E+1	8.990000E+2
7.494452E+3	1.375000E+3	0.000000E+0	-1.443128E-2	-2.629117E-2	9.128338E-2	2.906214E+2	5.078125E+1	8.990000E+2
7.495456E+3	1.382000E+3	0.000000E+0	-1.088138E-2	-2.049489E-2	9.223184E-2	2.906231E+2	5.078125E+1	8.990000E+2
7.496560E+3	1.389000E+3	0.000000E+0	-8.895217E-3	-1.653202E-2	9.344358E-2	2.906319E+2	5.078125E+1	8.990000E+2
7.497664E+3	1.396000E+3	0.000000E+0	-7.676193E-3	-1.317386E-2	9.473258E-2	2.906208E+2	5.075684E+1	8.990000E+2
7.498767E+3	1.403000E+3	0.000000E+0	-6.427655E-3	-1.064381E-2	9.502526E-2	2.906228E+2	5.075684E+1	8.990000E+2
7.499871E+3	1.410000E+3	0.000000E+0	-5.408024E-3	-8.723569E-3	9.609196E-2	2.906341E+2	5.078125E+1	8.990000E+2
7.500973E+3	1.417000E+3	0.000000E+0	-4.542180E-3	-7.354623E-3	9.798237E-2	2.906287E+2	5.078125E+1	8.990000E+2
7.502076E+3	1.424000E+3	0.000000E+0	-3.904643E-3	-6.403103E-3	9.933053E-2	2.906305E+2	5.078125E+1	8.990000E+2
7.518025E+3	1.431000E+3	0.000000E+0	-3.336538E-3	-5.654903E-3	1.000206E-1	2.906354E+2	5.078125E+1	9.010000E+2
7.519130E+3	1.438000E+3	0.000000E+0	-3.027116E-3	-5.026181E-3	1.009194E-1	2.906230E+2	5.078125E+1	9.010000E+2
7.520235E+3	1.445000E+3	0.000000E+0	-2.523297E-3	-4.294882E-3	1.018365E-1	2.906139E+2	5.078125E+1	9.010000E+2
7.521339E+3	1.452000E+3	0.000000E+0	-2.177461E-3	-3.790670E-3	1.021699E-1	2.906247E+2	5.078125E+1	9.010000E+2
7.522340E+3	1.459000E+3	0.000000E+0	-1.822586E-3	-3.289541E-3	1.031576E-1	2.906179E+2	5.078125E+1	9.010000E+2
7.523442E+3	1.466000E+3	0.000000E+0	-1.745536E-3	-3.102898E-3	1.039567E-1	2.906174E+2	5.078125E+1	9.010000E+2
7.524544E+3	1.473000E+3	0.000000E+0	5.834951E-3	3.202646E-3	1.044903E-1	2.906172E+2	5.078125E+1	9.010000E+2
7.525648E+3	1.480000E+3	0.000000E+0	2.414942E-4	-1.971188E-3	1.051852E-1	2.906193E+2	5.078125E+1	9.010000E+2
7.526752E+3	1.487000E+3	0.000000E+0	-1.908560E-3	-3.473436E-3	1.055939E-1	2.906249E+2	5.078125E+1	9.010000E+2
7.527855E+3	1.494000E+3	0.000000E+0	-2.021377E-3	-4.306845E-3	1.063048E-1	2.906303E+2	5.078125E+1	9.010000E+2
7.528959E+3	1.501000E+3	0.000000E+0	-2.635504E-3	-5.196893E-3	1.069071E-1	2.906234E+2	5.078125E+1	9.010000E+2
7.530065E+3	1.508000E+3	0.000000E+0	-3.222834E-3	-5.784169E-3	1.078222E-1	2.906225E+2	5.078125E+1	9.010000E+2
7.531168E+3	1.515000E+3	0.000000E+0	-3.523318E-3	-6.238903E-3	1.083611E-1	2.906250E+2	5.078125E+1	9.010000E+2
7.532272E+3	1.522000E+3	0.000000E+0	-3.577592E-3	-6.392584E-3	1.083879E-1	2.906252E+2	5.078125E+1	9.010000E+2
7.533374E+3	1.529000E+3	0.000000E+0	-3.682231E-3	-6.473363E-3	1.089633E-1	2.906209E+2	5.078125E+1	9.010000E+2
7.534481E+3	1.536000E+3	0.000000E+0	-3.749185E-3	-6.317816E-3	1.094953E-1	2.906126E+2	5.078125E+1	9.010000E+2
7.550326E+3	1.543000E+3	0.000000E+0	-3.728386E-3	-6.525640E-3	1.097250E-1	2.906111E+2	5.078125E+1	9.010000E+2
7.551431E+3	1.550000E+3	0.000000E+0	-4.618661E-3	-7.484173E-3	1.098363E-1	2.906131E+2	5.078125E+1	9.010000E+2
7.552536E+3	1.557000E+3	0.000000E+0	-5.672286E-3	-9.060002E-3	1.103662E-1	2.906183E+2	5.078125E+1	9.010000E+2
7.553641E+3	1.564000E+3	0.000000E+0	-7.863229E-3	-1.217260E-2	1.110464E-1	2.906157E+2	5.078125E+1	9.010000E+2
7.554746E+3	1.571000E+3	0.000000E+0	-1.142353E-2	-1.761902E-2	1.111167E-1	2.906198E+2	5.078125E+1	9.010000E+2
7.555853E+3	1.578000E+3	0.000000E+0	-1.683738E-2	-2.585302E-2	1.112350E-1	2.906181E+2	5.078125E+1	9.010000E+2
7.556958E+3	1.585000E+3	0.000000E+0	-2.450916E-2	-3.819099E-2	1.118558E-1	2.906146E+2	5.078125E+1	9.010000E+2
7.558062E+3	1.592000E+3	0.000000E+0	-3.489129E-2	-5.561402E-2	1.125131E-1	2.906130E+2	5.078125E+1	9.010000E+2
7.559167E+3	1.599000E+3	0.000000E+0	-4.857916E-2	-8.141934E-2	1.124899E-1	2.906207E+2	5.078125E+1	9.010000E+2
7.560268E+3	1.606000E+3	0.000000E+0	-6.431846E-2	-1.125318E-1	1.136270E-1	2.906153E+2	5.078125E+1	9.010000E+2
7.561373E+3	1.613000E+3	0.000000E+0	-8.269051E-2	-1.498331E-1	1.140907E-1	2.906097E+2	5.078125E+1	9.010000E+2
7.562478E+3	1.620000E+3	0.000000E+0	-1.039594E-1	-1.890658E-1	1.143408E-1	2.906075E+2	5.078125E+1	9.010000E+2
7.563582E+3	1.627000E+3	0.000000E+0	-1.231763E-1	-2.161548E-1	1.151912E-1	2.906076E+2	5.078125E+1	9.010000E+2
7.564687E+3	1.634000E+3	0.000000E+0	-1.312762E-1	-2.249151E-1	1.159067E-1	2.906053E+2	5.078125E+1	9.010000E+2
7.565788E+3	1.641000E+3	0.000000E+0	-1.195880E-1	-2.180976E-1	1.169314E-1	2.906016E+2	5.078125E+1	9.010000E+2
7.566891E+3	1.648000E+3	0.000000E+0	-8.731818E-2	-1.798550E-1	1.173194E-1	2.906038E+2	5.078125E+1	9.010000E+2
7.582761E+3	1.655000E+3	0.000000E+0	-7.848726E-2	-1.463877E-1	1.183824E-1	2.906279E+2	5.078125E+1	9.010000E+2
7.583863E+3	1.662000E+3	0.000000E+0	-1.496870E-2	-3.476380E-2	1.179846E-1	2.906223E+2	5.078125E+1	9.010000E+2
7.584965E+3	1.669000E+3	0.000000E+0	3.970317E-2	5.332689E-2	1.190359E-1	2.906143E+2	5.078125E+1	9.010000E+2
7.586067E+3	1.676000E+3	0.000000E+0	9.656707E-2	1.768451E-1	1.214198E-1	2.906081E+2	5.078125E+1	9.010000E+2
7.587168E+3	1.683000E+3	0.000000E+0	1.654719E-1	2.846940E-1	1.228022E-1	2.906092E+2	5.078125E+1	9.010000E+2
7.588270E+3	1.690000E+3	0.000000E+0	2.143145E-1	3.925138E-1	1.243681E-1	2.906239E+2	5.078125E+1	9.010000E+2
7.589370E+3	1.697000E+3	0.000000E+0	2.790213E-1	4.625047E-1	1.253712E-1	2.906289E+2	5.078125E+1	9.010000E+2
7.590474E+3	1.704000E+3	0.000000E+0	2.876027E-1	4.698005E-1	1.266328E-1	2.906285E+2	5.078125E+1	9.010000E+2
7.591580E+3	1.711000E+3	0.000000E+0	2.585910E-1	4.807212E-1	1.282462E-1	2.906282E+2	5.078125E+1	9.010000E+2
7.592685E+3	1.718000E+3	0.000000E+0	2.523365E-1	4.578140E-1	1.294308E-1	2.906176E+2	5.078125E+1	9.010000E+2
7.593789E+3	1.725000E+3	0.000000E+0	2.158464E-1	3.668938E-1	1.305766E-1	2.906148E+2	5.078125E+1	9.010000E+2
7.594893E+3	1.732000E+3	0.000000E+0	1.474769E-1	2.544373E-1	1.319426E-1	2.906177E+2	5.078125E+1	9.010000E+2
7.595998E+3	1.739000E+3	0.000000E+0	7.851540E-2	1.442361E-1	1.332972E-1	2.906174E+2	5.078125E+1	9.010000E+2
7.597001E+3	1.746000E+3	0.000000E+0	1.870211E-2	3.010240E-2	1.358724E-1	2.906199E+2	5.078125E+1	9.010000E+2
7.598110E+3	1.753000E+3	0.000000E+0	-3.307031E-2	-7.993022E-2	1.373677E-1	2.906123E+2	5.078125E+1	9.010000E+2
7.599214E+3	1.760000E+3	0.000000E+0	-8.072737E-2	-1.709360E-1	1.390376E-1	2.906113E+2	5.080566E+1	9.010000E+2
7.615074E+3	1.767000E+3	0.000000E+0	-1.182471E-1	-2.294099E-1	1.403785E-1	2.906141E+2	5.080566E+1	9.010000E+2
7.616279E+3	1.774000E+3	0.000000E+0	-1.338014E-1	-2.231669E-1	1.416786E-1	2.906068E+2	5.080566E+1	9.010000E+2
7.617380E+3	1.781000E+3	0.000000E+0	-1.294683E-1	-2.239214E-1	1.430331E-1	2.906130E+2	5.080566E+1	9.010000E+2
7.618483E+3	1.788000E+3	0.000000E+0	-1.169677E-1	-2.058143E-1	1.441403E-1	2.905973E+2	5.080566E+1	9.010000E+2
7.619490E+3	1.795000E+3	0.000000E+0	-9.907975E-2	-1.712601E-1	1.448800E-1	2.906154E+2	5.080566E+1	9.010000E+2
7.620595E+3	1.802000E+3	0.000000E+0	-7.837061E-2	-1.305136E-1	1.460802E-1	2.906065E+2	5.080566E+1	9.010000E+2
7.621699E+3	1.809000E+3	0.000000E+0	-5.732280E-2	-9.112424E-2	1.464160E-1	2.906181E+2	5.080566E+1	9.010000E+2
7.622802E+3	1.816000E+3	0.000000E+0	-3.809976E-2	-5.842066E-2	1.470173E-1	2.906123E+2	5.080566E+1	9.010000E+2
7.623906E+3	1.823000E+3	0.000000E+0	-2.250100E-2	-3.924345E-2	1.473417E-1	2.906066E+2	5.080566E+1	9.010000E+2
7.625012E+3	1.830000E+3	0.000000E+0	-1.547891E-2	-3.442954E-2	1.480133E-1	2.906103E+2	5.080566E+1	9.010000E+2
7.626116E+3	1.837000E+3	0.000000E+0	-1.833840E-2	-4.049996E-2	1.481358E-1	2.906149E+2	5.080566E+1	9.010000E+2
7.627218E+3	1.844000E+3	0.000000E+0	-2.778547E-2	-5.218051E-2	1.481608E-1	2.906076E+2	5.080566E+1	9.010000E+2
7.628323E+3	1.851000E+3	0.000000E+0	-3.874571E-2	-6.643584E-2	1.481971E-1	2.906139E+2	5.080566E+1	9.010000E+2
7.629428E+3	1.858000E+3	0.000000E+0	-4.817666E-2	-8.254093E-2	1.480700E-1	2.906168E+2	5.080566E+1	9.010000E+2
7.630530E+3	1.865000E+3	0.000000E+0	-5.781758E-2	-1.005508E-1	1.480655E-1	2.906079E+2	5.080566E+1	9.010000E+2
7.631633E+3	1.872000E+3	0.000000E+0	-6.237422E-2	-1.009005E-1	1.481971E-1	2.906116E+2	5.080566E+1	9.010000E+2
7.647490E+3	1.879000E+3	0.000000E+0	-5.297263E-2	-8.928100E-2	1.478522E-1	2.906067E+2	5.080566E+1	8.990000E+2
7.648495E+3	1.886000E+3	0.000000E+0	-3.949572E-2	-8.027897E-2	1.482266E-1	2.906130E+2	5.080566E+1	8.990000E+2
7.649596E+3	1.893000E+3	0.000000E+0	-2.696322E-2	-4.442372E-2	1.480678E-1	2.906168E+2	5.080566E+1	8.990000E+2
7.650699E+3	1.900000E+3	0.000000E+0	-2.304889E-3	6.488594E-3	1.485873E-1	2.906073E+2	5.080566E+1	8.990000E+2
7.651803E+3	1.907000E+3	0.000000E+0	2.943902E-2	5.473439E-2	1.488369E-1	2.906160E+2	5.080566E+1	8.990000E+2
7.652907E+3	1.914000E+3	0.000000E+0	5.481005E-2	9.600569E-2	1.491591E-1	2.906084E+2	5.080566E+1	8.990000E+2
7.654013E+3	1.921000E+3	0.000000E+0	7.269520E-2	1.366336E-1	1.488914E-1	2.906121E+2	5.080566E+1	8.990000E+2
7.655115E+3	1.928000E+3	0.000000E+0	9.358111E-2	1.651646E-1	1.503593E-1	2.906122E+2	5.080566E+1	8.990000E+2
7.656221E+3	1.935000E+3	0.000000E+0	1.059479E-1	1.629265E-1	1.510151E-1	2.906173E+2	5.080566E+1	8.990000E+2
7.657323E+3	1.942000E+3	0.000000E+0	9.084147E-2	1.523617E-1	1.519544E-1	2.906057E+2	5.080566E+1	8.990000E+2
7.658428E+3	1.949000E+3	0.000000E+0	7.714092E-2	1.438050E-1	1.533158E-1	2.906101E+2	5.080566E+1	8.990000E+2
7.659532E+3	1.956000E+3	0.000000E+0	6.574361E-2	1.153172E-1	1.542847E-1	2.906066E+2	5.080566E+1	8.990000E+2
7.660634E+3	1.963000E+3	0.000000E+0	3.991155E-2	7.758216E-2	1.551743E-1	2.906129E+2	5.080566E+1	8.990000E+2
7.661737E+3	1.970000E+3	0.000000E+0	2.154898E-2	4.070695E-2	1.565269E-1	2.906128E+2	5.080566E+1	8.990000E+2
7.662840E+3	1.977000E+3	0.000000E+0	4.812613E-3	-2.726025E-3	1.581107E-1	2.906166E+2	5.080566E+1	8.990000E+2
7.663943E+3	1.984000E+3	0.000000E+0	-2.176208E-2	-3.689381E-2	1.595631E-1	2.906208E+2	5.080566E+1	8.990000E+2
7.679797E+3	1.991000E+3	0.000000E+0	-3.453020E-2	-5.057685E-2	1.627020E-1	2.906150E+2	5.080566E+1	9.010000E+2
7.680901E+3	1.998000E+3	0.000000E+0	-3.466428E-2	-6.457476E-2	1.634352E-1	2.906189E+2	5.080566E+1	9.010000E+2
7.682004E+3	2.005000E+3	0.000000E+0	-3.808923E-2	-6.503966E-2	1.652759E-1	2.906140E+2	5.080566E+1	9.010000E+2
7.683111E+3	2.012000E+3	0.000000E+0	-3.383710E-2	-5.732480E-2	1.686019E-1	2.906120E+2	5.080566E+1	9.010000E+2
7.684216E+3	2.019000E+3	0.000000E+0	-2.626125E-2	-4.741215E-2	1.698819E-1	2.906193E+2	5.080566E+1	9.010000E+2
7.685318E+3	2.026000E+3	0.000000E+0	-1.974463E-2	-3.901444E-2	1.718233E-1	2.906199E+2	5.080566E+1	9.010000E+2
7.686423E+3	2.033000E+3	0.000000E+0	-1.709738E-2	-3.269775E-2	1.731332E-1	2.906217E+2	5.080566E+1	9.010000E+2
7.687529E+3	2.040000E+3	0.000000E+0	-1.588821E-2	-2.868065E-2	1.750156E-1	2.906146E+2	5.080566E+1	9.010000E+2
7.688633E+3	2.047000E+3	0.000000E+0	-1.490154E-2	-2.571633E-2	1.761780E-1	2.906219E+2	5.080566E+1	9.010000E+2
7.689737E+3	2.054000E+3	0.000000E+0	-1.330295E-2	-2.404269E-2	1.772020E-1	2.906161E+2	5.080566E+1	9.010000E+2
7.690840E+3	2.061000E+3	0.000000E+0	-1.253092E-2	-2.229896E-2	1.779330E-1	2.906161E+2	5.080566E+1	9.010000E+2
7.691944E+3	2.068000E+3	0.000000E+0	-1.157063E-2	-1.989341E-2	1.791796E-1	2.906251E+2	5.080566E+1	9.010000E+2
7.693051E+3	2.075000E+3	0.000000E+0	-9.472278E-3	-1.695216E-2	1.797676E-1	2.906123E+2	5.080566E+1	9.010000E+2
7.694057E+3	2.082000E+3	0.000000E+0	-7.383024E-3	-1.378562E-2	1.808337E-1	2.906249E+2	5.080566E+1	9.010000E+2
7.695161E+3	2.089000E+3	0.000000E+0	-6.187025E-3	-1.175410E-2	1.810941E-1	2.906282E+2	5.080566E+1	9.010000E+2
7.696263E+3	2.096000E+3	0.000000E+0	-5.836564E-3	-9.976770E-3	1.818918E-1	2.906202E+2	5.080566E+1	9.010000E+2
7.712118E+3	2.103000E+3	0.000000E+0	-5.327497E-3	-8.469729E-3	1.817749E-1	2.906141E+2	5.080566E+1	8.990000E+2
7.713326E+3	2.110000E+3	0.000000E+0	-4.606919E-3	-7.592374E-3	1.820088E-1	2.906235E+2	5.078125E+1	8.990000E+2
7.714428E+3	2.117000E+3	0.000000E+0	-4.609951E-3	-7.944650E-3	1.820086E-1	2.906202E+2	5.078125E+1	8.990000E+2
7.715534E+3	2.124000E+3	0.000000E+0	-5.287223E-3	-8.327955E-3	1.814213E-1	2.906172E+2	5.080566E+1	8.990000E+2
