6.973271E+3	2.133000E+3	0.000000E+0	-5.521435E-3	-9.285066E-3	1.818378E-1	2.906298E+2	5.075684E+1	9.010000E+2
6.974374E+3	8.500000E+2	0.000000E+0	-7.383549E-4	-1.777428E-3	5.548781E-2	2.905987E+2	5.075684E+1	9.010000E+2
6.975479E+3	8.570000E+2	0.000000E+0	-9.477127E-4	-1.468669E-3	2.644963E-2	2.905897E+2	5.070801E+1	9.010000E+2
6.976581E+3	8.640000E+2	0.000000E+0	-9.307875E-4	-1.373746E-3	2.722106E-2	2.905975E+2	5.070801E+1	9.010000E+2
6.977683E+3	8.710000E+2	0.000000E+0	-6.053463E-4	-1.352567E-3	2.787223E-2	2.906034E+2	5.075684E+1	9.010000E+2
6.978785E+3	8.780000E+2	0.000000E+0	-3.614039E-4	-7.999613E-4	2.865500E-2	2.906025E+2	5.075684E+1	9.010000E+2
6.979886E+3	8.850000E+2	0.000000E+0	-2.460132E-5	1.608210E-4	3.025683E-2	2.906034E+2	5.075684E+1	9.010000E+2
6.980991E+3	8.920000E+2	0.000000E+0	4.523871E-4	1.065419E-3	3.111447E-2	2.906011E+2	5.075684E+1	9.010000E+2
6.982092E+3	8.990000E+2	0.000000E+0	9.587889E-4	1.617185E-3	3.194943E-2	2.906037E+2	5.075684E+1	9.010000E+2
6.983196E+3	9.060000E+2	0.000000E+0	1.339226E-3	2.408257E-3	3.274808E-2	2.906095E+2	5.075684E+1	9.010000E+2
6.984301E+3	9.130000E+2	0.000000E+0	1.354667E-3	2.873099E-3	3.358303E-2	2.906146E+2	5.075684E+1	9.010000E+2
6.985405E+3	9.200000E+2	0.000000E+0	1.900029E-3	3.173224E-3	3.427731E-2	2.906152E+2	5.075684E+1	9.010000E+2
7.001256E+3	9.270000E+2	0.000000E+0	1.751017E-3	2.950961E-3	3.561595E-2	2.906112E+2	5.075684E+1	8.990000E+2
7.002362E+3	9.340000E+2	0.000000E+0	1.239211E-3	2.309301E-3	3.613326E-2	2.906197E+2	5.075684E+1	8.990000E+2
7.003468E+3	9.410000E+2	0.000000E+0	8.150261E-4	1.513748E-3	3.709981E-2	2.906159E+2	5.075684E+1	8.990000E+2
7.004570E+3	9.480000E+2	0.000000E+0	4.518555E-4	7.149939E-4	3.795745E-2	2.906214E+2	5.075684E+1	8.990000E+2
7.005674E+3	9.550000E+2	0.000000E+0	-2.926821E-4	-2.052841E-4	3.845207E-2	2.906145E+2	5.075684E+1	8.990000E+2
7.006778E+3	9.620000E+2	0.000000E+0	-5.994330E-4	-1.040965E-3	3.950030E-2	2.906117E+2	5.075684E+1	8.990000E+2
7.007881E+3	9.690000E+2	0.000000E+0	-1.062859E-3	-1.626758E-3	4.114524E-2	2.906215E+2	5.075684E+1	8.990000E+2
7.008985E+3	9.760000E+2	0.000000E+0	-1.539061E-3	-2.259684E-3	4.169885E-2	2.906224E+2	5.070801E+1	8.990000E+2
7.010087E+3	9.830000E+2	0.000000E+0	-1.423761E-3	-2.289855E-3	4.249296E-2	2.906283E+2	5.070801E+1	8.990000E+2
7.011191E+3	9.900000E+2	0.000000E+0	-1.339856E-3	-2.350337E-3	4.343682E-2	2.906269E+2	5.075684E+1	8.990000E+2
7.012295E+3	9.970000E+2	0.000000E+0	-1.234151E-3	-2.307657E-3	4.427631E-2	2.906168E+2	5.075684E+1	8.990000E+2
7.013400E+3	1.004000E+3	0.000000E+0	-1.365640E-3	-2.143868E-3	4.507269E-2	2.906145E+2	5.075684E+1	8.990000E+2
7.014403E+3	1.011000E+3	0.000000E+0	-1.256755E-3	-1.937333E-3	4.580781E-2	2.906274E+2	5.070801E+1	8.990000E+2
7.015508E+3	1.018000E+3	0.000000E+0	-1.034622E-3	-1.817076E-3	4.670856E-2	2.906155E+2	5.070801E+1	8.990000E+2
7.016610E+3	1.025000E+3	0.000000E+0	-1.139033E-3	-2.097858E-3	4.732570E-2	2.906232E+2	5.070801E+1	8.990000E+2
7.017714E+3	1.032000E+3	0.000000E+0	-1.321407E-3	-2.049459E-3	4.826275E-2	2.906078E+2	5.070801E+1	8.990000E+2
7.033572E+3	1.039000E+3	0.000000E+0	-1.216443E-3	-2.275211E-3	5.041366E-2	2.906177E+2	5.075684E+1	9.010000E+2
7.034678E+3	1.046000E+3	0.000000E+0	-1.425572E-3	-2.801242E-3	5.052257E-2	2.906166E+2	5.075684E+1	9.010000E+2
7.035782E+3	1.053000E+3	0.000000E+0	-2.013159E-3	-3.470278E-3	5.151634E-2	2.906258E+2	5.075684E+1	9.010000E+2
7.036885E+3	1.060000E+3	0.000000E+0	-2.232457E-3	-3.816133E-3	5.267575E-2	2.906244E+2	5.075684E+1	9.010000E+2
7.037989E+3	1.067000E+3	0.000000E+0	-2.610086E-3	-4.419873E-3	5.349482E-2	2.906270E+2	5.075684E+1	9.010000E+2
7.039091E+3	1.074000E+3	0.000000E+0	-3.219018E-3	-5.708429E-3	5.434565E-2	2.906250E+2	5.075684E+1	9.010000E+2
7.040195E+3	1.081000E+3	0.000000E+0	-3.864715E-3	-6.664400E-3	5.490834E-2	2.906288E+2	5.075684E+1	9.010000E+2
7.041200E+3	1.088000E+3	0.000000E+0	-4.584950E-3	-7.833085E-3	5.557539E-2	2.906181E+2	5.070801E+1	9.010000E+2
7.042304E+3	1.095000E+3	0.000000E+0	-5.269070E-3	-9.944854E-3	5.601102E-2	2.906114E+2	5.070801E+1	9.010000E+2
7.043409E+3	1.102000E+3	0.000000E+0	-7.043782E-3	-1.282659E-2	5.671437E-2	2.906117E+2	5.070801E+1	9.010000E+2
7.044512E+3	1.109000E+3	0.000000E+0	-9.029369E-3	-1.562482E-2	5.711143E-2	2.906193E+2	5.070801E+1	9.010000E+2
7.045619E+3	1.116000E+3	0.000000E+0	-1.061950E-2	-1.969715E-2	5.776033E-2	2.906184E+2	5.075684E+1	9.010000E+2
7.046723E+3	1.123000E+3	0.000000E+0	-1.545979E-2	-2.874774E-2	5.802125E-2	2.906196E+2	5.075684E+1	9.010000E+2
7.047830E+3	1.130000E+3	0.000000E+0	-2.314399E-2	-3.876352E-2	5.896965E-2	2.906186E+2	5.075684E+1	9.010000E+2
7.048936E+3	1.137000E+3	0.000000E+0	-2.923544E-2	-4.954741E-2	5.963444E-2	2.906190E+2	5.075684E+1	9.010000E+2
7.050039E+3	1.144000E+3	0.000000E+0	-3.805497E-2	-7.369549E-2	6.011998E-2	2.906296E+2	5.075684E+1	9.010000E+2
7.065900E+3	1.151000E+3	0.000000E+0	-5.801218E-2	-1.088903E-1	6.057376E-2	2.906263E+2	5.070801E+1	8.970000E+2
7.067004E+3	1.158000E+3	0.000000E+0	-8.114477E-2	-1.421544E-1	6.075981E-2	2.906170E+2	5.070801E+1	8.970000E+2
7.068106E+3	1.165000E+3	0.000000E+0	-1.015256E-1	-1.731215E-1	6.099577E-2	2.906236E+2	5.075684E+1	8.970000E+2
7.069210E+3	1.172000E+3	0.000000E+0	-1.163049E-1	-2.035993E-1	6.151989E-2	2.906203E+2	5.075684E+1	8.970000E+2
7.070311E+3	1.179000E+3	0.000000E+0	-1.282421E-1	-2.272284E-1	6.169232E-2	2.906116E+2	5.075684E+1	8.970000E+2
7.071413E+3	1.186000E+3	0.000000E+0	-1.318520E-1	-2.257967E-1	6.174677E-2	2.906186E+2	5.075684E+1	8.970000E+2
7.072518E+3	1.193000E+3	0.000000E+0	-1.201021E-1	-1.802030E-1	6.225047E-2	2.906228E+2	5.075684E+1	8.970000E+2
7.073622E+3	1.200000E+3	0.000000E+0	-8.037340E-2	-1.046705E-1	6.262937E-2	2.906138E+2	5.075684E+1	8.970000E+2
7.074723E+3	1.207000E+3	0.000000E+0	-1.285790E-2	-1.286566E-2	6.293114E-2	2.906263E+2	5.075684E+1	8.970000E+2
7.075829E+3	1.214000E+3	0.000000E+0	5.803843E-2	8.474620E-2	6.339853E-2	2.906090E+2	5.075684E+1	8.970000E+2
7.076934E+3	1.221000E+3	0.000000E+0	1.161043E-1	1.937441E-1	6.451255E-2	2.906146E+2	5.075684E+1	8.970000E+2
7.078037E+3	1.228000E+3	0.000000E+0	1.765664E-1	3.082537E-1	6.519776E-2	2.906186E+2	5.070801E+1	8.970000E+2
7.079140E+3	1.235000E+3	0.000000E+0	2.402515E-1	3.901220E-1	6.602590E-2	2.906101E+2	5.070801E+1	8.970000E+2
7.080241E+3	1.242000E+3	0.000000E+0	2.698590E-1	4.296281E-1	6.672472E-2	2.906157E+2	5.075684E+1	8.970000E+2
7.081345E+3	1.249000E+3	0.000000E+0	2.603270E-1	4.483602E-1	6.749614E-2	2.906078E+2	5.075684E+1	8.970000E+2
7.082447E+3	1.256000E+3	0.000000E+0	2.391051E-1	4.505608E-1	6.823807E-2	2.906134E+2	5.070801E+1	8.970000E+2
7.098204E+3	1.263000E+3	0.000000E+0	2.183326E-1	4.068010E-1	6.903899E-2	2.906159E+2	5.070801E+1	8.980000E+2
7.099308E+3	1.270000E+3	0.000000E+0	1.877346E-1	3.136730E-1	7.006453E-2	2.906122E+2	5.070801E+1	8.980000E+2
7.100411E+3	1.277000E+3	0.000000E+0	1.156469E-1	2.052933E-1	7.133965E-2	2.906254E+2	5.075684E+1	8.980000E+2
7.101512E+3	1.284000E+3	0.000000E+0	4.168252E-2	9.617905E-2	7.190687E-2	2.906228E+2	5.075684E+1	8.980000E+2
7.102616E+3	1.291000E+3	0.000000E+0	-2.414635E-2	-6.385073E-3	7.333854E-2	2.906338E+2	5.075684E+1	8.980000E+2
7.103721E+3	1.298000E+3	0.000000E+0	-7.332557E-2	-9.533417E-2	7.432097E-2	2.906170E+2	5.075684E+1	8.980000E+2
7.104827E+3	1.305000E+3	0.000000E+0	-1.043156E-1	-1.625988E-1	7.575945E-2	2.906205E+2	5.075684E+1	8.980000E+2
7.105932E+3	1.312000E+3	0.000000E+0	-1.195907E-1	-2.015960E-1	7.834371E-2	2.906157E+2	5.075684E+1	8.980000E+2
7.107035E+3	1.319000E+3	0.000000E+0	-1.232826E-1	-2.148117E-1	7.985253E-2	2.906157E+2	5.070801E+1	8.980000E+2
7.108138E+3	1.326000E+3	0.000000E+0	-1.147743E-1	-2.016141E-1	8.149975E-2	2.906256E+2	5.070801E+1	8.980000E+2
7.109243E+3	1.333000E+3	0.000000E+0	-1.005404E-1	-1.745697E-1	8.306758E-2	2.906199E+2	5.075684E+1	8.980000E+2
7.110349E+3	1.340000E+3	0.000000E+0	-8.295574E-2	-1.396267E-1	8.432453E-2	2.906165E+2	5.075684E+1	8.980000E+2
7.111453E+3	1.347000E+3	0.000000E+0	-6.404329E-2	-1.055783E-1	8.502334E-2	2.906163E+2	5.075684E+1	8.980000E+2
7.112456E+3	1.354000E+3	0.000000E+0	-4.595374E-2	-7.584449E-2	8.670007E-2	2.906204E+2	5.075684E+1	8.980000E+2
7.113561E+3	1.361000E+3	0.000000E+0	-3.303330E-2	-5.371956E-2	8.776875E-2	2.906174E+2	5.075684E+1	8.980000E+2
7.114663E+3	1.368000E+3	0.000000E+0	-2.330264E-2	-3.789335E-2	8.857647E-2	2.906257E+2	5.075684E+1	8.980000E+2
7.130502E+3	1.375000E+3	0.000000E+0	-1.628212E-2	-2.684174E-2	9.025780E-2	2.906061E+2	5.075684E+1	9.010000E+2
7.131603E+3	1.382000E+3	0.000000E+0	-1.168844E-2	-1.955918E-2	9.103603E-2	2.906128E+2	5.075684E+1	9.010000E+2
7.132706E+3	1.389000E+3	0.000000E+0	-8.383230E-3	-1.542532E-2	9.248831E-2	2.906151E+2	5.075684E+1	9.010000E+2
7.133811E+3	1.396000E+3	0.000000E+0	-7.402001E-3	-1.310113E-2	9.335061E-2	2.906020E+2	5.075684E+1	9.010000E+2
7.134915E+3	1.403000E+3	0.000000E+0	-6.484423E-3	-1.068427E-2	9.522259E-2	2.906057E+2	5.075684E+1	9.010000E+2
7.136021E+3	1.410000E+3	0.000000E+0	-5.265583E-3	-8.772882E-3	9.642090E-2	2.905984E+2	5.075684E+1	9.010000E+2
7.137123E+3	1.417000E+3	0.000000E+0	-4.459206E-3	-7.401458E-3	9.775295E-2	2.906132E+2	5.075684E+1	9.010000E+2
7.138227E+3	1.424000E+3	0.000000E+0	-4.029550E-3	-6.841788E-3	9.899455E-2	2.906163E+2	5.075684E+1	9.010000E+2
7.139231E+3	1.431000E+3	0.000000E+0	-3.552255E-3	-5.843851E-3	9.993417E-2	2.906228E+2	5.075684E+1	9.010000E+2
7.140335E+3	1.438000E+3	0.000000E+0	-2.992214E-3	-4.794703E-3	1.007989E-1	2.906201E+2	5.075684E+1	9.010000E+2
7.141540E+3	1.445000E+3	0.000000E+0	-2.371523E-3	-4.294794E-3	1.013937E-1	2.906138E+2	5.075684E+1	9.010000E+2
7.142542E+3	1.452000E+3	0.000000E+0	-2.090920E-3	-3.716790E-3	1.021245E-1	2.906193E+2	5.075684E+1	9.010000E+2
7.143647E+3	1.459000E+3	0.000000E+0	-1.868393E-3	-3.443286E-3	1.028874E-1	2.906213E+2	5.075684E+1	9.010000E+2
7.144751E+3	1.466000E+3	0.000000E+0	-1.679711E-3	-2.915047E-3	1.034162E-1	2.906157E+2	5.075684E+1	9.010000E+2
7.145859E+3	1.473000E+3	0.000000E+0	-1.588344E-3	-2.630823E-3	1.048490E-1	2.906079E+2	5.075684E+1	9.010000E+2
7.146963E+3	1.480000E+3	0.000000E+0	-1.416244E-3	-3.057861E-3	1.055761E-1	2.906117E+2	5.075684E+1	9.010000E+2
7.162725E+3	1.487000E+3	0.000000E+0	-1.711460E-3	-3.771687E-3	1.058550E-1	2.906123E+2	5.070801E+1	8.980000E+2
7.163928E+3	1.494000E+3	0.000000E+0	-2.342625E-3	-4.207505E-3	1.060228E-1	2.906120E+2	5.075684E+1	8.980000E+2
7.164931E+3	1.501000E+3	0.000000E+0	-2.651765E-3	-5.021143E-3	1.067225E-1	2.906087E+2	5.075684E+1	8.980000E+2
7.166031E+3	1.508000E+3	0.000000E+0	-3.208065E-3	-5.700490E-3	1.074792E-1	2.906078E+2	5.075684E+1	8.980000E+2
7.167137E+3	1.515000E+3	0.000000E+0	-3.550280E-3	-6.105660E-3	1.077199E-1	2.905973E+2	5.075684E+1	8.980000E+2
7.168238E+3	1.522000E+3	0.000000E+0	-3.550327E-3	-6.494348E-3	1.077288E-1	2.905948E+2	5.075684E+1	8.980000E+2
7.169340E+3	1.529000E+3	0.000000E+0	-3.706905E-3	-6.438846E-3	1.084334E-1	2.905970E+2	5.075684E+1	8.980000E+2
7.170445E+3	1.536000E+3	0.000000E+0	-3.868060E-3	-6.323348E-3	1.088699E-1	2.906011E+2	5.075684E+1	8.980000E+2
7.171547E+3	1.543000E+3	0.000000E+0	-3.848649E-3	-6.581054E-3	1.091563E-1	2.906001E+2	5.075684E+1	8.980000E+2
7.172651E+3	1.550000E+3	0.000000E+0	-4.637773E-3	-7.626736E-3	1.092949E-1	2.906053E+2	5.075684E+1	8.980000E+2
7.173754E+3	1.557000E+3	0.000000E+0	-5.779236E-3	-9.148035E-3	1.096544E-1	2.906108E+2	5.075684E+1	8.980000E+2
7.174859E+3	1.564000E+3	0.000000E+0	-7.775649E-3	-1.130488E-2	1.100819E-1	2.906065E+2	5.075684E+1	8.980000E+2
7.175965E+3	1.571000E+3	0.000000E+0	-9.983985E-3	-1.610144E-2	1.109712E-1	2.906146E+2	5.075684E+1	8.980000E+2
7.177066E+3	1.578000E+3	0.000000E+0	-1.338026E-2	-2.420706E-2	1.111984E-1	2.906097E+2	5.075684E+1	8.980000E+2
7.178169E+3	1.585000E+3	0.000000E+0	-2.020704E-2	-3.977425E-2	1.118534E-1	2.905962E+2	5.075684E+1	8.980000E+2
7.179271E+3	1.592000E+3	0.000000E+0	-3.121820E-2	-6.268308E-2	1.125516E-1	2.906021E+2	5.075684E+1	8.980000E+2
7.195031E+3	1.599000E+3	0.000000E+0	-4.677134E-2	-9.083104E-2	1.130766E-1	2.905949E+2	5.075684E+1	8.990000E+2
7.196034E+3	1.606000E+3	0.000000E+0	-6.813694E-2	-1.238608E-1	1.133699E-1	2.906012E+2	5.075684E+1	8.990000E+2
7.197138E+3	1.613000E+3	0.000000E+0	-9.109874E-2	-1.559123E-1	1.138702E-1	2.905895E+2	5.075684E+1	8.990000E+2
7.198241E+3	1.620000E+3	0.000000E+0	-1.096196E-1	-1.869562E-1	1.146316E-1	2.905980E+2	5.075684E+1	8.990000E+2
7.199345E+3	1.627000E+3	0.000000E+0	-1.234503E-1	-2.196016E-1	1.150251E-1	2.905962E+2	5.075684E+1	8.990000E+2
7.200448E+3	1.634000E+3	0.000000E+0	-1.370810E-1	-2.380788E-1	1.156111E-1	2.906032E+2	5.075684E+1	8.990000E+2
7.201552E+3	1.641000E+3	0.000000E+0	-1.386655E-1	-2.285555E-1	1.158109E-1	2.905949E+2	5.075684E+1	8.990000E+2
7.202656E+3	1.648000E+3	0.000000E+0	-1.211325E-1	-1.824196E-1	1.167811E-1	2.906047E+2	5.075684E+1	8.990000E+2
7.203761E+3	1.655000E+3	0.000000E+0	-7.220559E-2	-1.135285E-1	1.174217E-1	2.905976E+2	5.075684E+1	8.990000E+2
7.204867E+3	1.662000E+3	0.000000E+0	-9.261923E-3	-3.275813E-2	1.182435E-1	2.905897E+2	5.075684E+1	8.990000E+2
7.205971E+3	1.669000E+3	0.000000E+0	4.806673E-2	6.136023E-2	1.202006E-1	2.905884E+2	5.075684E+1	8.990000E+2
7.207074E+3	1.676000E+3	0.000000E+0	1.038222E-1	1.780935E-1	1.214083E-1	2.906007E+2	5.075684E+1	8.990000E+2
7.208178E+3	1.683000E+3	0.000000E+0	1.737749E-1	2.977126E-1	1.222822E-1	2.906040E+2	5.075684E+1	8.990000E+2
7.209279E+3	1.690000E+3	0.000000E+0	2.303560E-1	3.813304E-1	1.237075E-1	2.906048E+2	5.075684E+1	8.990000E+2
7.210383E+3	1.697000E+3	0.000000E+0	2.542536E-1	4.446017E-1	1.248944E-1	2.906150E+2	5.075684E+1	8.990000E+2
7.211486E+3	1.704000E+3	0.000000E+0	2.664338E-1	5.022752E-1	1.263037E-1	2.906127E+2	5.075684E+1	8.990000E+2
7.227334E+3	1.711000E+3	0.000000E+0	2.842817E-1	5.043840E-1	1.284777E-1	2.906083E+2	5.075684E+1	8.980000E+2
7.228444E+3	1.718000E+3	0.000000E+0	2.674429E-1	4.469622E-1	1.293762E-1	2.906107E+2	5.075684E+1	8.980000E+2
7.229548E+3	1.725000E+3	0.000000E+0	2.146405E-1	3.542373E-1	1.307740E-1	2.906103E+2	5.075684E+1	8.980000E+2
7.230650E+3	1.732000E+3	0.000000E+0	1.430297E-1	2.458455E-1	1.322921E-1	2.906202E+2	5.075684E+1	8.980000E+2
7.231754E+3	1.739000E+3	0.000000E+0	7.369044E-2	1.360079E-1	1.334129E-1	2.906108E+2	5.075684E+1	8.980000E+2
7.232859E+3	1.746000E+3	0.000000E+0	1.606595E-2	2.479585E-2	1.349286E-1	2.906044E+2	5.075684E+1	8.980000E+2
7.233963E+3	1.753000E+3	0.000000E+0	-3.770944E-2	-8.297218E-2	1.374539E-1	2.906056E+2	5.075684E+1	8.980000E+2
7.235069E+3	1.760000E+3	0.000000E+0	-8.082500E-2	-1.687921E-1	1.389082E-1	2.906061E+2	5.075684E+1	8.980000E+2
7.236171E+3	1.767000E+3	0.000000E+0	-1.130460E-1	-2.221659E-1	1.400971E-1	2.906080E+2	5.075684E+1	8.980000E+2
7.237276E+3	1.774000E+3	0.000000E+0	-1.306939E-1	-2.441984E-1	1.413632E-1	2.905940E+2	5.075684E+1	8.980000E+2
7.238380E+3	1.781000E+3	0.000000E+0	-1.316457E-1	-2.357514E-1	1.426451E-1	2.905964E+2	5.075684E+1	8.980000E+2
7.239483E+3	1.788000E+3	0.000000E+0	-1.180304E-1	-2.071856E-1	1.435164E-1	2.906033E+2	5.075684E+1	8.980000E+2
7.240487E+3	1.795000E+3	0.000000E+0	-9.604421E-2	-1.662415E-1	1.443581E-1	2.905993E+2	5.075684E+1	8.980000E+2
7.241592E+3	1.802000E+3	0.000000E+0	-7.152903E-2	-1.236961E-1	1.452543E-1	2.905999E+2	5.075684E+1	8.980000E+2
7.242695E+3	1.809000E+3	0.000000E+0	-4.787377E-2	-8.834115E-2	1.459645E-1	2.906038E+2	5.075684E+1	8.980000E+2
7.243798E+3	1.816000E+3	0.000000E+0	-3.071703E-2	-6.268919E-2	1.464637E-1	2.906121E+2	5.075684E+1	8.980000E+2
7.259652E+3	1.823000E+3	0.000000E+0	-1.970095E-2	-4.675021E-2	1.474937E-1	2.906110E+2	5.075684E+1	8.990000E+2
7.260755E+3	1.830000E+3	0.000000E+0	-2.594156E-2	-3.704579E-2	1.476911E-1	2.906141E+2	5.075684E+1	8.990000E+2
7.261859E+3	1.837000E+3	0.000000E+0	-2.388280E-2	-3.555091E-2	1.477955E-1	2.906062E+2	5.075684E+1	8.990000E+2
7.262961E+3	1.844000E+3	0.000000E+0	-2.756439E-2	-4.734626E-2	1.477569E-1	2.906090E+2	5.075684E+1	8.990000E+2
7.264067E+3	1.851000E+3	0.000000E+0	-3.720792E-2	-6.679558E-2	1.476094E-1	2.906092E+2	5.075684E+1	8.990000E+2
7.265073E+3	1.858000E+3	0.000000E+0	-4.900216E-2	-8.565548E-2	1.480882E-1	2.906071E+2	5.075684E+1	8.990000E+2
7.266178E+3	1.865000E+3	0.000000E+0	-5.800550E-2	-9.772258E-2	1.475142E-1	2.905960E+2	5.075684E+1	8.990000E+2
7.267282E+3	1.872000E+3	0.000000E+0	-5.956813E-2	-9.895971E-2	1.473168E-1	2.906040E+2	5.075684E+1	8.990000E+2
7.268386E+3	1.879000E+3	0.000000E+0	-5.330720E-2	-8.797006E-2	1.477547E-1	2.906040E+2	5.075684E+1	8.990000E+2
7.269492E+3	1.886000E+3	0.000000E+0	-3.792127E-2	-6.546695E-2	1.475368E-1	2.906103E+2	5.075684E+1	8.990000E+2
7.270594E+3	1.893000E+3	0.000000E+0	-1.539534E-2	-3.194523E-2	1.477478E-1	2.906094E+2	5.075684E+1	8.990000E+2
7.271699E+3	1.900000E+3	0.000000E+0	9.005662E-3	9.834210E-3	1.481562E-1	2.905993E+2	5.075684E+1	8.990000E+2
7.272804E+3	1.907000E+3	0.000000E+0	3.392778E-2	5.607196E-2	1.484920E-1	2.906003E+2	5.075684E+1	8.990000E+2
7.273906E+3	1.914000E+3	0.000000E+0	5.511116E-2	1.004450E-1	1.486418E-1	2.906078E+2	5.075684E+1	8.990000E+2
7.275012E+3	1.921000E+3	0.000000E+0	7.247963E-2	1.394767E-1	1.495788E-1	2.905952E+2	5.075684E+1	8.990000E+2
7.276114E+3	1.928000E+3	0.000000E+0	8.569330E-2	1.667756E-1	1.505726E-1	2.905981E+2	5.075684E+1	8.990000E+2
7.291968E+3	1.935000E+3	0.000000E+0	9.309357E-2	1.762946E-1	1.510377E-1	2.906085E+2	5.075684E+1	9.010000E+2
7.292969E+3	1.942000E+3	0.000000E+0	8.928950E-2	1.672911E-1	1.520429E-1	2.906092E+2	5.075684E+1	9.010000E+2
7.294074E+3	1.949000E+3	0.000000E+0	7.839307E-2	1.457635E-1	1.536880E-1	2.906215E+2	5.075684E+1	9.010000E+2
7.295178E+3	1.956000E+3	0.000000E+0	6.284369E-2	1.119851E-1	1.546319E-1	2.906119E+2	5.075684E+1	9.010000E+2
7.296282E+3	1.963000E+3	0.000000E+0	4.373363E-2	7.482447E-2	1.560661E-1	2.906149E+2	5.075684E+1	9.010000E+2
7.297385E+3	1.970000E+3	0.000000E+0	2.469273E-2	3.774781E-2	1.576431E-1	2.906105E+2	5.075684E+1	9.010000E+2
7.298487E+3	1.977000E+3	0.000000E+0	2.055003E-3	3.793229E-3	1.590410E-1	2.906230E+2	5.075684E+1	9.010000E+2
7.299594E+3	1.984000E+3	0.000000E+0	-1.913716E-2	-2.532097E-2	1.602372E-1	2.906125E+2	5.075684E+1	9.010000E+2
7.300696E+3	1.991000E+3	0.000000E+0	-3.228790E-2	-4.793328E-2	1.621187E-1	2.906090E+2	5.075684E+1	9.010000E+2
7.301800E+3	1.998000E+3	0.000000E+0	-3.775969E-2	-6.129223E-2	1.635804E-1	2.906106E+2	5.075684E+1	9.010000E+2
7.302906E+3	2.005000E+3	0.000000E+0	-3.612897E-2	-6.428161E-2	1.653713E-1	2.906226E+2	5.075684E+1	9.010000E+2
7.304011E+3	2.012000E+3	0.000000E+0	-3.111289E-2	-5.902397E-2	1.687878E-1	2.906186E+2	5.075684E+1	9.010000E+2
7.305114E+3	2.019000E+3	0.000000E+0	-2.538927E-2	-4.941833E-2	1.703319E-1	2.906181E+2	5.075684E+1	9.010000E+2
7.306218E+3	2.026000E+3	0.000000E+0	-2.028229E-2	-3.912389E-2	1.719574E-1	2.906197E+2	5.075684E+1	9.010000E+2
7.307323E+3	2.033000E+3	0.000000E+0	-1.713119E-2	-3.200470E-2	1.736423E-1	2.906083E+2	5.075684E+1	9.010000E+2
7.308426E+3	2.040000E+3	0.000000E+0	-1.497897E-2	-2.761765E-2	1.750294E-1	2.906058E+2	5.075684E+1	9.010000E+2
7.324078E+3	2.047000E+3	0.000000E+0	-1.432882E-2	-2.564467E-2	1.762939E-1	2.906090E+2	5.075684E+1	9.030000E+2
7.325180E+3	2.054000E+3	0.000000E+0	-1.376978E-2	-2.401099E-2	1.778196E-1	2.906077E+2	5.075684E+1	9.030000E+2
7.326283E+3	2.061000E+3	0.000000E+0	-1.251977E-2	-2.248135E-2	1.787661E-1	2.906057E+2	5.075684E+1	9.030000E+2
7.327388E+3	2.068000E+3	0.000000E+0	-1.117163E-2	-1.989467E-2	1.799475E-1	2.906157E+2	5.075684E+1	9.030000E+2
7.328491E+3	2.075000E+3	0.000000E+0	-9.195525E-3	-1.734641E-2	1.801416E-1	2.906189E+2	5.075684E+1	9.030000E+2
7.329599E+3	2.082000E+3	0.000000E+0	-7.592959E-3	-1.430199E-2	1.808409E-1	2.906177E+2	5.075684E+1	9.030000E+2
7.330703E+3	2.089000E+3	0.000000E+0	-6.461825E-3	-1.193772E-2	1.809240E-1	2.906197E+2	5.075684E+1	9.030000E+2
7.331805E+3	2.096000E+3	0.000000E+0	-5.756973E-3	-1.004439E-2	1.811463E-1	2.906225E+2	5.075684E+1	9.030000E+2
7.332910E+3	2.103000E+3	0.000000E+0	-5.417285E-3	-8.835980E-3	1.818005E-1	2.906160E+2	5.075684E+1	9.030000E+2
7.334012E+3	2.110000E+3	0.000000E+0	-5.061195E-3	-7.734205E-3	1.819041E-1	2.906144E+2	5.075684E+1	9.030000E+2
7.335115E+3	2.117000E+3	0.000000E+0	-4.898076E-3	-7.721001E-3	1.821836E-1	2.906281E+2	5.075684E+1	9.030000E+2
7.336218E+3	2.124000E+3	0.000000E+0	-4.958937E-3	-8.118581E-3	1.821039E-1	2.906247E+2	5.075684E+1	9.030000E+2
