4.121780E+2	7.680000E+2	0.000000E+0	1.640596E-4	-8.641331E-4	-2.231420E-3	2.906002E+2	5.004883E+1	2.990000E+2
4.132800E+2	7.750000E+2	0.000000E+0	-4.798277E-4	-1.103337E-4	-1.931926E-3	2.905910E+2	5.004883E+1	2.990000E+2
4.143820E+2	7.820000E+2	0.000000E+0	-4.983411E-4	3.412301E-4	-2.172429E-3	2.906011E+2	5.004883E+1	2.990000E+2
4.154860E+2	7.890000E+2	0.000000E+0	-4.288891E-4	1.577348E-4	-1.990917E-3	2.905966E+2	5.004883E+1	2.990000E+2
4.165900E+2	7.960000E+2	0.000000E+0	-6.271377E-4	3.108647E-4	-2.127051E-3	2.906036E+2	5.004883E+1	2.990000E+2
4.176930E+2	8.030000E+2	0.000000E+0	1.296248E-4	2.211672E-4	-2.147471E-3	2.906138E+2	5.004883E+1	2.990000E+2
4.187940E+2	8.100000E+2	0.000000E+0	-3.403208E-4	2.766766E-4	-2.190580E-3	2.906036E+2	5.004883E+1	2.990000E+2
4.198970E+2	8.170000E+2	0.000000E+0	3.821415E-4	-3.619689E-4	-2.054446E-3	2.905966E+2	5.004883E+1	2.990000E+2
4.210010E+2	8.240000E+2	0.000000E+0	-2.591858E-4	5.897041E-4	-2.065791E-3	2.906033E+2	5.007324E+1	2.990000E+2
4.221070E+2	8.310000E+2	0.000000E+0	1.121023E-3	-7.806941E-4	-2.188311E-3	2.905984E+2	5.007324E+1	2.990000E+2
4.232090E+2	8.380000E+2	0.000000E+0	-2.863801E-4	-7.287769E-5	-2.024951E-3	2.906008E+2	5.004883E+1	2.990000E+2
4.242120E+2	8.450000E+2	0.000000E+0	9.974936E-5	-6.106715E-4	-2.068060E-3	2.905970E+2	5.004883E+1	2.990000E+2
4.253170E+2	8.520000E+2	0.000000E+0	-3.421359E-4	-5.440884E-4	-2.267722E-3	2.905953E+2	5.004883E+1	2.990000E+2
4.264220E+2	8.590000E+2	0.000000E+0	-3.337382E-5	-4.658399E-4	-2.360747E-3	2.905939E+2	5.004883E+1	2.990000E+2
4.275270E+2	8.660000E+2	0.000000E+0	-1.990788E-4	-5.631576E-5	-2.052177E-3	2.905971E+2	5.004883E+1	2.990000E+2
4.439740E+2	8.730000E+2	0.000000E+0	-5.823269E-4	-2.304586E-4	-1.956884E-3	2.906067E+2	5.004883E+1	2.980000E+2
4.450780E+2	8.800000E+2	0.000000E+0	6.449522E-4	-5.942487E-5	-1.956884E-3	2.906067E+2	5.007324E+1	2.980000E+2
4.461830E+2	8.870000E+2	0.000000E+0	7.214054E-5	-3.051890E-4	-2.029489E-3	2.906123E+2	5.007324E+1	2.980000E+2
4.472850E+2	8.940000E+2	0.000000E+0	1.372163E-4	-5.611926E-4	-2.226882E-3	2.906018E+2	5.007324E+1	2.980000E+2
4.483900E+2	9.010000E+2	0.000000E+0	-7.640041E-4	-3.703788E-4	-2.074866E-3	2.905965E+2	5.007324E+1	2.980000E+2
4.494950E+2	9.080000E+2	0.000000E+0	5.450617E-4	-1.715565E-5	-2.036295E-3	2.906024E+2	5.007324E+1	2.980000E+2
4.505980E+2	9.150000E+2	0.000000E+0	-9.103596E-4	4.419602E-7	-2.283604E-3	2.905957E+2	5.007324E+1	2.980000E+2
4.516030E+2	9.220000E+2	0.000000E+0	4.146357E-5	-1.940984E-4	-2.079404E-3	2.906112E+2	5.004883E+1	2.980000E+2
4.527070E+2	9.290000E+2	0.000000E+0	-7.260203E-4	7.887479E-4	-1.997724E-3	2.905967E+2	5.004883E+1	2.980000E+2
4.538110E+2	9.360000E+2	0.000000E+0	2.870182E-4	1.543759E-4	-2.260915E-3	2.906081E+2	5.007324E+1	2.980000E+2
4.549140E+2	9.430000E+2	0.000000E+0	-4.042936E-4	6.107268E-4	-2.188311E-3	2.906026E+2	5.007324E+1	2.980000E+2
4.560180E+2	9.500000E+2	0.000000E+0	6.592629E-4	3.347458E-4	-2.029489E-3	2.906040E+2	5.007324E+1	2.980000E+2
4.571240E+2	9.570000E+2	0.000000E+0	2.848830E-4	4.181675E-4	-2.029489E-3	2.906023E+2	5.007324E+1	2.980000E+2
4.582280E+2	9.640000E+2	0.000000E+0	7.215121E-4	1.916132E-4	-2.142933E-3	2.906085E+2	5.007324E+1	2.980000E+2
4.593300E+2	9.710000E+2	0.000000E+0	3.215077E-4	-6.309641E-4	-2.040833E-3	2.906051E+2	5.007324E+1	2.980000E+2
4.604370E+2	9.780000E+2	0.000000E+0	-6.518721E-4	-4.510174E-4	-1.884280E-3	2.905982E+2	5.007324E+1	2.980000E+2
4.765740E+2	9.850000E+2	0.000000E+0	5.256630E-4	-3.675215E-4	4.300120E-2	2.905855E+2	5.004883E+1	2.980000E+2
4.776760E+2	9.920000E+2	0.000000E+0	-1.858712E-3	-1.177288E-3	4.384068E-2	2.905888E+2	5.004883E+1	2.980000E+2
4.787830E+2	9.990000E+2	0.000000E+0	1.412046E-5	-6.756083E-4	4.470513E-2	2.905895E+2	5.004883E+1	2.980000E+2
4.797870E+2	1.006000E+3	0.000000E+0	-1.046542E-3	2.992646E-4	4.551740E-2	2.905748E+2	5.007324E+1	2.980000E+2
4.808910E+2	1.013000E+3	0.000000E+0	3.668390E-4	-9.232698E-5	4.639319E-2	2.905719E+2	5.007324E+1	2.980000E+2
4.819980E+2	1.020000E+3	0.000000E+0	-5.964590E-4	1.648948E-4	4.720999E-2	2.905799E+2	5.007324E+1	2.980000E+2
4.831060E+2	1.027000E+3	0.000000E+0	1.216838E-4	-2.866704E-4	4.757074E-2	2.905787E+2	5.007324E+1	2.980000E+2
4.842100E+2	1.034000E+3	0.000000E+0	7.270516E-4	3.350226E-4	4.822872E-2	2.905791E+2	5.009766E+1	2.980000E+2
4.853140E+2	1.041000E+3	0.000000E+0	9.089489E-4	-4.691435E-4	5.015274E-2	2.905710E+2	5.009766E+1	2.980000E+2
4.864150E+2	1.048000E+3	0.000000E+0	5.991274E-4	-1.592047E-3	5.066778E-2	2.905789E+2	5.007324E+1	2.980000E+2
4.875190E+2	1.055000E+3	0.000000E+0	-1.124156E-3	-6.463616E-4	5.151861E-2	2.905747E+2	5.007324E+1	2.980000E+2
4.886220E+2	1.062000E+3	0.000000E+0	-8.455958E-4	-1.330899E-3	5.274155E-2	2.905818E+2	5.007324E+1	2.980000E+2
4.897250E+2	1.069000E+3	0.000000E+0	-1.183237E-3	-6.085880E-4	5.334053E-2	2.905868E+2	5.007324E+1	2.980000E+2
4.908300E+2	1.076000E+3	0.000000E+0	-1.370888E-3	-8.797025E-4	5.402574E-2	2.905822E+2	5.007324E+1	2.980000E+2
4.919340E+2	1.083000E+3	0.000000E+0	-5.129374E-4	-1.679460E-4	5.437742E-2	2.905902E+2	5.007324E+1	2.980000E+2
4.930390E+2	1.090000E+3	0.000000E+0	-1.187950E-3	-1.475119E-3	5.526682E-2	2.905850E+2	5.007324E+1	2.980000E+2
5.091920E+2	1.097000E+3	0.000000E+0	-1.071102E-3	-1.335848E-3	5.627421E-2	2.905744E+2	5.007324E+1	2.980000E+2
5.101960E+2	1.104000E+3	0.000000E+0	-1.947841E-3	-2.753750E-3	5.643530E-2	2.905768E+2	5.007324E+1	2.980000E+2
5.112990E+2	1.111000E+3	0.000000E+0	-1.571228E-3	-1.498214E-3	5.755840E-2	2.905767E+2	5.007324E+1	2.980000E+2
5.124030E+2	1.118000E+3	0.000000E+0	-2.339546E-3	-3.132105E-3	5.848411E-2	2.905907E+2	5.007324E+1	2.980000E+2
5.135070E+2	1.125000E+3	0.000000E+0	-2.082665E-3	-3.411418E-3	5.901276E-2	2.905729E+2	5.007324E+1	2.980000E+2
5.146090E+2	1.132000E+3	0.000000E+0	-3.463165E-3	-4.712927E-3	5.962763E-2	2.905710E+2	5.007324E+1	2.980000E+2
5.157120E+2	1.139000E+3	0.000000E+0	-3.855300E-3	-5.293243E-3	6.008821E-2	2.905792E+2	5.009766E+1	2.980000E+2
5.168140E+2	1.146000E+3	0.000000E+0	-7.587407E-3	-1.206470E-2	6.030376E-2	2.905659E+2	5.009766E+1	2.980000E+2
5.179160E+2	1.153000E+3	0.000000E+0	-1.324710E-2	-2.031805E-2	6.072804E-2	2.905685E+2	5.007324E+1	2.980000E+2
5.190200E+2	1.160000E+3	0.000000E+0	-2.808378E-2	-4.031174E-2	6.101846E-2	2.905675E+2	5.007324E+1	2.980000E+2
5.201210E+2	1.167000E+3	0.000000E+0	-5.161495E-2	-7.106677E-2	6.129980E-2	2.905641E+2	5.009766E+1	2.980000E+2
5.212220E+2	1.174000E+3	0.000000E+0	-8.401249E-2	-1.145437E-1	6.136106E-2	2.905743E+2	5.009766E+1	2.980000E+2
5.223250E+2	1.181000E+3	0.000000E+0	-1.167119E-1	-1.633544E-1	6.199181E-2	2.905773E+2	5.009766E+1	2.980000E+2
5.234300E+2	1.188000E+3	0.000000E+0	-1.389600E-1	-2.017688E-1	6.227769E-2	2.905758E+2	5.007324E+1	2.980000E+2
5.245330E+2	1.195000E+3	0.000000E+0	-1.393954E-1	-2.149653E-1	6.260442E-2	2.905704E+2	5.007324E+1	2.980000E+2
5.256370E+2	1.202000E+3	0.000000E+0	-1.158212E-1	-1.930233E-1	6.270878E-2	2.905677E+2	5.009766E+1	2.980000E+2
5.417050E+2	1.209000E+3	0.000000E+0	-6.479526E-2	-1.176969E-1	6.313760E-2	2.905655E+2	5.009766E+1	2.990000E+2
5.427090E+2	1.216000E+3	0.000000E+0	5.408154E-3	-2.486964E-2	6.350516E-2	2.905695E+2	5.007324E+1	2.990000E+2
5.438130E+2	1.223000E+3	0.000000E+0	8.626089E-2	1.100686E-1	6.378878E-2	2.905759E+2	5.007324E+1	2.990000E+2
5.449150E+2	1.230000E+3	0.000000E+0	1.839182E-1	2.559137E-1	6.434012E-2	2.905835E+2	5.009766E+1	2.990000E+2
5.460180E+2	1.237000E+3	0.000000E+0	2.742956E-1	3.611260E-1	6.484381E-2	2.905800E+2	5.009766E+1	2.990000E+2
5.471200E+2	1.244000E+3	0.000000E+0	3.200443E-1	4.102441E-1	6.560843E-2	2.905802E+2	5.009766E+1	2.990000E+2
5.482240E+2	1.251000E+3	0.000000E+0	3.034433E-1	4.098636E-1	6.628456E-2	2.905792E+2	5.009766E+1	2.990000E+2
5.493300E+2	1.258000E+3	0.000000E+0	2.501320E-1	3.671505E-1	6.775026E-2	2.905871E+2	5.009766E+1	2.990000E+2
5.504330E+2	1.265000E+3	0.000000E+0	1.837817E-1	2.702470E-1	6.876445E-2	2.905853E+2	5.009766E+1	2.990000E+2
5.515350E+2	1.272000E+3	0.000000E+0	9.924921E-2	1.390168E-1	7.010310E-2	2.905853E+2	5.009766E+1	2.990000E+2
5.526350E+2	1.279000E+3	0.000000E+0	1.849881E-3	-4.905242E-3	7.123074E-2	2.905779E+2	5.009766E+1	2.990000E+2
5.537390E+2	1.286000E+3	0.000000E+0	-9.328445E-2	-1.105710E-1	7.237653E-2	2.905805E+2	5.009766E+1	2.990000E+2
5.548430E+2	1.293000E+3	0.000000E+0	-1.501884E-1	-1.724873E-1	7.398744E-2	2.905697E+2	5.009766E+1	2.990000E+2
5.559450E+2	1.300000E+3	0.000000E+0	-1.549374E-1	-1.939782E-1	7.513550E-2	2.905742E+2	5.009766E+1	2.990000E+2
5.569490E+2	1.307000E+3	0.000000E+0	-1.388443E-1	-1.962351E-1	7.637658E-2	2.905781E+2	5.009766E+1	2.990000E+2
5.580530E+2	1.314000E+3	0.000000E+0	-1.186056E-1	-1.747219E-1	7.765397E-2	2.905721E+2	5.009766E+1	2.990000E+2
5.741780E+2	1.321000E+3	0.000000E+0	-9.310161E-2	-1.277130E-1	8.012933E-2	2.905677E+2	5.009766E+1	2.970000E+2
5.752800E+2	1.328000E+3	0.000000E+0	-5.595956E-2	-8.912218E-2	8.051050E-2	2.905827E+2	5.009766E+1	2.970000E+2
5.763810E+2	1.335000E+3	0.000000E+0	-3.877838E-2	-5.577365E-2	8.358031E-2	2.905800E+2	5.009766E+1	2.970000E+2
5.774820E+2	1.342000E+3	0.000000E+0	-2.174119E-2	-2.762817E-2	8.467165E-2	2.905826E+2	5.009766E+1	2.970000E+2
5.785840E+2	1.349000E+3	0.000000E+0	-9.420100E-3	-1.297617E-2	8.638240E-2	2.905735E+2	5.009766E+1	2.970000E+2
5.796880E+2	1.356000E+3	0.000000E+0	-3.341883E-3	-7.677387E-3	8.758491E-2	2.905806E+2	5.009766E+1	2.970000E+2
5.807910E+2	1.363000E+3	0.000000E+0	-3.520856E-3	-6.376065E-3	8.893492E-2	2.905824E+2	5.009766E+1	2.970000E+2
5.818980E+2	1.370000E+3	0.000000E+0	-1.733298E-3	-4.529352E-3	9.001266E-2	2.905809E+2	5.009766E+1	2.970000E+2
5.829990E+2	1.377000E+3	0.000000E+0	-2.185467E-3	-2.313990E-3	9.117665E-2	2.905809E+2	5.007324E+1	2.970000E+2
5.841020E+2	1.384000E+3	0.000000E+0	-1.506250E-3	-3.065166E-3	9.205701E-2	2.905834E+2	5.007324E+1	2.970000E+2
5.852060E+2	1.391000E+3	0.000000E+0	-1.852127E-3	-1.511428E-3	9.289879E-2	2.905705E+2	5.009766E+1	2.970000E+2
5.863110E+2	1.398000E+3	0.000000E+0	-1.571730E-3	-1.211412E-3	9.425569E-2	2.905712E+2	5.009766E+1	2.970000E+2
5.874130E+2	1.405000E+3	0.000000E+0	-7.414356E-4	-8.894296E-4	9.616406E-2	2.905743E+2	5.009766E+1	2.970000E+2
5.885150E+2	1.412000E+3	0.000000E+0	-8.316822E-4	-1.365729E-3	9.735306E-2	2.905792E+2	5.009766E+1	2.970000E+2
5.896200E+2	1.419000E+3	0.000000E+0	-7.014962E-4	-1.164753E-3	9.834479E-2	2.905752E+2	5.009766E+1	2.970000E+2
5.907230E+2	1.426000E+3	0.000000E+0	-3.446222E-4	-1.482268E-3	9.938190E-2	2.905743E+2	5.009766E+1	2.970000E+2
6.067810E+2	1.433000E+3	0.000000E+0	-9.999445E-4	-1.871882E-3	1.000741E-1	2.905814E+2	5.009766E+1	2.980000E+2
6.078870E+2	1.440000E+3	0.000000E+0	-4.079466E-4	-6.728357E-4	1.007209E-1	2.905726E+2	5.009766E+1	2.980000E+2
6.089910E+2	1.447000E+3	0.000000E+0	-5.109375E-4	-7.735612E-4	1.017698E-1	2.905862E+2	5.009766E+1	2.980000E+2
6.100950E+2	1.454000E+3	0.000000E+0	-6.198878E-5	-1.616834E-3	1.023963E-1	2.905809E+2	5.009766E+1	2.980000E+2
6.111990E+2	1.461000E+3	0.000000E+0	2.008238E-4	-8.874851E-5	1.028251E-1	2.905786E+2	5.009766E+1	2.980000E+2
6.123030E+2	1.468000E+3	0.000000E+0	-4.955410E-4	-1.058252E-3	1.036879E-1	2.905714E+2	5.009766E+1	2.980000E+2
6.134050E+2	1.475000E+3	0.000000E+0	6.300795E-4	9.774491E-4	1.048937E-1	2.905819E+2	5.009766E+1	2.980000E+2
6.145050E+2	1.482000E+3	0.000000E+0	-6.607160E-4	-2.080679E-4	1.056247E-1	2.905816E+2	5.009766E+1	2.980000E+2
6.156080E+2	1.489000E+3	0.000000E+0	8.889840E-5	-3.534528E-4	1.061290E-1	2.905812E+2	5.009766E+1	2.980000E+2
6.167110E+2	1.496000E+3	0.000000E+0	-1.062503E-3	-2.789584E-4	1.064629E-1	2.905902E+2	5.009766E+1	2.980000E+2
6.177130E+2	1.503000E+3	0.000000E+0	3.731582E-4	-1.478640E-3	1.070010E-1	2.905833E+2	5.009766E+1	2.980000E+2
6.189150E+2	1.510000E+3	0.000000E+0	-1.333301E-3	-2.844036E-3	1.070802E-1	2.905969E+2	5.009766E+1	2.980000E+2
6.199190E+2	1.517000E+3	0.000000E+0	-1.382421E-3	-3.002524E-3	1.077530E-1	2.905975E+2	5.009766E+1	2.980000E+2
6.210230E+2	1.524000E+3	0.000000E+0	-1.691236E-3	-2.863532E-3	1.080757E-1	2.905965E+2	5.009766E+1	2.980000E+2
6.221280E+2	1.531000E+3	0.000000E+0	-1.314056E-3	-3.073549E-3	1.082782E-1	2.905788E+2	5.009766E+1	2.980000E+2
6.232310E+2	1.538000E+3	0.000000E+0	-1.747320E-3	-1.314516E-3	1.087464E-1	2.905855E+2	5.009766E+1	2.980000E+2
6.394760E+2	1.545000E+3	0.000000E+0	-7.275204E-4	-2.300825E-4	1.095585E-1	2.905806E+2	5.009766E+1	2.980000E+2
6.405810E+2	1.552000E+3	0.000000E+0	1.819750E-4	4.060612E-4	1.099612E-1	2.905833E+2	5.009766E+1	2.980000E+2
6.416860E+2	1.559000E+3	0.000000E+0	1.156495E-3	1.054307E-3	1.103662E-1	2.905820E+2	5.009766E+1	2.980000E+2
6.427900E+2	1.566000E+3	0.000000E+0	1.766459E-4	2.562561E-3	1.106503E-1	2.905795E+2	5.009766E+1	2.980000E+2
6.438950E+2	1.573000E+3	0.000000E+0	9.039305E-4	1.116737E-3	1.108050E-1	2.905852E+2	5.009766E+1	2.980000E+2
6.450020E+2	1.580000E+3	0.000000E+0	-2.146903E-3	7.940878E-5	1.112985E-1	2.905853E+2	5.009766E+1	2.980000E+2
6.460060E+2	1.587000E+3	0.000000E+0	-2.799009E-3	-4.195422E-3	1.114441E-1	2.905900E+2	5.014648E+1	2.980000E+2
6.471100E+2	1.594000E+3	0.000000E+0	-8.233994E-3	-9.435919E-3	1.117125E-1	2.905905E+2	5.014648E+1	2.980000E+2
6.482130E+2	1.601000E+3	0.000000E+0	-1.426093E-2	-2.105829E-2	1.124881E-1	2.905784E+2	5.009766E+1	2.980000E+2
6.493160E+2	1.608000E+3	0.000000E+0	-2.642793E-2	-3.841561E-2	1.130293E-1	2.905794E+2	5.009766E+1	2.980000E+2
6.504200E+2	1.615000E+3	0.000000E+0	-4.162283E-2	-6.440865E-2	1.142617E-1	2.905806E+2	5.009766E+1	2.980000E+2
6.515220E+2	1.622000E+3	0.000000E+0	-6.536522E-2	-9.750982E-2	1.148319E-1	2.905781E+2	5.009766E+1	2.980000E+2
6.526290E+2	1.629000E+3	0.000000E+0	-8.894765E-2	-1.339053E-1	1.154324E-1	2.905822E+2	5.009766E+1	2.980000E+2
6.537380E+2	1.636000E+3	0.000000E+0	-1.139163E-1	-1.637057E-1	1.159051E-1	2.905836E+2	5.009766E+1	2.980000E+2
6.548400E+2	1.643000E+3	0.000000E+0	-1.308353E-1	-1.802836E-1	1.164005E-1	2.905800E+2	5.009766E+1	2.980000E+2
6.559430E+2	1.650000E+3	0.000000E+0	-1.322708E-1	-1.712075E-1	1.169886E-1	2.905779E+2	5.009766E+1	2.980000E+2
6.719880E+2	1.657000E+3	0.000000E+0	-1.102207E-1	-1.355393E-1	1.177339E-1	2.905862E+2	5.009766E+1	3.000000E+2
6.729890E+2	1.664000E+3	0.000000E+0	-6.391380E-2	-7.243312E-2	1.184331E-1	2.905851E+2	5.009766E+1	3.000000E+2
6.740930E+2	1.671000E+3	0.000000E+0	4.261685E-3	1.936949E-2	1.193663E-1	2.905784E+2	5.009766E+1	3.000000E+2
6.751960E+2	1.678000E+3	0.000000E+0	8.187193E-2	1.165030E-1	1.199204E-1	2.905724E+2	5.009766E+1	3.000000E+2
6.762980E+2	1.685000E+3	0.000000E+0	1.489909E-1	2.161932E-1	1.218564E-1	2.905810E+2	5.014648E+1	3.000000E+2
6.774000E+2	1.692000E+3	0.000000E+0	2.079487E-1	3.095010E-1	1.234405E-1	2.905788E+2	5.014648E+1	3.000000E+2
6.785040E+2	1.699000E+3	0.000000E+0	2.541691E-1	3.751713E-1	1.248588E-1	2.905704E+2	5.009766E+1	3.000000E+2
6.796090E+2	1.706000E+3	0.000000E+0	2.782765E-1	3.818494E-1	1.263927E-1	2.905724E+2	5.009766E+1	3.000000E+2
6.807120E+2	1.713000E+3	0.000000E+0	2.508465E-1	3.408723E-1	1.277065E-1	2.905793E+2	5.009766E+1	3.000000E+2
6.818180E+2	1.720000E+3	0.000000E+0	1.906952E-1	2.767127E-1	1.291020E-1	2.905833E+2	5.009766E+1	3.000000E+2
6.829230E+2	1.727000E+3	0.000000E+0	1.264113E-1	1.850092E-1	1.305042E-1	2.905754E+2	5.014648E+1	3.000000E+2
6.840260E+2	1.734000E+3	0.000000E+0	5.056856E-2	6.564349E-2	1.321174E-1	2.905780E+2	5.009766E+1	3.000000E+2
6.851290E+2	1.741000E+3	0.000000E+0	-3.345058E-2	-3.144696E-2	1.338871E-1	2.905779E+2	5.009766E+1	3.000000E+2
6.862340E+2	1.748000E+3	0.000000E+0	-8.300729E-2	-9.653259E-2	1.351646E-1	2.905832E+2	5.009766E+1	3.000000E+2
6.873380E+2	1.755000E+3	0.000000E+0	-1.049045E-1	-1.477219E-1	1.370160E-1	2.905810E+2	5.009766E+1	3.000000E+2
6.884400E+2	1.762000E+3	0.000000E+0	-1.205306E-1	-1.807713E-1	1.401765E-1	2.905837E+2	5.009766E+1	3.000000E+2
7.044900E+2	1.769000E+3	0.000000E+0	-1.261983E-1	-1.799449E-1	1.419304E-1	2.905782E+2	5.009766E+1	2.980000E+2
7.055960E+2	1.776000E+3	0.000000E+0	-1.048860E-1	-1.509573E-1	1.431806E-1	2.905797E+2	5.009766E+1	2.980000E+2
7.067010E+2	1.783000E+3	0.000000E+0	-8.353014E-2	-1.165031E-1	1.445260E-1	2.905832E+2	5.009766E+1	2.980000E+2
7.078040E+2	1.790000E+3	0.000000E+0	-5.689261E-2	-8.135927E-2	1.452748E-1	2.905767E+2	5.014648E+1	2.980000E+2
7.089050E+2	1.797000E+3	0.000000E+0	-3.349966E-2	-5.011460E-2	1.462027E-1	2.905940E+2	5.014648E+1	2.980000E+2
7.100060E+2	1.804000E+3	0.000000E+0	-1.466680E-2	-2.642919E-2	1.465726E-1	2.905698E+2	5.009766E+1	2.980000E+2
7.111110E+2	1.811000E+3	0.000000E+0	-3.020591E-3	-9.104720E-3	1.471670E-1	2.905799E+2	5.009766E+1	2.980000E+2
7.122130E+2	1.818000E+3	0.000000E+0	3.350359E-3	3.158152E-3	1.473394E-1	2.905797E+2	5.009766E+1	2.980000E+2
7.133160E+2	1.825000E+3	0.000000E+0	5.306944E-3	1.078724E-2	1.474166E-1	2.905757E+2	5.009766E+1	2.980000E+2
7.144200E+2	1.832000E+3	0.000000E+0	5.980221E-3	1.027043E-2	1.480042E-1	2.905848E+2	5.014648E+1	2.980000E+2
7.155260E+2	1.839000E+3	0.000000E+0	2.999818E-3	4.425754E-3	1.481676E-1	2.905797E+2	5.014648E+1	2.980000E+2
7.166270E+2	1.846000E+3	0.000000E+0	-5.278553E-3	-9.571479E-3	1.482515E-1	2.905856E+2	5.012207E+1	2.980000E+2
7.177310E+2	1.853000E+3	0.000000E+0	-1.717866E-2	-2.745547E-2	1.476775E-1	2.905872E+2	5.014648E+1	2.980000E+2
7.188320E+2	1.860000E+3	0.000000E+0	-3.247276E-2	-4.927362E-2	1.476321E-1	2.905833E+2	5.014648E+1	2.980000E+2
7.199380E+2	1.867000E+3	0.000000E+0	-4.673206E-2	-6.657211E-2	1.474529E-1	2.905798E+2	5.012207E+1	2.980000E+2
7.210450E+2	1.874000E+3	0.000000E+0	-5.816707E-2	-8.365142E-2	1.475777E-1	2.905874E+2	5.012207E+1	2.980000E+2
7.372020E+2	1.881000E+3	0.000000E+0	-6.367884E-2	-9.208176E-2	1.473031E-1	2.905946E+2	5.009766E+1	2.990000E+2
7.383070E+2	1.888000E+3	0.000000E+0	-5.904346E-2	-7.835334E-2	1.468902E-1	2.905933E+2	5.009766E+1	2.990000E+2
7.394090E+2	1.895000E+3	0.000000E+0	-4.054225E-2	-4.856415E-2	1.468040E-1	2.905909E+2	5.009766E+1	2.990000E+2
7.405100E+2	1.902000E+3	0.000000E+0	-4.920931E-3	-1.114093E-2	1.467110E-1	2.905866E+2	5.009766E+1	2.990000E+2
7.416150E+2	1.909000E+3	0.000000E+0	2.718412E-2	3.278193E-2	1.469537E-1	2.905871E+2	5.009766E+1	2.990000E+2
7.427190E+2	1.916000E+3	0.000000E+0	5.969950E-2	8.472018E-2	1.477365E-1	2.905936E+2	5.009766E+1	2.990000E+2
7.438200E+2	1.923000E+3	0.000000E+0	9.541713E-2	1.301742E-1	1.481063E-1	2.905906E+2	5.014648E+1	2.990000E+2
7.449200E+2	1.930000E+3	0.000000E+0	1.125075E-1	1.406551E-1	1.484353E-1	2.905847E+2	5.014648E+1	2.990000E+2
7.460240E+2	1.937000E+3	0.000000E+0	9.840462E-2	1.455954E-1	1.496855E-1	2.905969E+2	5.014648E+1	2.990000E+2
7.471260E+2	1.944000E+3	0.000000E+0	8.441369E-2	1.348015E-1	1.506339E-1	2.905939E+2	5.014648E+1	2.990000E+2
7.482280E+2	1.951000E+3	0.000000E+0	6.524049E-2	9.324928E-2	1.516004E-1	2.905957E+2	5.014648E+1	2.990000E+2
7.493300E+2	1.958000E+3	0.000000E+0	2.605381E-2	4.404296E-2	1.526396E-1	2.905978E+2	5.014648E+1	2.990000E+2
7.504340E+2	1.965000E+3	0.000000E+0	-4.600152E-3	5.799267E-3	1.554123E-1	2.905901E+2	5.014648E+1	2.990000E+2
7.515350E+2	1.972000E+3	0.000000E+0	-2.015214E-2	-3.046869E-2	1.573751E-1	2.905937E+2	5.014648E+1	2.990000E+2
7.526390E+2	1.979000E+3	0.000000E+0	-3.572956E-2	-6.123582E-2	1.590951E-1	2.906045E+2	5.014648E+1	2.990000E+2
7.536450E+2	1.986000E+3	0.000000E+0	-4.576984E-2	-6.746855E-2	1.609696E-1	2.906029E+2	5.014648E+1	2.990000E+2
7.697870E+2	1.993000E+3	0.000000E+0	-3.847946E-2	-5.653550E-2	1.631322E-1	2.905868E+2	5.014648E+1	2.980000E+2
7.708910E+2	2.000000E+3	0.000000E+0	-3.068429E-2	-3.901898E-2	1.646689E-1	2.905953E+2	5.012207E+1	2.980000E+2
7.719970E+2	2.007000E+3	0.000000E+0	-1.577452E-2	-2.256952E-2	1.669069E-1	2.905927E+2	5.012207E+1	2.980000E+2
7.731040E+2	2.014000E+3	0.000000E+0	-6.422350E-3	-1.449328E-2	1.690359E-1	2.906085E+2	5.014648E+1	2.980000E+2
7.742100E+2	2.021000E+3	0.000000E+0	-5.290304E-3	-1.049855E-2	1.705682E-1	2.906069E+2	5.014648E+1	2.980000E+2
7.753150E+2	2.028000E+3	0.000000E+0	-6.598524E-3	-1.020498E-2	1.720828E-1	2.906001E+2	5.014648E+1	2.980000E+2
7.764200E+2	2.035000E+3	0.000000E+0	-6.835038E-3	-9.782026E-3	1.753594E-1	2.906063E+2	5.014648E+1	2.980000E+2
7.775240E+2	2.042000E+3	0.000000E+0	-6.777608E-3	-1.258049E-2	1.769445E-1	2.906033E+2	5.014648E+1	2.980000E+2
7.786270E+2	2.049000E+3	0.000000E+0	-8.254990E-3	-1.185559E-2	1.784754E-1	2.905880E+2	5.014648E+1	2.980000E+2
7.796300E+2	2.056000E+3	0.000000E+0	-6.794546E-3	-1.092632E-2	1.793926E-1	2.905881E+2	5.014648E+1	2.980000E+2
7.807350E+2	2.063000E+3	0.000000E+0	-5.507925E-3	-7.586174E-3	1.810014E-1	2.905963E+2	5.014648E+1	2.980000E+2
7.818380E+2	2.070000E+3	0.000000E+0	-3.298793E-3	-6.183831E-3	1.812551E-1	2.906007E+2	5.014648E+1	2.980000E+2
7.829420E+2	2.077000E+3	0.000000E+0	-2.700668E-3	-3.123909E-3	1.818367E-1	2.905867E+2	5.014648E+1	2.980000E+2
7.840470E+2	2.084000E+3	0.000000E+0	-2.438719E-3	-2.555915E-3	1.826594E-1	2.906012E+2	5.014648E+1	2.980000E+2
7.851510E+2	2.091000E+3	0.000000E+0	-1.995678E-4	-1.793749E-3	1.828019E-1	2.906074E+2	5.014648E+1	2.980000E+2
7.862540E+2	2.098000E+3	0.000000E+0	-1.333207E-3	-1.156769E-3	1.827353E-1	2.906031E+2	5.014648E+1	2.980000E+2
8.023000E+2	2.105000E+3	0.000000E+0	-4.456413E-4	-2.535877E-3	1.828437E-1	2.906146E+2	5.014648E+1	2.980000E+2
8.035000E+2	2.112000E+3	0.000000E+0	-6.740034E-4	-2.973969E-3	1.830847E-1	2.906080E+2	5.012207E+1	2.980000E+2
8.046050E+2	2.119000E+3	0.000000E+0	-4.323812E-4	-1.053850E-3	1.829524E-1	2.906121E+2	5.012207E+1	2.980000E+2
8.057070E+2	2.126000E+3	0.000000E+0	-2.139389E-3	-7.711128E-4	1.822880E-1	2.906118E+2	5.012207E+1	2.980000E+2
