1.174138E+3	2.131000E+3	0.000000E+0	-1.347680E-3	-9.325994E-4	1.826064E-1	2.906023E+2	5.019531E+1	2.970000E+2
1.175243E+3	8.500000E+2	0.000000E+0	-8.552302E-4	-7.852179E-4	1.086058E-1	2.905834E+2	5.019531E+1	2.970000E+2
1.176347E+3	8.570000E+2	0.000000E+0	-1.023553E-3	-1.099763E-3	2.648594E-2	2.905846E+2	5.019531E+1	2.970000E+2
1.177452E+3	8.640000E+2	0.000000E+0	-1.428688E-3	-1.731566E-3	2.707812E-2	2.905796E+2	5.019531E+1	2.970000E+2
1.193804E+3	8.710000E+2	0.000000E+0	-1.121307E-3	-1.579759E-3	2.880701E-2	2.906143E+2	5.019531E+1	2.970000E+2
1.194907E+3	8.780000E+2	0.000000E+0	-1.856117E-3	-4.158996E-4	2.961474E-2	2.906212E+2	5.019531E+1	2.970000E+2
1.196009E+3	8.850000E+2	0.000000E+0	-2.375831E-4	-6.212739E-4	3.054271E-2	2.906147E+2	5.019531E+1	2.970000E+2
1.197111E+3	8.920000E+2	0.000000E+0	4.314012E-4	1.889832E-3	3.130506E-2	2.906110E+2	5.019531E+1	2.970000E+2
1.198215E+3	8.990000E+2	0.000000E+0	2.184898E-3	6.466952E-4	3.172254E-2	2.906053E+2	5.019531E+1	2.970000E+2
1.199217E+3	9.060000E+2	0.000000E+0	2.247119E-3	2.644491E-3	3.279118E-2	2.905987E+2	5.019531E+1	2.970000E+2
1.200321E+3	9.130000E+2	0.000000E+0	2.616239E-3	2.175184E-3	3.358303E-2	2.906062E+2	5.019531E+1	2.970000E+2
1.201425E+3	9.200000E+2	0.000000E+0	1.878690E-3	2.466702E-3	3.435672E-2	2.906108E+2	5.019531E+1	2.970000E+2
1.202529E+3	9.270000E+2	0.000000E+0	2.316480E-3	2.730227E-3	3.597898E-2	2.906000E+2	5.019531E+1	2.970000E+2
1.203634E+3	9.340000E+2	0.000000E+0	4.633689E-4	1.899878E-3	3.663242E-2	2.905918E+2	5.019531E+1	2.970000E+2
1.204739E+3	9.410000E+2	0.000000E+0	3.403750E-4	9.033427E-4	3.775325E-2	2.905967E+2	5.019531E+1	2.970000E+2
1.205843E+3	9.480000E+2	0.000000E+0	-1.253232E-4	1.162801E-3	3.847249E-2	2.905960E+2	5.019531E+1	2.970000E+2
1.206948E+3	9.550000E+2	0.000000E+0	-8.170801E-4	-6.587662E-4	3.954114E-2	2.905864E+2	5.019531E+1	2.970000E+2
1.208054E+3	9.620000E+2	0.000000E+0	-1.827537E-4	-1.558911E-3	4.021727E-2	2.905956E+2	5.019531E+1	2.970000E+2
1.209160E+3	9.690000E+2	0.000000E+0	-1.657713E-3	-1.108416E-3	4.094104E-2	2.905853E+2	5.019531E+1	2.970000E+2
1.210265E+3	9.760000E+2	0.000000E+0	-1.219489E-3	-1.999355E-3	4.180776E-2	2.905817E+2	5.019531E+1	2.970000E+2
1.226320E+3	9.830000E+2	0.000000E+0	-3.713253E-4	-1.193821E-3	4.273573E-2	2.906004E+2	5.019531E+1	2.990000E+2
1.227423E+3	9.900000E+2	0.000000E+0	7.876862E-5	-1.165171E-3	4.320766E-2	2.905983E+2	5.019531E+1	2.990000E+2
1.228527E+3	9.970000E+2	0.000000E+0	-3.803072E-4	-9.794051E-4	4.482765E-2	2.906051E+2	5.019531E+1	2.990000E+2
1.229630E+3	1.004000E+3	0.000000E+0	-1.569800E-4	-3.873057E-4	4.547656E-2	2.905969E+2	5.019531E+1	2.990000E+2
1.230734E+3	1.011000E+3	0.000000E+0	-1.060191E-3	-2.317531E-4	4.657924E-2	2.905957E+2	5.019531E+1	2.990000E+2
1.231839E+3	1.018000E+3	0.000000E+0	-3.542047E-4	-5.193887E-4	4.733705E-2	2.905985E+2	5.019531E+1	2.990000E+2
1.232943E+3	1.025000E+3	0.000000E+0	-4.130185E-4	1.173047E-3	4.823780E-2	2.905929E+2	5.019531E+1	2.990000E+2
1.234047E+3	1.032000E+3	0.000000E+0	5.242270E-4	-4.946707E-4	4.883451E-2	2.905948E+2	5.019531E+1	2.990000E+2
1.235149E+3	1.039000E+3	0.000000E+0	5.774670E-4	5.409200E-4	4.983283E-2	2.905823E+2	5.019531E+1	2.990000E+2
1.236256E+3	1.046000E+3	0.000000E+0	-2.078019E-4	-6.149973E-4	5.075400E-2	2.905809E+2	5.019531E+1	2.990000E+2
1.237357E+3	1.053000E+3	0.000000E+0	-1.878009E-4	-6.655601E-4	5.145508E-2	2.905823E+2	5.019531E+1	2.990000E+2
1.238460E+3	1.060000E+3	0.000000E+0	-3.314317E-4	-6.995037E-4	5.212668E-2	2.905859E+2	5.019531E+1	2.990000E+2
1.239566E+3	1.067000E+3	0.000000E+0	-4.411830E-4	-4.636470E-4	5.352658E-2	2.906084E+2	5.019531E+1	2.990000E+2
1.240673E+3	1.074000E+3	0.000000E+0	8.695914E-5	-1.372549E-3	5.420725E-2	2.906004E+2	5.019531E+1	2.990000E+2
1.241774E+3	1.081000E+3	0.000000E+0	-1.738829E-3	-7.988495E-4	5.528043E-2	2.905909E+2	5.019531E+1	2.990000E+2
1.242880E+3	1.088000E+3	0.000000E+0	-1.316964E-3	-1.279945E-3	5.609724E-2	2.905895E+2	5.019531E+1	2.990000E+2
1.258835E+3	1.095000E+3	0.000000E+0	-1.042259E-3	-8.816019E-4	5.631505E-2	2.905958E+2	5.019531E+1	2.980000E+2
1.259936E+3	1.102000E+3	0.000000E+0	-9.800271E-4	-1.886575E-3	5.720899E-2	2.905882E+2	5.019531E+1	2.980000E+2
1.261042E+3	1.109000E+3	0.000000E+0	-1.352207E-3	-2.389842E-3	5.781479E-2	2.905908E+2	5.019531E+1	2.980000E+2
1.262146E+3	1.116000E+3	0.000000E+0	-9.165706E-4	-2.785787E-3	5.824361E-2	2.905859E+2	5.019531E+1	2.980000E+2
1.263250E+3	1.123000E+3	0.000000E+0	-2.097078E-3	-3.119709E-3	5.864747E-2	2.905980E+2	5.019531E+1	2.980000E+2
1.264354E+3	1.130000E+3	0.000000E+0	-2.471877E-3	-5.590127E-3	5.916931E-2	2.905859E+2	5.019531E+1	2.980000E+2
1.265457E+3	1.137000E+3	0.000000E+0	-4.552761E-3	-5.823550E-3	5.980914E-2	2.905832E+2	5.019531E+1	2.980000E+2
1.266561E+3	1.144000E+3	0.000000E+0	-6.951427E-3	-1.077893E-2	6.019939E-2	2.905897E+2	5.019531E+1	2.980000E+2
1.267665E+3	1.151000E+3	0.000000E+0	-1.603163E-2	-1.904405E-2	6.078703E-2	2.905880E+2	5.019531E+1	2.980000E+2
1.268768E+3	1.158000E+3	0.000000E+0	-2.723042E-2	-3.389232E-2	6.139056E-2	2.905817E+2	5.019531E+1	2.980000E+2
1.269868E+3	1.165000E+3	0.000000E+0	-5.218020E-2	-6.451888E-2	6.181257E-2	2.905876E+2	5.024414E+1	2.980000E+2
1.270975E+3	1.172000E+3	0.000000E+0	-8.014773E-2	-1.042564E-1	6.189652E-2	2.905850E+2	5.019531E+1	2.980000E+2
1.271980E+3	1.179000E+3	0.000000E+0	-1.073300E-1	-1.493685E-1	6.230492E-2	2.905872E+2	5.019531E+1	2.980000E+2
1.273085E+3	1.186000E+3	0.000000E+0	-1.303504E-1	-1.909975E-1	6.224139E-2	2.905888E+2	5.019531E+1	2.980000E+2
1.274188E+3	1.193000E+3	0.000000E+0	-1.335358E-1	-2.065712E-1	6.259080E-2	2.905981E+2	5.019531E+1	2.980000E+2
1.275292E+3	1.200000E+3	0.000000E+0	-1.172666E-1	-1.964990E-1	6.268383E-2	2.905833E+2	5.019531E+1	2.980000E+2
1.291350E+3	1.207000E+3	0.000000E+0	-7.657420E-2	-1.427509E-1	6.297424E-2	2.905853E+2	5.019531E+1	3.020000E+2
1.292553E+3	1.214000E+3	0.000000E+0	-2.012048E-2	-1.338075E-2	6.321021E-2	2.905781E+2	5.019531E+1	3.020000E+2
1.293656E+3	1.221000E+3	0.000000E+0	6.232153E-2	1.033547E-1	6.412230E-2	2.905917E+2	5.019531E+1	3.020000E+2
1.294759E+3	1.228000E+3	0.000000E+0	1.536093E-1	2.213542E-1	6.456701E-2	2.905991E+2	5.019531E+1	3.020000E+2
1.295763E+3	1.235000E+3	0.000000E+0	2.412330E-1	3.212925E-1	6.532935E-2	2.905888E+2	5.019531E+1	3.020000E+2
1.296869E+3	1.242000E+3	0.000000E+0	3.057529E-1	3.939465E-1	6.591927E-2	2.905744E+2	5.019531E+1	3.020000E+2
1.297973E+3	1.249000E+3	0.000000E+0	3.244322E-1	4.161119E-1	6.701287E-2	2.905808E+2	5.019531E+1	3.020000E+2
1.299077E+3	1.256000E+3	0.000000E+0	2.880805E-1	3.904839E-1	6.767539E-2	2.905827E+2	5.019531E+1	3.020000E+2
1.300182E+3	1.263000E+3	0.000000E+0	2.126474E-1	2.943763E-1	6.875765E-2	2.905871E+2	5.019531E+1	3.020000E+2
1.301282E+3	1.270000E+3	0.000000E+0	1.128547E-1	1.597645E-1	6.949050E-2	2.905832E+2	5.019531E+1	3.020000E+2
1.302387E+3	1.277000E+3	0.000000E+0	2.866683E-2	1.883523E-2	7.057503E-2	2.905795E+2	5.019531E+1	3.020000E+2
1.303492E+3	1.284000E+3	0.000000E+0	-4.081597E-2	-9.260712E-2	7.142133E-2	2.905746E+2	5.019531E+1	3.020000E+2
1.304598E+3	1.291000E+3	0.000000E+0	-9.258709E-2	-1.637033E-1	7.403736E-2	2.905688E+2	5.019531E+1	3.020000E+2
1.305700E+3	1.298000E+3	0.000000E+0	-1.271727E-1	-1.932138E-1	7.581844E-2	2.905762E+2	5.019531E+1	3.020000E+2
1.306803E+3	1.305000E+3	0.000000E+0	-1.354091E-1	-1.928176E-1	7.727053E-2	2.905731E+2	5.019531E+1	3.020000E+2
1.307904E+3	1.312000E+3	0.000000E+0	-1.171605E-1	-1.757759E-1	7.851615E-2	2.905891E+2	5.019531E+1	3.020000E+2
1.323951E+3	1.319000E+3	0.000000E+0	-8.423544E-2	-1.361683E-1	8.027000E-2	2.905773E+2	5.019531E+1	3.020000E+2
1.325056E+3	1.326000E+3	0.000000E+0	-6.028439E-2	-7.876933E-2	8.156100E-2	2.905833E+2	5.019531E+1	3.020000E+2
1.326161E+3	1.333000E+3	0.000000E+0	-4.018296E-2	-5.128391E-2	8.277032E-2	2.905832E+2	5.019531E+1	3.020000E+2
1.327265E+3	1.340000E+3	0.000000E+0	-2.394323E-2	-3.287967E-2	8.404318E-2	2.905803E+2	5.019531E+1	3.020000E+2
1.328371E+3	1.347000E+3	0.000000E+0	-1.187856E-2	-2.006341E-2	8.513904E-2	2.905816E+2	5.019531E+1	3.020000E+2
1.329474E+3	1.354000E+3	0.000000E+0	-6.152970E-3	-1.092900E-2	8.634383E-2	2.905823E+2	5.019531E+1	3.020000E+2
1.330578E+3	1.361000E+3	0.000000E+0	-2.545346E-3	-5.665209E-3	8.799332E-2	2.905859E+2	5.024414E+1	3.020000E+2
1.331682E+3	1.368000E+3	0.000000E+0	-2.358401E-3	-3.307460E-3	8.972904E-2	2.905818E+2	5.024414E+1	3.020000E+2
1.332787E+3	1.375000E+3	0.000000E+0	-1.540021E-3	-2.292979E-3	9.080905E-2	2.905918E+2	5.019531E+1	3.020000E+2
1.333890E+3	1.382000E+3	0.000000E+0	-2.138836E-3	-2.997793E-3	9.218408E-2	2.905895E+2	5.019531E+1	3.020000E+2
1.334993E+3	1.389000E+3	0.000000E+0	-9.198359E-4	-4.794577E-4	9.376104E-2	2.905911E+2	5.019531E+1	3.020000E+2
1.336098E+3	1.396000E+3	0.000000E+0	-5.992135E-4	-1.188176E-3	9.479797E-2	2.905939E+2	5.019531E+1	3.020000E+2
1.337200E+3	1.403000E+3	0.000000E+0	-5.319499E-4	-1.710307E-3	9.593499E-2	2.905936E+2	5.019531E+1	3.020000E+2
1.338303E+3	1.410000E+3	0.000000E+0	-4.922575E-4	-2.030644E-3	9.666776E-2	2.905958E+2	5.019531E+1	3.020000E+2
1.339407E+3	1.417000E+3	0.000000E+0	-1.188315E-3	-9.379936E-4	9.747801E-2	2.905987E+2	5.019531E+1	3.020000E+2
1.340508E+3	1.424000E+3	0.000000E+0	-4.285981E-4	-1.646706E-3	9.837452E-2	2.905969E+2	5.019531E+1	3.020000E+2
1.356571E+3	1.431000E+3	0.000000E+0	-1.024835E-3	-1.292363E-3	1.002286E-1	2.905995E+2	5.019531E+1	3.000000E+2
1.357677E+3	1.438000E+3	0.000000E+0	-7.825160E-5	-9.128875E-4	1.012454E-1	2.906077E+2	5.019531E+1	3.000000E+2
1.358780E+3	1.445000E+3	0.000000E+0	-1.417559E-3	-1.209011E-3	1.023716E-1	2.905995E+2	5.019531E+1	3.000000E+2
1.359882E+3	1.452000E+3	0.000000E+0	2.457760E-5	-5.844557E-4	1.030003E-1	2.905950E+2	5.019531E+1	3.000000E+2
1.360986E+3	1.459000E+3	0.000000E+0	-4.681410E-4	-3.412449E-4	1.035790E-1	2.906107E+2	5.019531E+1	3.000000E+2
1.362088E+3	1.466000E+3	0.000000E+0	-1.159795E-3	2.696388E-4	1.041807E-1	2.906003E+2	5.019531E+1	3.000000E+2
1.363193E+3	1.473000E+3	0.000000E+0	1.996965E-4	-3.004459E-4	1.048620E-1	2.906036E+2	5.019531E+1	3.000000E+2
1.364295E+3	1.480000E+3	0.000000E+0	4.743372E-4	1.048565E-3	1.055570E-1	2.905870E+2	5.019531E+1	3.000000E+2
1.365398E+3	1.487000E+3	0.000000E+0	6.808606E-4	-5.391137E-5	1.062001E-1	2.906043E+2	5.019531E+1	3.000000E+2
1.366503E+3	1.494000E+3	0.000000E+0	1.666523E-4	-1.236745E-3	1.065585E-1	2.905918E+2	5.019531E+1	3.000000E+2
1.367606E+3	1.501000E+3	0.000000E+0	-4.742247E-4	-1.076610E-3	1.069314E-1	2.906064E+2	5.019531E+1	3.000000E+2
1.368709E+3	1.508000E+3	0.000000E+0	-2.348514E-3	-2.985693E-3	1.075126E-1	2.905845E+2	5.019531E+1	3.000000E+2
1.369813E+3	1.515000E+3	0.000000E+0	-1.338306E-3	-2.796088E-3	1.080195E-1	2.905944E+2	5.019531E+1	3.000000E+2
1.370917E+3	1.522000E+3	0.000000E+0	-1.942547E-3	-3.330079E-3	1.084944E-1	2.905935E+2	5.019531E+1	3.000000E+2
1.371920E+3	1.529000E+3	0.000000E+0	-2.897445E-3	-2.471002E-3	1.088875E-1	2.905956E+2	5.019531E+1	3.000000E+2
1.373021E+3	1.536000E+3	0.000000E+0	-8.036160E-4	-1.871258E-3	1.091697E-1	2.906013E+2	5.019531E+1	3.000000E+2
1.389158E+3	1.543000E+3	0.000000E+0	-4.993009E-4	1.162294E-3	1.097770E-1	2.906041E+2	5.019531E+1	3.000000E+2
1.390263E+3	1.550000E+3	0.000000E+0	4.002029E-4	1.454769E-3	1.100818E-1	2.906118E+2	5.019531E+1	3.000000E+2
1.391367E+3	1.557000E+3	0.000000E+0	4.971193E-4	2.661685E-3	1.102886E-1	2.906082E+2	5.024414E+1	3.000000E+2
1.392469E+3	1.564000E+3	0.000000E+0	3.883864E-4	2.611306E-3	1.100566E-1	2.906034E+2	5.024414E+1	3.000000E+2
1.393573E+3	1.571000E+3	0.000000E+0	1.188876E-3	2.150456E-3	1.107414E-1	2.905966E+2	5.024414E+1	3.000000E+2
1.394677E+3	1.578000E+3	0.000000E+0	-8.282259E-4	3.354096E-4	1.116060E-1	2.905974E+2	5.024414E+1	3.000000E+2
1.395783E+3	1.585000E+3	0.000000E+0	-2.743055E-3	-2.594861E-3	1.117809E-1	2.905909E+2	5.024414E+1	3.000000E+2
1.396889E+3	1.592000E+3	0.000000E+0	-6.518052E-3	-9.969071E-3	1.121469E-1	2.905948E+2	5.024414E+1	3.000000E+2
1.397993E+3	1.599000E+3	0.000000E+0	-1.502270E-2	-1.947736E-2	1.128293E-1	2.906016E+2	5.019531E+1	3.000000E+2
1.399096E+3	1.606000E+3	0.000000E+0	-2.760684E-2	-3.569135E-2	1.137343E-1	2.905995E+2	5.019531E+1	3.000000E+2
1.400202E+3	1.613000E+3	0.000000E+0	-4.244473E-2	-5.689189E-2	1.141935E-1	2.906121E+2	5.024414E+1	3.000000E+2
1.401306E+3	1.620000E+3	0.000000E+0	-6.278872E-2	-8.612087E-2	1.145232E-1	2.906019E+2	5.019531E+1	3.000000E+2
1.402408E+3	1.627000E+3	0.000000E+0	-8.485585E-2	-1.203355E-1	1.146800E-1	2.905971E+2	5.019531E+1	3.000000E+2
1.403412E+3	1.634000E+3	0.000000E+0	-1.062785E-1	-1.564406E-1	1.153142E-1	2.905969E+2	5.019531E+1	3.000000E+2
1.404513E+3	1.641000E+3	0.000000E+0	-1.259606E-1	-1.823199E-1	1.160504E-1	2.905963E+2	5.019531E+1	3.000000E+2
1.405615E+3	1.648000E+3	0.000000E+0	-1.313633E-1	-1.845622E-1	1.169977E-1	2.906000E+2	5.019531E+1	3.000000E+2
1.421869E+3	1.655000E+3	0.000000E+0	-1.164854E-1	-1.547549E-1	1.180746E-1	2.906087E+2	5.019531E+1	2.990000E+2
1.422977E+3	1.662000E+3	0.000000E+0	-5.004757E-2	-9.612727E-2	1.190031E-1	2.906085E+2	5.024414E+1	2.990000E+2
1.424082E+3	1.669000E+3	0.000000E+0	7.051801E-3	-1.234821E-2	1.195096E-1	2.906112E+2	5.024414E+1	2.990000E+2
1.425183E+3	1.676000E+3	0.000000E+0	6.964560E-2	9.014921E-2	1.209123E-1	2.906074E+2	5.024414E+1	2.990000E+2
1.426288E+3	1.683000E+3	0.000000E+0	1.405828E-1	2.041984E-1	1.219813E-1	2.905990E+2	5.024414E+1	2.990000E+2
1.427390E+3	1.690000E+3	0.000000E+0	2.056927E-1	3.039463E-1	1.232975E-1	2.906051E+2	5.024414E+1	2.990000E+2
1.428492E+3	1.697000E+3	0.000000E+0	2.501425E-1	3.697404E-1	1.241373E-1	2.906011E+2	5.024414E+1	2.990000E+2
1.429594E+3	1.704000E+3	0.000000E+0	2.663051E-1	3.930031E-1	1.254034E-1	2.905992E+2	5.024414E+1	2.990000E+2
1.430597E+3	1.711000E+3	0.000000E+0	2.533527E-1	3.631975E-1	1.283986E-1	2.906081E+2	5.024414E+1	2.990000E+2
1.431700E+3	1.718000E+3	0.000000E+0	2.066247E-1	2.902989E-1	1.302002E-1	2.906146E+2	5.024414E+1	2.990000E+2
1.432806E+3	1.725000E+3	0.000000E+0	1.373333E-1	1.950113E-1	1.319177E-1	2.906159E+2	5.024414E+1	2.990000E+2
1.433912E+3	1.732000E+3	0.000000E+0	5.311986E-2	7.993714E-2	1.335151E-1	2.906145E+2	5.019531E+1	2.990000E+2
1.435019E+3	1.739000E+3	0.000000E+0	-1.457657E-2	-2.630076E-2	1.352508E-1	2.906162E+2	5.024414E+1	2.990000E+2
1.436123E+3	1.746000E+3	0.000000E+0	-6.736071E-2	-1.088245E-1	1.369411E-1	2.906068E+2	5.024414E+1	2.990000E+2
1.437227E+3	1.753000E+3	0.000000E+0	-1.019529E-1	-1.645201E-1	1.379735E-1	2.906035E+2	5.019531E+1	2.990000E+2
1.438332E+3	1.760000E+3	0.000000E+0	-1.163309E-1	-1.854287E-1	1.394210E-1	2.906095E+2	5.019531E+1	2.990000E+2
1.454490E+3	1.767000E+3	0.000000E+0	-1.197872E-1	-1.784260E-1	1.414131E-1	2.906002E+2	5.019531E+1	2.990000E+2
1.455595E+3	1.774000E+3	0.000000E+0	-1.064057E-1	-1.561261E-1	1.430104E-1	2.906063E+2	5.019531E+1	2.990000E+2
1.456700E+3	1.781000E+3	0.000000E+0	-8.696812E-2	-1.256687E-1	1.445124E-1	2.906071E+2	5.021973E+1	2.990000E+2
1.457806E+3	1.788000E+3	0.000000E+0	-6.345556E-2	-9.079566E-2	1.456128E-1	2.906058E+2	5.021973E+1	2.990000E+2
1.458910E+3	1.795000E+3	0.000000E+0	-4.061929E-2	-5.951776E-2	1.468244E-1	2.906076E+2	5.024414E+1	2.990000E+2
1.460011E+3	1.802000E+3	0.000000E+0	-2.181073E-2	-3.269049E-2	1.467632E-1	2.906043E+2	5.024414E+1	2.990000E+2
1.461113E+3	1.809000E+3	0.000000E+0	-6.350033E-3	-1.272218E-2	1.477002E-1	2.906131E+2	5.024414E+1	2.990000E+2
1.462214E+3	1.816000E+3	0.000000E+0	5.442048E-3	1.941583E-3	1.479135E-1	2.906043E+2	5.024414E+1	2.990000E+2
1.463316E+3	1.823000E+3	0.000000E+0	9.594368E-3	9.919479E-3	1.484989E-1	2.906076E+2	5.024414E+1	2.990000E+2
1.464422E+3	1.830000E+3	0.000000E+0	8.367352E-3	1.000765E-2	1.485828E-1	2.906008E+2	5.024414E+1	2.990000E+2
1.465526E+3	1.837000E+3	0.000000E+0	5.032348E-3	4.400090E-3	1.484058E-1	2.905993E+2	5.024414E+1	2.990000E+2
1.466631E+3	1.844000E+3	0.000000E+0	-2.379247E-3	-5.986056E-3	1.486373E-1	2.905809E+2	5.024414E+1	2.990000E+2
1.467738E+3	1.851000E+3	0.000000E+0	-1.460037E-2	-2.116645E-2	1.483400E-1	2.905882E+2	5.024414E+1	2.990000E+2
1.468839E+3	1.858000E+3	0.000000E+0	-2.865661E-2	-4.190048E-2	1.483582E-1	2.905836E+2	5.019531E+1	2.990000E+2
1.469939E+3	1.865000E+3	0.000000E+0	-4.278652E-2	-6.306821E-2	1.481109E-1	2.905902E+2	5.019531E+1	2.990000E+2
1.471043E+3	1.872000E+3	0.000000E+0	-5.610976E-2	-7.894985E-2	1.482606E-1	2.905985E+2	5.024414E+1	2.990000E+2
1.487101E+3	1.879000E+3	0.000000E+0	-6.445203E-2	-9.070393E-2	1.474484E-1	2.905871E+2	5.024414E+1	2.980000E+2
1.488204E+3	1.886000E+3	0.000000E+0	-5.398611E-2	-7.499705E-2	1.469447E-1	2.905931E+2	5.024414E+1	2.980000E+2
1.489307E+3	1.893000E+3	0.000000E+0	-4.224364E-2	-5.374433E-2	1.468539E-1	2.905860E+2	5.019531E+1	2.980000E+2
1.490413E+3	1.900000E+3	0.000000E+0	-2.056437E-2	-1.943334E-2	1.471806E-1	2.905884E+2	5.019531E+1	2.980000E+2
1.491517E+3	1.907000E+3	0.000000E+0	1.245793E-2	2.745200E-2	1.474506E-1	2.905913E+2	5.024414E+1	2.980000E+2
1.492620E+3	1.914000E+3	0.000000E+0	5.355961E-2	7.697517E-2	1.472963E-1	2.905920E+2	5.024414E+1	2.980000E+2
1.493724E+3	1.921000E+3	0.000000E+0	8.994571E-2	1.221880E-1	1.483831E-1	2.905864E+2	5.024414E+1	2.980000E+2
1.494827E+3	1.928000E+3	0.000000E+0	1.049050E-1	1.566766E-1	1.490933E-1	2.905833E+2	5.024414E+1	2.980000E+2
1.495929E+3	1.935000E+3	0.000000E+0	9.844450E-2	1.618816E-1	1.501960E-1	2.905944E+2	5.024414E+1	2.980000E+2
1.497031E+3	1.942000E+3	0.000000E+0	8.599541E-2	1.349708E-1	1.514825E-1	2.905990E+2	5.024414E+1	2.980000E+2
1.498136E+3	1.949000E+3	0.000000E+0	6.737602E-2	9.616382E-2	1.520656E-1	2.905962E+2	5.024414E+1	2.980000E+2
1.499240E+3	1.956000E+3	0.000000E+0	3.440320E-2	5.436656E-2	1.532500E-1	2.905863E+2	5.024414E+1	2.980000E+2
1.500347E+3	1.963000E+3	0.000000E+0	-4.702707E-3	7.663576E-3	1.546839E-1	2.905958E+2	5.024414E+1	2.980000E+2
1.501451E+3	1.970000E+3	0.000000E+0	-2.873906E-2	-3.872995E-2	1.564788E-1	2.905926E+2	5.024414E+1	2.980000E+2
1.502554E+3	1.977000E+3	0.000000E+0	-3.466430E-2	-6.321975E-2	1.576315E-1	2.905949E+2	5.024414E+1	2.980000E+2
1.503657E+3	1.984000E+3	0.000000E+0	-4.061887E-2	-6.251684E-2	1.589657E-1	2.905931E+2	5.024414E+1	2.980000E+2
1.519698E+3	1.991000E+3	0.000000E+0	-3.905331E-2	-5.786925E-2	1.628827E-1	2.906078E+2	5.024414E+1	2.980000E+2
1.520801E+3	1.998000E+3	0.000000E+0	-2.853710E-2	-4.450705E-2	1.645554E-1	2.906050E+2	5.024414E+1	2.980000E+2
1.521906E+3	2.005000E+3	0.000000E+0	-1.692430E-2	-3.021056E-2	1.668978E-1	2.905950E+2	5.024414E+1	2.980000E+2
1.523010E+3	2.012000E+3	0.000000E+0	-8.569404E-3	-1.773362E-2	1.690089E-1	2.905935E+2	5.024414E+1	2.980000E+2
1.524113E+3	2.019000E+3	0.000000E+0	-4.273298E-3	-1.015301E-2	1.706977E-1	2.905902E+2	5.024414E+1	2.980000E+2
1.525215E+3	2.026000E+3	0.000000E+0	-6.595865E-3	-8.549662E-3	1.723324E-1	2.905901E+2	5.024414E+1	2.980000E+2
1.526316E+3	2.033000E+3	0.000000E+0	-6.930678E-3	-9.946149E-3	1.740220E-1	2.905849E+2	5.024414E+1	2.980000E+2
1.527421E+3	2.040000E+3	0.000000E+0	-7.946480E-3	-1.130000E-2	1.757841E-1	2.905911E+2	5.024414E+1	2.980000E+2
1.528524E+3	2.047000E+3	0.000000E+0	-7.861020E-3	-1.168008E-2	1.771716E-1	2.905813E+2	5.024414E+1	2.980000E+2
1.529626E+3	2.054000E+3	0.000000E+0	-7.742557E-3	-1.179399E-2	1.781049E-1	2.905962E+2	5.024414E+1	2.980000E+2
1.530727E+3	2.061000E+3	0.000000E+0	-4.097557E-3	-9.230128E-3	1.804743E-1	2.905889E+2	5.024414E+1	2.980000E+2
1.531828E+3	2.068000E+3	0.000000E+0	-3.916009E-3	-6.924684E-3	1.813395E-1	2.905885E+2	5.021973E+1	2.980000E+2
1.532930E+3	2.075000E+3	0.000000E+0	-3.546909E-3	-3.863583E-3	1.823369E-1	2.905840E+2	5.021973E+1	2.980000E+2
1.534032E+3	2.082000E+3	0.000000E+0	-2.516044E-3	-2.266108E-3	1.827637E-1	2.905856E+2	5.024414E+1	2.980000E+2
1.535036E+3	2.089000E+3	0.000000E+0	-1.415974E-3	-1.461476E-3	1.833410E-1	2.905844E+2	5.024414E+1	2.980000E+2
1.536140E+3	2.096000E+3	0.000000E+0	-1.115402E-3	-5.194549E-4	1.835361E-1	2.905972E+2	5.024414E+1	2.980000E+2
1.552400E+3	2.103000E+3	0.000000E+0	-1.244914E-3	-1.514644E-3	1.818834E-1	2.906011E+2	5.024414E+1	2.990000E+2
1.553503E+3	2.110000E+3	0.000000E+0	-1.963458E-3	-7.862992E-4	1.823774E-1	2.905868E+2	5.024414E+1	2.990000E+2
1.554611E+3	2.117000E+3	0.000000E+0	-2.595200E-3	-2.710695E-3	1.829572E-1	2.905835E+2	5.021973E+1	2.990000E+2
1.555717E+3	2.124000E+3	0.000000E+0	-1.583725E-3	-1.183765E-3	1.822104E-1	2.905969E+2	5.021973E+1	2.990000E+2
