8.068100E+2	2.133000E+3	0.000000E+0	-1.164992E-3	-1.159548E-3	1.818284E-1	2.906090E+2	5.012207E+1	2.980000E+2
8.079150E+2	8.500000E+2	0.000000E+0	-7.583866E-4	-1.890888E-4	3.834195E-2	2.905741E+2	5.017090E+1	2.980000E+2
8.089200E+2	8.570000E+2	0.000000E+0	-8.521301E-4	-1.546890E-3	2.648594E-2	2.905793E+2	5.017090E+1	2.980000E+2
8.100240E+2	8.640000E+2	0.000000E+0	-8.909160E-4	-8.332039E-4	2.720064E-2	2.905837E+2	5.017090E+1	2.980000E+2
8.111300E+2	8.710000E+2	0.000000E+0	-6.312190E-4	-1.986997E-3	2.805828E-2	2.905814E+2	5.017090E+1	2.980000E+2
8.122320E+2	8.780000E+2	0.000000E+0	3.150937E-4	-8.842365E-4	2.865953E-2	2.905876E+2	5.014648E+1	2.980000E+2
8.133350E+2	8.850000E+2	0.000000E+0	-5.981392E-4	-1.485525E-3	2.920407E-2	2.905868E+2	5.014648E+1	2.980000E+2
8.144390E+2	8.920000E+2	0.000000E+0	2.840715E-4	3.985744E-4	3.112128E-2	2.905906E+2	5.014648E+1	2.980000E+2
8.155430E+2	8.990000E+2	0.000000E+0	2.533145E-5	1.255665E-3	3.238959E-2	2.905932E+2	5.014648E+1	2.980000E+2
8.166470E+2	9.060000E+2	0.000000E+0	1.247149E-3	2.595876E-3	3.271631E-2	2.905812E+2	5.014648E+1	2.980000E+2
8.177490E+2	9.130000E+2	0.000000E+0	1.605099E-3	2.989446E-3	3.357395E-2	2.905879E+2	5.014648E+1	2.980000E+2
8.188540E+2	9.200000E+2	0.000000E+0	2.342375E-3	3.716349E-3	3.447243E-2	2.905911E+2	5.014648E+1	2.980000E+2
8.349080E+2	9.270000E+2	0.000000E+0	2.137637E-3	3.174098E-3	3.519167E-2	2.905993E+2	5.014648E+1	2.990000E+2
8.359130E+2	9.340000E+2	0.000000E+0	1.035724E-3	2.828296E-3	3.573394E-2	2.906045E+2	5.012207E+1	2.990000E+2
8.370180E+2	9.410000E+2	0.000000E+0	7.660702E-4	1.046626E-3	3.664830E-2	2.905982E+2	5.012207E+1	2.990000E+2
8.381190E+2	9.480000E+2	0.000000E+0	2.030685E-4	1.181400E-3	3.750140E-2	2.906002E+2	5.017090E+1	2.990000E+2
8.392210E+2	9.550000E+2	0.000000E+0	-2.318202E-4	-1.132160E-3	3.837719E-2	2.905886E+2	5.017090E+1	2.990000E+2
8.403250E+2	9.620000E+2	0.000000E+0	-4.577768E-4	-1.214923E-3	3.920534E-2	2.906035E+2	5.014648E+1	2.990000E+2
8.414290E+2	9.690000E+2	0.000000E+0	-1.713285E-3	-2.878071E-3	4.064835E-2	2.905985E+2	5.014648E+1	2.990000E+2
8.425350E+2	9.760000E+2	0.000000E+0	-2.038813E-3	-1.595720E-3	4.171246E-2	2.905938E+2	5.014648E+1	2.990000E+2
8.436380E+2	9.830000E+2	0.000000E+0	-1.306602E-3	-1.487241E-3	4.281515E-2	2.905978E+2	5.014648E+1	2.990000E+2
8.447450E+2	9.900000E+2	0.000000E+0	-4.870376E-4	6.499214E-4	4.391329E-2	2.906010E+2	5.014648E+1	2.990000E+2
8.458490E+2	9.970000E+2	0.000000E+0	-6.595133E-4	-8.479115E-4	4.471648E-2	2.905958E+2	5.014648E+1	2.990000E+2
8.469520E+2	1.004000E+3	0.000000E+0	4.164422E-4	2.765417E-4	4.556731E-2	2.905973E+2	5.014648E+1	2.990000E+2
8.480560E+2	1.011000E+3	0.000000E+0	-4.908333E-4	-5.582800E-4	4.624117E-2	2.905875E+2	5.014648E+1	2.990000E+2
8.491590E+2	1.018000E+3	0.000000E+0	7.110381E-4	5.563396E-4	4.679251E-2	2.905902E+2	5.014648E+1	2.990000E+2
8.502640E+2	1.025000E+3	0.000000E+0	-3.019090E-4	-2.590840E-4	4.782032E-2	2.905937E+2	5.014648E+1	2.990000E+2
8.513680E+2	1.032000E+3	0.000000E+0	6.201977E-4	4.745460E-5	4.837620E-2	2.905866E+2	5.014648E+1	2.990000E+2
8.674290E+2	1.039000E+3	0.000000E+0	-6.124664E-4	-5.070701E-5	5.002341E-2	2.905855E+2	5.017090E+1	2.990000E+2
8.685310E+2	1.046000E+3	0.000000E+0	2.005540E-4	-5.521449E-4	5.079257E-2	2.905963E+2	5.017090E+1	2.990000E+2
8.696330E+2	1.053000E+3	0.000000E+0	-9.252790E-5	-7.937084E-4	5.156626E-2	2.905960E+2	5.014648E+1	2.990000E+2
8.707340E+2	1.060000E+3	0.000000E+0	-2.870801E-4	-6.383585E-4	5.257138E-2	2.905903E+2	5.014648E+1	2.990000E+2
8.718350E+2	1.067000E+3	0.000000E+0	-7.297866E-4	-6.637377E-5	5.345851E-2	2.906047E+2	5.017090E+1	2.990000E+2
8.729350E+2	1.074000E+3	0.000000E+0	-8.513585E-4	-1.294865E-3	5.398036E-2	2.905934E+2	5.017090E+1	2.990000E+2
8.740360E+2	1.081000E+3	0.000000E+0	-7.761629E-4	-8.889630E-4	5.469506E-2	2.905862E+2	5.014648E+1	2.990000E+2
8.751380E+2	1.088000E+3	0.000000E+0	-1.633614E-3	-1.405616E-3	5.520556E-2	2.906001E+2	5.014648E+1	2.990000E+2
8.762390E+2	1.095000E+3	0.000000E+0	-5.020719E-4	-1.505799E-3	5.555043E-2	2.905916E+2	5.017090E+1	2.990000E+2
8.773400E+2	1.102000E+3	0.000000E+0	-1.636832E-3	-1.502997E-3	5.633547E-2	2.905865E+2	5.017090E+1	2.990000E+2
8.784410E+2	1.109000E+3	0.000000E+0	-5.481491E-4	-2.473393E-3	5.749941E-2	2.905928E+2	5.017090E+1	2.990000E+2
8.795420E+2	1.116000E+3	0.000000E+0	-2.537386E-3	-1.704201E-3	5.809840E-2	2.905996E+2	5.017090E+1	2.990000E+2
8.806430E+2	1.123000E+3	0.000000E+0	-1.920524E-3	-4.041708E-3	5.862478E-2	2.905955E+2	5.017090E+1	2.990000E+2
8.817450E+2	1.130000E+3	0.000000E+0	-2.810662E-3	-4.705441E-3	5.925099E-2	2.905912E+2	5.017090E+1	2.990000E+2
8.828460E+2	1.137000E+3	0.000000E+0	-4.397191E-3	-7.625120E-3	5.964124E-2	2.905958E+2	5.017090E+1	2.990000E+2
8.839520E+2	1.144000E+3	0.000000E+0	-8.308350E-3	-1.087944E-2	6.003830E-2	2.905912E+2	5.014648E+1	2.990000E+2
9.000170E+2	1.151000E+3	0.000000E+0	-1.602134E-2	-1.967997E-2	6.061687E-2	2.905854E+2	5.014648E+1	2.990000E+2
9.011200E+2	1.158000E+3	0.000000E+0	-2.293519E-2	-4.031289E-2	6.104342E-2	2.905811E+2	5.014648E+1	2.990000E+2
9.022230E+2	1.165000E+3	0.000000E+0	-4.286789E-2	-6.822223E-2	6.111829E-2	2.905975E+2	5.017090E+1	2.990000E+2
9.033260E+2	1.172000E+3	0.000000E+0	-6.899760E-2	-1.080074E-1	6.119543E-2	2.905889E+2	5.017090E+1	2.990000E+2
9.044290E+2	1.179000E+3	0.000000E+0	-9.967991E-2	-1.481125E-1	6.180577E-2	2.905886E+2	5.017090E+1	2.990000E+2
9.055330E+2	1.186000E+3	0.000000E+0	-1.228897E-1	-1.823330E-1	6.217786E-2	2.906021E+2	5.017090E+1	2.990000E+2
9.066400E+2	1.193000E+3	0.000000E+0	-1.375110E-1	-1.960322E-1	6.234122E-2	2.905983E+2	5.017090E+1	2.990000E+2
9.077430E+2	1.200000E+3	0.000000E+0	-1.283148E-1	-1.813748E-1	6.242517E-2	2.905988E+2	5.017090E+1	2.990000E+2
9.088470E+2	1.207000E+3	0.000000E+0	-8.887143E-2	-1.276725E-1	6.269063E-2	2.905949E+2	5.014648E+1	2.990000E+2
9.099520E+2	1.214000E+3	0.000000E+0	-2.690964E-2	-3.444769E-2	6.302870E-2	2.905984E+2	5.014648E+1	2.990000E+2
9.110540E+2	1.221000E+3	0.000000E+0	5.472032E-2	8.461304E-2	6.359365E-2	2.905924E+2	5.017090E+1	2.990000E+2
9.121540E+2	1.228000E+3	0.000000E+0	1.435649E-1	2.080586E-1	6.383415E-2	2.906013E+2	5.017090E+1	2.990000E+2
9.132580E+2	1.235000E+3	0.000000E+0	2.203832E-1	3.177666E-1	6.432423E-2	2.905977E+2	5.017090E+1	2.990000E+2
9.143620E+2	1.242000E+3	0.000000E+0	2.749817E-1	3.885443E-1	6.494364E-2	2.905944E+2	5.014648E+1	2.990000E+2
9.154660E+2	1.249000E+3	0.000000E+0	2.950210E-1	4.082203E-1	6.559028E-2	2.905942E+2	5.014648E+1	2.990000E+2
9.164690E+2	1.256000E+3	0.000000E+0	2.736266E-1	3.774774E-1	6.714900E-2	2.905966E+2	5.017090E+1	2.990000E+2
9.325250E+2	1.263000E+3	0.000000E+0	2.102591E-1	2.969297E-1	6.873496E-2	2.906060E+2	5.017090E+1	3.000000E+2
9.336290E+2	1.270000E+3	0.000000E+0	1.257405E-1	1.859796E-1	6.975596E-2	2.906060E+2	5.017090E+1	3.000000E+2
9.347320E+2	1.277000E+3	0.000000E+0	3.237074E-2	6.516068E-2	7.111276E-2	2.906043E+2	5.017090E+1	3.000000E+2
9.358350E+2	1.284000E+3	0.000000E+0	-5.343904E-2	-5.047663E-2	7.223586E-2	2.906060E+2	5.017090E+1	3.000000E+2
9.369400E+2	1.291000E+3	0.000000E+0	-1.164730E-1	-1.350487E-1	7.367660E-2	2.905975E+2	5.017090E+1	3.000000E+2
9.380450E+2	1.298000E+3	0.000000E+0	-1.445937E-1	-1.862039E-1	7.491542E-2	2.906020E+2	5.017090E+1	3.000000E+2
9.390480E+2	1.305000E+3	0.000000E+0	-1.420819E-1	-1.977754E-1	7.618146E-2	2.905953E+2	5.017090E+1	3.000000E+2
9.401510E+2	1.312000E+3	0.000000E+0	-1.195329E-1	-1.794619E-1	7.749515E-2	2.906064E+2	5.017090E+1	3.000000E+2
9.412550E+2	1.319000E+3	0.000000E+0	-9.485813E-2	-1.439743E-1	7.894724E-2	2.906011E+2	5.017090E+1	3.000000E+2
9.423600E+2	1.326000E+3	0.000000E+0	-6.863615E-2	-1.029891E-1	7.997505E-2	2.905992E+2	5.017090E+1	3.000000E+2
9.434660E+2	1.333000E+3	0.000000E+0	-4.552597E-2	-6.368493E-2	8.274763E-2	2.906002E+2	5.017090E+1	3.000000E+2
9.445710E+2	1.340000E+3	0.000000E+0	-2.919675E-2	-3.623326E-2	8.432678E-2	2.905984E+2	5.017090E+1	3.000000E+2
9.456760E+2	1.347000E+3	0.000000E+0	-1.409326E-2	-1.706525E-2	8.575392E-2	2.906052E+2	5.017090E+1	3.000000E+2
9.467780E+2	1.354000E+3	0.000000E+0	-6.887813E-3	-8.921779E-3	8.696325E-2	2.905972E+2	5.017090E+1	3.000000E+2
9.478820E+2	1.361000E+3	0.000000E+0	-3.256058E-3	-4.945476E-3	8.819979E-2	2.906052E+2	5.017090E+1	3.000000E+2
9.489850E+2	1.368000E+3	0.000000E+0	-2.472288E-3	-3.176666E-3	8.940457E-2	2.905917E+2	5.017090E+1	3.000000E+2
9.650180E+2	1.375000E+3	0.000000E+0	-1.404252E-3	-4.141085E-3	9.099058E-2	2.905966E+2	5.017090E+1	2.980000E+2
9.662220E+2	1.382000E+3	0.000000E+0	-9.051827E-4	-2.253612E-3	9.206608E-2	2.906033E+2	5.017090E+1	2.980000E+2
9.673240E+2	1.389000E+3	0.000000E+0	-1.293718E-3	-2.069933E-3	9.325053E-2	2.906067E+2	5.017090E+1	2.980000E+2
9.683270E+2	1.396000E+3	0.000000E+0	-1.168141E-3	-1.689156E-3	9.431246E-2	2.906051E+2	5.017090E+1	2.980000E+2
9.695280E+2	1.403000E+3	0.000000E+0	-1.317774E-3	-1.705629E-3	9.585095E-2	2.905961E+2	5.017090E+1	2.980000E+2
9.706290E+2	1.410000E+3	0.000000E+0	-2.017623E-3	-1.194955E-3	9.705351E-2	2.905951E+2	5.017090E+1	2.980000E+2
9.717320E+2	1.417000E+3	0.000000E+0	-1.198877E-3	-9.349387E-4	9.799308E-2	2.906036E+2	5.017090E+1	2.980000E+2
9.728370E+2	1.424000E+3	0.000000E+0	-6.974947E-4	-1.020629E-3	9.890311E-2	2.906051E+2	5.017090E+1	2.980000E+2
9.738400E+2	1.431000E+3	0.000000E+0	2.291041E-5	-6.473082E-4	1.000311E-1	2.906112E+2	5.017090E+1	2.980000E+2
9.749460E+2	1.438000E+3	0.000000E+0	1.807398E-4	-1.302888E-3	1.010505E-1	2.906065E+2	5.017090E+1	2.980000E+2
9.760520E+2	1.445000E+3	0.000000E+0	-5.949752E-4	-4.972767E-4	1.016064E-1	2.906051E+2	5.014648E+1	2.980000E+2
9.771580E+2	1.452000E+3	0.000000E+0	5.596744E-6	-9.332649E-4	1.023921E-1	2.906029E+2	5.017090E+1	2.980000E+2
9.782620E+2	1.459000E+3	0.000000E+0	-2.802174E-4	-5.767437E-4	1.028936E-1	2.906074E+2	5.017090E+1	2.980000E+2
9.793680E+2	1.466000E+3	0.000000E+0	-3.403809E-4	1.919532E-4	1.036496E-1	2.906022E+2	5.017090E+1	2.980000E+2
9.804740E+2	1.473000E+3	0.000000E+0	-3.382348E-4	4.663070E-4	1.049484E-1	2.905984E+2	5.017090E+1	2.980000E+2
9.815780E+2	1.480000E+3	0.000000E+0	-4.814454E-4	-3.680577E-4	1.055524E-1	2.905964E+2	5.014648E+1	2.980000E+2
9.976270E+2	1.487000E+3	0.000000E+0	-3.037554E-5	8.643871E-4	1.056405E-1	2.906072E+2	5.014648E+1	3.000000E+2
9.987300E+2	1.494000E+3	0.000000E+0	-1.386013E-3	-1.206502E-3	1.065951E-1	2.906028E+2	5.014648E+1	3.000000E+2
9.998320E+2	1.501000E+3	0.000000E+0	-5.034386E-4	-7.650232E-4	1.073243E-1	2.906125E+2	5.014648E+1	3.000000E+2
1.000938E+3	1.508000E+3	0.000000E+0	-1.516925E-3	-1.166134E-3	1.079560E-1	2.906078E+2	5.014648E+1	3.000000E+2
1.002042E+3	1.515000E+3	0.000000E+0	-9.916136E-4	-2.372433E-3	1.079830E-1	2.906069E+2	5.017090E+1	3.000000E+2
1.003145E+3	1.522000E+3	0.000000E+0	-1.905520E-3	-1.908598E-3	1.081464E-1	2.906068E+2	5.017090E+1	3.000000E+2
1.004246E+3	1.529000E+3	0.000000E+0	-2.175522E-3	-2.932140E-3	1.085512E-1	2.905931E+2	5.019531E+1	3.000000E+2
1.005346E+3	1.536000E+3	0.000000E+0	-1.061475E-3	-7.700233E-4	1.089744E-1	2.906018E+2	5.019531E+1	3.000000E+2
1.006447E+3	1.543000E+3	0.000000E+0	-9.701796E-4	-2.037461E-4	1.093401E-1	2.905951E+2	5.019531E+1	3.000000E+2
1.007548E+3	1.550000E+3	0.000000E+0	1.081935E-3	1.996833E-4	1.101476E-1	2.905868E+2	5.019531E+1	3.000000E+2
1.008648E+3	1.557000E+3	0.000000E+0	-1.183207E-4	2.296116E-3	1.104116E-1	2.905982E+2	5.019531E+1	3.000000E+2
1.009750E+3	1.564000E+3	0.000000E+0	1.602637E-3	2.252409E-3	1.111257E-1	2.905833E+2	5.017090E+1	3.000000E+2
1.010851E+3	1.571000E+3	0.000000E+0	2.077733E-3	2.581429E-3	1.114148E-1	2.905933E+2	5.017090E+1	3.000000E+2
1.011953E+3	1.578000E+3	0.000000E+0	4.000401E-3	7.262364E-4	1.115741E-1	2.905935E+2	5.017090E+1	3.000000E+2
1.013057E+3	1.585000E+3	0.000000E+0	-2.575375E-3	-3.895584E-3	1.119900E-1	2.905882E+2	5.017090E+1	3.000000E+2
1.014159E+3	1.592000E+3	0.000000E+0	-6.571711E-3	-8.178618E-3	1.122084E-1	2.905885E+2	5.019531E+1	3.000000E+2
1.030216E+3	1.599000E+3	0.000000E+0	-1.141431E-2	-1.800669E-2	1.134047E-1	2.905939E+2	5.019531E+1	2.990000E+2
1.031321E+3	1.606000E+3	0.000000E+0	-2.541466E-2	-3.464673E-2	1.131773E-1	2.905836E+2	5.017090E+1	2.990000E+2
1.032424E+3	1.613000E+3	0.000000E+0	-4.061531E-2	-5.422960E-2	1.136934E-1	2.905816E+2	5.017090E+1	2.990000E+2
1.033526E+3	1.620000E+3	0.000000E+0	-5.688184E-2	-8.037819E-2	1.149369E-1	2.905959E+2	5.014648E+1	2.990000E+2
1.034632E+3	1.627000E+3	0.000000E+0	-7.867774E-2	-1.146507E-1	1.154847E-1	2.905939E+2	5.014648E+1	2.990000E+2
1.035734E+3	1.634000E+3	0.000000E+0	-1.025583E-1	-1.510877E-1	1.160391E-1	2.905970E+2	5.014648E+1	2.990000E+2
1.036839E+3	1.641000E+3	0.000000E+0	-1.239579E-1	-1.760645E-1	1.169549E-1	2.905902E+2	5.014648E+1	2.990000E+2
1.037944E+3	1.648000E+3	0.000000E+0	-1.299399E-1	-1.756047E-1	1.169887E-1	2.905933E+2	5.017090E+1	2.990000E+2
1.039047E+3	1.655000E+3	0.000000E+0	-1.165480E-1	-1.436541E-1	1.176519E-1	2.905810E+2	5.017090E+1	2.990000E+2
1.040150E+3	1.662000E+3	0.000000E+0	-7.863049E-2	-8.978500E-2	1.181949E-1	2.905748E+2	5.017090E+1	2.990000E+2
1.041256E+3	1.669000E+3	0.000000E+0	-1.807660E-2	-1.212935E-2	1.192620E-1	2.905815E+2	5.017090E+1	2.990000E+2
1.042359E+3	1.676000E+3	0.000000E+0	5.312996E-2	8.435930E-2	1.202631E-1	2.905799E+2	5.019531E+1	2.990000E+2
1.043459E+3	1.683000E+3	0.000000E+0	1.272257E-1	1.834982E-1	1.211143E-1	2.905813E+2	5.017090E+1	2.990000E+2
1.044564E+3	1.690000E+3	0.000000E+0	1.936828E-1	2.721736E-1	1.237675E-1	2.905776E+2	5.017090E+1	2.990000E+2
1.045667E+3	1.697000E+3	0.000000E+0	2.426764E-1	3.329270E-1	1.249950E-1	2.905893E+2	5.017090E+1	2.990000E+2
1.046770E+3	1.704000E+3	0.000000E+0	2.675983E-1	3.589742E-1	1.269555E-1	2.905831E+2	5.017090E+1	2.990000E+2
1.062810E+3	1.711000E+3	0.000000E+0	2.547894E-1	3.439447E-1	1.274616E-1	2.905964E+2	5.017090E+1	2.970000E+2
1.063913E+3	1.718000E+3	0.000000E+0	2.105001E-1	2.922809E-1	1.291610E-1	2.905999E+2	5.017090E+1	2.970000E+2
1.065014E+3	1.725000E+3	0.000000E+0	1.413123E-1	2.026047E-1	1.306268E-1	2.905957E+2	5.019531E+1	2.970000E+2
1.066115E+3	1.732000E+3	0.000000E+0	6.731425E-2	1.039684E-1	1.320902E-1	2.906005E+2	5.019531E+1	2.970000E+2
1.067216E+3	1.739000E+3	0.000000E+0	1.330652E-3	1.089672E-2	1.336739E-1	2.906069E+2	5.019531E+1	2.970000E+2
1.068316E+3	1.746000E+3	0.000000E+0	-5.089014E-2	-7.618494E-2	1.352122E-1	2.906179E+2	5.019531E+1	2.970000E+2
1.069417E+3	1.753000E+3	0.000000E+0	-8.949834E-2	-1.461793E-1	1.362763E-1	2.906099E+2	5.019531E+1	2.970000E+2
1.070518E+3	1.760000E+3	0.000000E+0	-1.168862E-1	-1.817845E-1	1.395481E-1	2.906040E+2	5.019531E+1	2.970000E+2
1.071619E+3	1.767000E+3	0.000000E+0	-1.261172E-1	-1.859173E-1	1.411000E-1	2.905977E+2	5.019531E+1	2.970000E+2
1.072720E+3	1.774000E+3	0.000000E+0	-1.137187E-1	-1.623909E-1	1.427041E-1	2.906035E+2	5.019531E+1	2.970000E+2
1.073822E+3	1.781000E+3	0.000000E+0	-8.871433E-2	-1.313494E-1	1.442946E-1	2.905895E+2	5.019531E+1	2.970000E+2
1.074924E+3	1.788000E+3	0.000000E+0	-6.681241E-2	-9.861864E-2	1.453179E-1	2.905976E+2	5.019531E+1	2.970000E+2
1.076028E+3	1.795000E+3	0.000000E+0	-4.668667E-2	-6.467755E-2	1.458806E-1	2.906018E+2	5.019531E+1	2.970000E+2
1.077131E+3	1.802000E+3	0.000000E+0	-2.565273E-2	-3.177223E-2	1.459486E-1	2.906007E+2	5.019531E+1	2.970000E+2
1.078235E+3	1.809000E+3	0.000000E+0	-5.977713E-3	-6.472409E-3	1.469810E-1	2.905997E+2	5.019531E+1	2.970000E+2
1.079341E+3	1.816000E+3	0.000000E+0	5.874967E-3	4.587795E-3	1.475822E-1	2.905859E+2	5.019531E+1	2.970000E+2
1.095585E+3	1.823000E+3	0.000000E+0	8.526850E-3	7.576580E-3	1.484240E-1	2.905989E+2	5.019531E+1	2.990000E+2
1.096586E+3	1.830000E+3	0.000000E+0	6.094465E-3	8.660861E-3	1.485737E-1	2.905921E+2	5.019531E+1	2.990000E+2
1.097694E+3	1.837000E+3	0.000000E+0	2.343541E-3	3.535604E-3	1.487439E-1	2.905925E+2	5.019531E+1	2.990000E+2
1.098801E+3	1.844000E+3	0.000000E+0	-4.467307E-3	-4.812512E-3	1.484149E-1	2.905998E+2	5.019531E+1	2.990000E+2
1.099903E+3	1.851000E+3	0.000000E+0	-1.394345E-2	-1.923496E-2	1.483763E-1	2.905965E+2	5.019531E+1	2.990000E+2
1.101007E+3	1.858000E+3	0.000000E+0	-2.566433E-2	-3.883971E-2	1.480269E-1	2.905954E+2	5.019531E+1	2.990000E+2
1.102111E+3	1.865000E+3	0.000000E+0	-4.153636E-2	-6.146882E-2	1.477206E-1	2.905855E+2	5.019531E+1	2.990000E+2
1.103213E+3	1.872000E+3	0.000000E+0	-5.214298E-2	-7.858443E-2	1.476253E-1	2.905944E+2	5.019531E+1	2.990000E+2
1.104316E+3	1.879000E+3	0.000000E+0	-5.851010E-2	-8.630647E-2	1.471761E-1	2.906030E+2	5.019531E+1	2.990000E+2
1.105418E+3	1.886000E+3	0.000000E+0	-5.682102E-2	-9.058727E-2	1.473009E-1	2.905832E+2	5.019531E+1	2.990000E+2
1.106518E+3	1.893000E+3	0.000000E+0	-5.125932E-2	-6.828973E-2	1.474937E-1	2.905892E+2	5.019531E+1	2.990000E+2
1.107621E+3	1.900000E+3	0.000000E+0	-2.738339E-2	-2.331028E-2	1.474779E-1	2.905969E+2	5.019531E+1	2.990000E+2
1.108725E+3	1.907000E+3	0.000000E+0	1.573030E-2	2.088092E-2	1.475391E-1	2.905967E+2	5.019531E+1	2.990000E+2
1.109826E+3	1.914000E+3	0.000000E+0	4.878582E-2	6.854853E-2	1.478863E-1	2.905930E+2	5.019531E+1	2.990000E+2
1.110929E+3	1.921000E+3	0.000000E+0	8.059613E-2	1.207316E-1	1.481721E-1	2.906045E+2	5.019531E+1	2.990000E+2
1.112033E+3	1.928000E+3	0.000000E+0	1.119004E-1	1.464911E-1	1.490956E-1	2.905974E+2	5.019531E+1	2.990000E+2
1.128290E+3	1.935000E+3	0.000000E+0	1.137378E-1	1.418777E-1	1.501007E-1	2.905948E+2	5.019531E+1	2.990000E+2
1.129394E+3	1.942000E+3	0.000000E+0	9.506518E-2	1.448047E-1	1.505704E-1	2.905938E+2	5.019531E+1	2.990000E+2
1.130498E+3	1.949000E+3	0.000000E+0	7.612113E-2	1.036195E-1	1.516322E-1	2.905880E+2	5.019531E+1	2.990000E+2
1.131601E+3	1.956000E+3	0.000000E+0	3.949502E-2	6.147650E-2	1.537809E-1	2.905949E+2	5.019531E+1	2.990000E+2
1.132704E+3	1.963000E+3	0.000000E+0	1.573841E-2	1.957640E-2	1.559138E-1	2.905962E+2	5.019531E+1	2.990000E+2
1.133811E+3	1.970000E+3	0.000000E+0	-1.315546E-2	-3.199570E-2	1.571573E-1	2.905918E+2	5.019531E+1	2.990000E+2
1.134918E+3	1.977000E+3	0.000000E+0	-4.193660E-2	-5.842867E-2	1.590157E-1	2.905938E+2	5.019531E+1	2.990000E+2
1.136023E+3	1.984000E+3	0.000000E+0	-4.833537E-2	-5.983233E-2	1.610854E-1	2.905906E+2	5.019531E+1	2.990000E+2
1.137128E+3	1.991000E+3	0.000000E+0	-4.022041E-2	-5.738715E-2	1.624539E-1	2.905852E+2	5.019531E+1	2.990000E+2
1.138232E+3	1.998000E+3	0.000000E+0	-3.248269E-2	-4.777677E-2	1.644146E-1	2.906034E+2	5.019531E+1	2.990000E+2
1.139335E+3	2.005000E+3	0.000000E+0	-2.354874E-2	-2.765845E-2	1.664030E-1	2.906077E+2	5.019531E+1	2.990000E+2
1.140439E+3	2.012000E+3	0.000000E+0	-1.199045E-2	-1.697642E-2	1.679397E-1	2.906012E+2	5.019531E+1	2.990000E+2
1.141541E+3	2.019000E+3	0.000000E+0	-3.948054E-3	-7.522221E-3	1.697785E-1	2.905969E+2	5.019531E+1	2.990000E+2
1.142545E+3	2.026000E+3	0.000000E+0	-8.740313E-3	-7.161962E-3	1.731771E-1	2.906036E+2	5.019531E+1	2.990000E+2
1.143646E+3	2.033000E+3	0.000000E+0	-7.283791E-3	-1.024716E-2	1.746485E-1	2.906015E+2	5.019531E+1	2.990000E+2
1.144751E+3	2.040000E+3	0.000000E+0	-7.255663E-3	-1.068451E-2	1.762269E-1	2.906114E+2	5.019531E+1	2.990000E+2
1.161000E+3	2.047000E+3	0.000000E+0	-8.169786E-3	-1.294199E-2	1.784234E-1	2.906133E+2	5.019531E+1	2.970000E+2
1.162104E+3	2.054000E+3	0.000000E+0	-8.055776E-3	-1.065172E-2	1.796773E-1	2.906034E+2	5.019531E+1	2.970000E+2
1.163207E+3	2.061000E+3	0.000000E+0	-5.103674E-3	-8.826089E-3	1.800995E-1	2.905926E+2	5.019531E+1	2.970000E+2
1.164313E+3	2.068000E+3	0.000000E+0	-4.308704E-3	-5.168505E-3	1.808102E-1	2.906092E+2	5.019531E+1	2.970000E+2
1.165417E+3	2.075000E+3	0.000000E+0	-3.368072E-3	-4.136412E-3	1.818012E-1	2.905973E+2	5.019531E+1	2.970000E+2
1.166520E+3	2.082000E+3	0.000000E+0	-1.050113E-3	-2.225867E-3	1.821279E-1	2.906027E+2	5.019531E+1	2.970000E+2
1.167622E+3	2.089000E+3	0.000000E+0	-1.417156E-3	-1.131622E-3	1.833090E-1	2.906037E+2	5.019531E+1	2.970000E+2
1.168625E+3	2.096000E+3	0.000000E+0	-7.189494E-4	-2.364008E-3	1.836134E-1	2.906066E+2	5.019531E+1	2.970000E+2
1.169828E+3	2.103000E+3	0.000000E+0	-2.765236E-4	-7.676859E-4	1.833148E-1	2.906044E+2	5.019531E+1	2.970000E+2
1.170829E+3	2.110000E+3	0.000000E+0	-1.217310E-3	-1.117535E-3	1.831529E-1	2.906063E+2	5.019531E+1	2.970000E+2
1.171931E+3	2.117000E+3	0.000000E+0	-1.266609E-3	-2.362207E-3	1.827295E-1	2.906028E+2	5.019531E+1	2.970000E+2
1.173032E+3	2.124000E+3	0.000000E+0	-1.757855E-3	-9.671602E-4	1.826792E-1	2.906139E+2	5.019531E+1	2.970000E+2
