6.563788E+3	7.680000E+2	0.000000E+0	-2.785333E-3	-4.270654E-3	1.602408E-2	2.906380E+2	5.063477E+1	5.990000E+2
6.582950E+3	7.680000E+2	0.000000E+0	-1.036286E-4	-2.665081E-4	1.586526E-2	2.906186E+2	5.068359E+1	8.980000E+2
6.584052E+3	7.750000E+2	0.000000E+0	-7.851161E-5	-6.810942E-5	1.648013E-2	2.906235E+2	5.068359E+1	8.980000E+2
6.585156E+3	7.820000E+2	0.000000E+0	-4.201801E-5	-1.811006E-4	1.752835E-2	2.906180E+2	5.068359E+1	8.980000E+2
6.586259E+3	7.890000E+2	0.000000E+0	8.054023E-5	-7.648563E-5	1.838146E-2	2.906232E+2	5.068359E+1	8.980000E+2
6.587364E+3	7.960000E+2	0.000000E+0	3.863276E-5	-5.717606E-5	1.934347E-2	2.906291E+2	5.068359E+1	8.980000E+2
6.588466E+3	8.030000E+2	0.000000E+0	3.799180E-5	1.083533E-4	1.992657E-2	2.906370E+2	5.068359E+1	8.980000E+2
6.589570E+3	8.100000E+2	0.000000E+0	-1.235658E-4	-5.108686E-5	2.047564E-2	2.906454E+2	5.068359E+1	8.980000E+2
6.590672E+3	8.170000E+2	0.000000E+0	-6.234499E-5	-2.627766E-4	2.099976E-2	2.906356E+2	5.068359E+1	8.980000E+2
6.591774E+3	8.240000E+2	0.000000E+0	-1.083234E-4	-5.768446E-4	2.262655E-2	2.906362E+2	5.068359E+1	8.980000E+2
6.592874E+3	8.310000E+2	0.000000E+0	-4.028737E-4	-1.038883E-3	2.399469E-2	2.906361E+2	5.068359E+1	8.980000E+2
6.593976E+3	8.380000E+2	0.000000E+0	-6.184770E-4	-1.114234E-3	2.471166E-2	2.906307E+2	5.068359E+1	8.980000E+2
6.595079E+3	8.450000E+2	0.000000E+0	-8.268201E-4	-1.549900E-3	2.553073E-2	2.906356E+2	5.068359E+1	8.980000E+2
6.596180E+3	8.520000E+2	0.000000E+0	-9.733017E-4	-1.640695E-3	2.657215E-2	2.906267E+2	5.068359E+1	8.980000E+2
6.597287E+3	8.590000E+2	0.000000E+0	-1.260619E-3	-1.594102E-3	2.717341E-2	2.906285E+2	5.068359E+1	8.980000E+2
6.598390E+3	8.660000E+2	0.000000E+0	-9.302612E-4	-1.301284E-3	2.794710E-2	2.906255E+2	5.068359E+1	8.980000E+2
6.614040E+3	8.730000E+2	0.000000E+0	-4.864455E-4	-7.904980E-4	2.882516E-2	2.906298E+2	5.068359E+1	8.980000E+2
6.615144E+3	8.800000E+2	0.000000E+0	-1.805773E-4	-1.250487E-4	2.998003E-2	2.906285E+2	5.068359E+1	8.980000E+2
6.616248E+3	8.870000E+2	0.000000E+0	4.560802E-4	6.377720E-4	3.054952E-2	2.906177E+2	5.068359E+1	8.980000E+2
6.617350E+3	8.940000E+2	0.000000E+0	8.495913E-4	1.353600E-3	3.140489E-2	2.906239E+2	5.068359E+1	8.980000E+2
6.618453E+3	9.010000E+2	0.000000E+0	1.216492E-3	2.011942E-3	3.176111E-2	2.906190E+2	5.068359E+1	8.980000E+2
6.619557E+3	9.080000E+2	0.000000E+0	1.390400E-3	2.357671E-3	3.273219E-2	2.906174E+2	5.068359E+1	8.980000E+2
6.620660E+3	9.150000E+2	0.000000E+0	1.524369E-3	2.658604E-3	3.329488E-2	2.906255E+2	5.068359E+1	8.980000E+2
6.621765E+3	9.220000E+2	0.000000E+0	1.541390E-3	2.912177E-3	3.499428E-2	2.906237E+2	5.068359E+1	8.980000E+2
6.622870E+3	9.290000E+2	0.000000E+0	1.333375E-3	2.570873E-3	3.559553E-2	2.906126E+2	5.068359E+1	8.980000E+2
6.623975E+3	9.360000E+2	0.000000E+0	1.116612E-3	2.220374E-3	3.650309E-2	2.906152E+2	5.068359E+1	8.980000E+2
6.625077E+3	9.430000E+2	0.000000E+0	7.121873E-4	1.277336E-3	3.763527E-2	2.906195E+2	5.068359E+1	8.980000E+2
6.626179E+3	9.500000E+2	0.000000E+0	1.069672E-4	3.645017E-4	3.827056E-2	2.906132E+2	5.068359E+1	8.980000E+2
6.627286E+3	9.570000E+2	0.000000E+0	-3.465871E-4	-5.177958E-4	3.896484E-2	2.906251E+2	5.068359E+1	8.980000E+2
6.628392E+3	9.640000E+2	0.000000E+0	-6.787705E-4	-1.272720E-3	4.016281E-2	2.906217E+2	5.068359E+1	8.980000E+2
6.629495E+3	9.710000E+2	0.000000E+0	-1.219146E-3	-1.853951E-3	4.088205E-2	2.906137E+2	5.068359E+1	8.980000E+2
6.630600E+3	9.780000E+2	0.000000E+0	-1.320177E-3	-2.185130E-3	4.168978E-2	2.906170E+2	5.068359E+1	8.980000E+2
6.646245E+3	9.850000E+2	0.000000E+0	-1.552217E-3	-2.411805E-3	4.354573E-2	2.906205E+2	5.068359E+1	8.990000E+2
6.647348E+3	9.920000E+2	0.000000E+0	-1.408811E-3	-2.339338E-3	4.384295E-2	2.906263E+2	5.068359E+1	8.990000E+2
6.648453E+3	9.990000E+2	0.000000E+0	-1.360193E-3	-2.164220E-3	4.467110E-2	2.906221E+2	5.068359E+1	8.990000E+2
6.649557E+3	1.006000E+3	0.000000E+0	-1.027713E-3	-2.077142E-3	4.539034E-2	2.906288E+2	5.068359E+1	8.990000E+2
6.650660E+3	1.013000E+3	0.000000E+0	-1.005764E-3	-1.772603E-3	4.611865E-2	2.906184E+2	5.070801E+1	8.990000E+2
6.651763E+3	1.020000E+3	0.000000E+0	-9.955253E-4	-1.843120E-3	4.747091E-2	2.906199E+2	5.070801E+1	8.990000E+2
6.652868E+3	1.027000E+3	0.000000E+0	-1.085275E-3	-1.935499E-3	4.810847E-2	2.906269E+2	5.070801E+1	8.990000E+2
6.653970E+3	1.034000E+3	0.000000E+0	-1.104589E-3	-2.379884E-3	4.942443E-2	2.906221E+2	5.070801E+1	8.990000E+2
6.655075E+3	1.041000E+3	0.000000E+0	-1.296250E-3	-2.580116E-3	5.030022E-2	2.906187E+2	5.070801E+1	8.990000E+2
6.656177E+3	1.048000E+3	0.000000E+0	-1.624892E-3	-2.814719E-3	5.100131E-2	2.906234E+2	5.070801E+1	8.990000E+2
6.657280E+3	1.055000E+3	0.000000E+0	-1.999795E-3	-3.113300E-3	5.165021E-2	2.906139E+2	5.070801E+1	8.990000E+2
6.658285E+3	1.062000E+3	0.000000E+0	-2.409230E-3	-4.020441E-3	5.233541E-2	2.906193E+2	5.068359E+1	8.990000E+2
6.659390E+3	1.069000E+3	0.000000E+0	-2.883434E-3	-4.596401E-3	5.290491E-2	2.906186E+2	5.068359E+1	8.990000E+2
6.660493E+3	1.076000E+3	0.000000E+0	-3.167509E-3	-5.829521E-3	5.357196E-2	2.906188E+2	5.068359E+1	8.990000E+2
6.661595E+3	1.083000E+3	0.000000E+0	-4.017827E-3	-6.893718E-3	5.447498E-2	2.906219E+2	5.068359E+1	8.990000E+2
6.662703E+3	1.090000E+3	0.000000E+0	-5.024496E-3	-8.734348E-3	5.608135E-2	2.906190E+2	5.070801E+1	8.990000E+2
6.678561E+3	1.097000E+3	0.000000E+0	-6.347915E-3	-1.075173E-2	5.649656E-2	2.906211E+2	5.070801E+1	8.970000E+2
6.679667E+3	1.104000E+3	0.000000E+0	-7.397106E-3	-1.406865E-2	5.688681E-2	2.906177E+2	5.068359E+1	8.970000E+2
6.680772E+3	1.111000E+3	0.000000E+0	-9.639242E-3	-1.837494E-2	5.804167E-2	2.906103E+2	5.068359E+1	8.970000E+2
6.681875E+3	1.118000E+3	0.000000E+0	-1.296510E-2	-2.411195E-2	5.836613E-2	2.906120E+2	5.070801E+1	8.970000E+2
6.682877E+3	1.125000E+3	0.000000E+0	-1.814570E-2	-3.321637E-2	5.918293E-2	2.906105E+2	5.070801E+1	8.970000E+2
6.683978E+3	1.132000E+3	0.000000E+0	-2.658139E-2	-4.590201E-2	5.954595E-2	2.906144E+2	5.070801E+1	8.970000E+2
6.685079E+3	1.139000E+3	0.000000E+0	-3.766593E-2	-6.270503E-2	5.992712E-2	2.906167E+2	5.070801E+1	8.970000E+2
6.686183E+3	1.146000E+3	0.000000E+0	-5.219295E-2	-8.397341E-2	6.031057E-2	2.906195E+2	5.070801E+1	8.970000E+2
6.687286E+3	1.153000E+3	0.000000E+0	-6.907764E-2	-1.130102E-1	6.072577E-2	2.906208E+2	5.070801E+1	8.970000E+2
6.688388E+3	1.160000E+3	0.000000E+0	-8.810032E-2	-1.478354E-1	6.108199E-2	2.906256E+2	5.070801E+1	8.970000E+2
6.689492E+3	1.167000E+3	0.000000E+0	-1.059229E-1	-1.868288E-1	6.133384E-2	2.906199E+2	5.070801E+1	8.970000E+2
6.690595E+3	1.174000E+3	0.000000E+0	-1.233686E-1	-2.167572E-1	6.179215E-2	2.906181E+2	5.068359E+1	8.970000E+2
6.691699E+3	1.181000E+3	0.000000E+0	-1.343013E-1	-2.301496E-1	6.177627E-2	2.906146E+2	5.068359E+1	8.970000E+2
6.692802E+3	1.188000E+3	0.000000E+0	-1.309592E-1	-2.155902E-1	6.252274E-2	2.906178E+2	5.068359E+1	8.970000E+2
6.693905E+3	1.195000E+3	0.000000E+0	-1.121549E-1	-1.698638E-1	6.279273E-2	2.906204E+2	5.070801E+1	8.970000E+2
6.695007E+3	1.202000E+3	0.000000E+0	-7.043221E-2	-9.498446E-2	6.316710E-2	2.906165E+2	5.070801E+1	8.970000E+2
6.710658E+3	1.209000E+3	0.000000E+0	-1.406372E-2	1.783847E-3	6.372979E-2	2.906131E+2	5.068359E+1	9.010000E+2
6.711862E+3	1.216000E+3	0.000000E+0	5.941233E-2	1.114886E-1	6.438096E-2	2.906155E+2	5.068359E+1	9.010000E+2
6.712864E+3	1.223000E+3	0.000000E+0	1.325101E-1	2.319599E-1	6.488011E-2	2.906206E+2	5.068359E+1	9.010000E+2
6.713966E+3	1.230000E+3	0.000000E+0	2.009230E-1	3.454987E-1	6.552221E-2	2.906205E+2	5.070801E+1	9.010000E+2
6.715070E+3	1.237000E+3	0.000000E+0	2.471865E-1	4.351097E-1	6.633447E-2	2.906087E+2	5.070801E+1	9.010000E+2
6.716176E+3	1.244000E+3	0.000000E+0	2.704983E-1	4.922724E-1	6.711497E-2	2.906103E+2	5.070801E+1	9.010000E+2
6.717279E+3	1.251000E+3	0.000000E+0	2.691638E-1	4.995722E-1	6.763228E-2	2.906000E+2	5.070801E+1	9.010000E+2
6.718380E+3	1.258000E+3	0.000000E+0	2.443733E-1	4.631051E-1	6.847177E-2	2.906080E+2	5.068359E+1	9.010000E+2
6.719482E+3	1.265000E+3	0.000000E+0	2.078143E-1	3.864867E-1	6.938840E-2	2.906211E+2	5.068359E+1	9.010000E+2
6.720586E+3	1.272000E+3	0.000000E+0	1.603903E-1	2.843610E-1	7.022562E-2	2.906214E+2	5.070801E+1	9.010000E+2
6.721690E+3	1.279000E+3	0.000000E+0	1.039519E-1	1.757749E-1	7.111956E-2	2.906100E+2	5.068359E+1	9.010000E+2
6.722794E+3	1.286000E+3	0.000000E+0	4.041280E-2	6.543992E-2	7.325686E-2	2.906125E+2	5.068359E+1	9.010000E+2
6.723897E+3	1.293000E+3	0.000000E+0	-2.990318E-2	-3.607104E-2	7.489273E-2	2.906037E+2	5.070801E+1	9.010000E+2
6.725001E+3	1.300000E+3	0.000000E+0	-8.674809E-2	-1.200524E-1	7.572314E-2	2.906172E+2	5.070801E+1	9.010000E+2
6.726103E+3	1.307000E+3	0.000000E+0	-1.249086E-1	-1.891774E-1	7.713439E-2	2.906096E+2	5.068359E+1	9.010000E+2
6.727207E+3	1.314000E+3	0.000000E+0	-1.348003E-1	-2.273467E-1	7.890186E-2	2.906072E+2	5.068359E+1	9.010000E+2
6.742959E+3	1.321000E+3	0.000000E+0	-1.279744E-1	-2.243235E-1	7.979580E-2	2.906135E+2	5.070801E+1	8.990000E+2
6.743960E+3	1.328000E+3	0.000000E+0	-1.129023E-1	-1.997588E-1	8.117302E-2	2.906141E+2	5.070801E+1	8.990000E+2
6.745063E+3	1.335000E+3	0.000000E+0	-9.444101E-2	-1.612677E-1	8.234832E-2	2.906195E+2	5.068359E+1	8.990000E+2
6.746166E+3	1.342000E+3	0.000000E+0	-7.577456E-2	-1.249846E-1	8.410217E-2	2.906291E+2	5.068359E+1	8.990000E+2
6.747270E+3	1.349000E+3	0.000000E+0	-5.739807E-2	-9.402953E-2	8.545896E-2	2.906305E+2	5.070801E+1	8.990000E+2
6.748373E+3	1.356000E+3	0.000000E+0	-4.251653E-2	-6.960566E-2	8.634157E-2	2.906238E+2	5.070801E+1	8.990000E+2
6.749476E+3	1.363000E+3	0.000000E+0	-2.994094E-2	-5.045290E-2	8.792303E-2	2.906242E+2	5.068359E+1	8.990000E+2
6.750578E+3	1.370000E+3	0.000000E+0	-2.132924E-2	-3.706394E-2	8.893950E-2	2.906215E+2	5.068359E+1	8.990000E+2
6.751683E+3	1.377000E+3	0.000000E+0	-1.523727E-2	-2.690078E-2	9.015345E-2	2.906181E+2	5.070801E+1	8.990000E+2
6.752789E+3	1.384000E+3	0.000000E+0	-1.138005E-2	-2.040568E-2	9.243154E-2	2.906310E+2	5.070801E+1	8.990000E+2
6.753896E+3	1.391000E+3	0.000000E+0	-8.593683E-3	-1.584647E-2	9.354801E-2	2.906208E+2	5.068359E+1	8.990000E+2
6.755003E+3	1.398000E+3	0.000000E+0	-6.932183E-3	-1.258713E-2	9.472562E-2	2.906234E+2	5.068359E+1	8.990000E+2
6.756107E+3	1.405000E+3	0.000000E+0	-5.611395E-3	-1.021987E-2	9.601235E-2	2.906303E+2	5.068359E+1	8.990000E+2
6.757211E+3	1.412000E+3	0.000000E+0	-4.917226E-3	-8.796942E-3	9.693373E-2	2.906325E+2	5.068359E+1	8.990000E+2
6.758313E+3	1.419000E+3	0.000000E+0	-4.228813E-3	-7.545325E-3	9.791407E-2	2.906225E+2	5.068359E+1	8.990000E+2
6.759415E+3	1.426000E+3	0.000000E+0	-3.808941E-3	-6.529517E-3	9.900802E-2	2.906225E+2	5.068359E+1	8.990000E+2
6.775267E+3	1.433000E+3	0.000000E+0	-3.261191E-3	-5.558203E-3	1.003360E-1	2.906184E+2	5.068359E+1	9.010000E+2
6.776267E+3	1.440000E+3	0.000000E+0	-2.944099E-3	-4.933246E-3	1.007852E-1	2.906129E+2	5.068359E+1	9.010000E+2
6.777373E+3	1.447000E+3	0.000000E+0	-2.467313E-3	-4.074451E-3	1.015047E-1	2.906110E+2	5.068359E+1	9.010000E+2
6.778479E+3	1.454000E+3	0.000000E+0	-2.046929E-3	-3.721233E-3	1.022380E-1	2.906151E+2	5.068359E+1	9.010000E+2
6.779580E+3	1.461000E+3	0.000000E+0	-1.829474E-3	-3.290091E-3	1.035142E-1	2.906147E+2	5.068359E+1	9.010000E+2
6.780685E+3	1.468000E+3	0.000000E+0	-1.531944E-3	-3.159367E-3	1.032958E-1	2.906221E+2	5.070801E+1	9.010000E+2
6.781790E+3	1.475000E+3	0.000000E+0	-1.583197E-3	-3.203187E-3	1.048262E-1	2.906195E+2	5.070801E+1	9.010000E+2
6.782895E+3	1.482000E+3	0.000000E+0	-1.636952E-3	-3.397744E-3	1.055643E-1	2.906061E+2	5.070801E+1	9.010000E+2
6.784000E+3	1.489000E+3	0.000000E+0	-1.962261E-3	-4.031284E-3	1.061389E-1	2.906199E+2	5.070801E+1	9.010000E+2
6.785106E+3	1.496000E+3	0.000000E+0	-2.261881E-3	-4.864793E-3	1.061202E-1	2.906114E+2	5.070801E+1	9.010000E+2
6.786209E+3	1.503000E+3	0.000000E+0	-2.906144E-3	-5.463453E-3	1.069429E-1	2.906114E+2	5.070801E+1	9.010000E+2
6.787312E+3	1.510000E+3	0.000000E+0	-3.380324E-3	-6.021468E-3	1.077018E-1	2.906145E+2	5.070801E+1	9.010000E+2
6.788417E+3	1.517000E+3	0.000000E+0	-3.652184E-3	-6.313978E-3	1.080290E-1	2.906168E+2	5.068359E+1	9.010000E+2
6.789421E+3	1.524000E+3	0.000000E+0	-3.577783E-3	-6.489212E-3	1.075491E-1	2.906159E+2	5.068359E+1	9.010000E+2
6.790525E+3	1.531000E+3	0.000000E+0	-3.741056E-3	-6.466575E-3	1.076284E-1	2.906147E+2	5.068359E+1	9.010000E+2
6.791629E+3	1.538000E+3	0.000000E+0	-4.008243E-3	-6.428206E-3	1.083287E-1	2.906154E+2	5.068359E+1	9.010000E+2
6.807480E+3	1.545000E+3	0.000000E+0	-3.679522E-3	-6.431784E-3	1.093816E-1	2.906111E+2	5.068359E+1	8.970000E+2
6.808583E+3	1.552000E+3	0.000000E+0	-4.100394E-3	-7.746593E-3	1.095519E-1	2.906125E+2	5.068359E+1	8.970000E+2
6.809688E+3	1.559000E+3	0.000000E+0	-5.084158E-3	-1.028950E-2	1.099431E-1	2.906135E+2	5.068359E+1	8.970000E+2
6.810794E+3	1.566000E+3	0.000000E+0	-7.851583E-3	-1.527151E-2	1.104659E-1	2.906077E+2	5.068359E+1	8.970000E+2
6.811897E+3	1.573000E+3	0.000000E+0	-1.221547E-2	-2.275559E-2	1.107048E-1	2.906068E+2	5.070801E+1	8.970000E+2
6.813000E+3	1.580000E+3	0.000000E+0	-1.936029E-2	-3.343287E-2	1.112301E-1	2.906106E+2	5.070801E+1	8.970000E+2
6.814106E+3	1.587000E+3	0.000000E+0	-2.951432E-2	-4.807358E-2	1.120763E-1	2.906065E+2	5.068359E+1	8.970000E+2
6.815112E+3	1.594000E+3	0.000000E+0	-4.190804E-2	-6.803896E-2	1.124425E-1	2.906018E+2	5.068359E+1	8.970000E+2
6.816216E+3	1.601000E+3	0.000000E+0	-5.689202E-2	-9.280606E-2	1.128653E-1	2.906121E+2	5.068359E+1	8.970000E+2
6.817318E+3	1.608000E+3	0.000000E+0	-7.555551E-2	-1.266484E-1	1.130471E-1	2.906054E+2	5.068359E+1	8.970000E+2
6.818420E+3	1.615000E+3	0.000000E+0	-9.405366E-2	-1.651876E-1	1.132810E-1	2.906134E+2	5.068359E+1	8.970000E+2
6.819523E+3	1.622000E+3	0.000000E+0	-1.134584E-1	-2.022832E-1	1.138497E-1	2.906103E+2	5.068359E+1	8.970000E+2
6.820627E+3	1.629000E+3	0.000000E+0	-1.315215E-1	-2.300309E-1	1.140771E-1	2.906095E+2	5.068359E+1	8.970000E+2
6.821728E+3	1.636000E+3	0.000000E+0	-1.413222E-1	-2.369930E-1	1.147134E-1	2.906018E+2	5.068359E+1	8.970000E+2
6.822832E+3	1.643000E+3	0.000000E+0	-1.342077E-1	-2.122571E-1	1.162586E-1	2.906018E+2	5.068359E+1	8.970000E+2
6.823937E+3	1.650000E+3	0.000000E+0	-1.065563E-1	-1.606890E-1	1.170739E-1	2.905976E+2	5.070801E+1	8.970000E+2
6.839593E+3	1.657000E+3	0.000000E+0	-5.522042E-2	-8.915708E-2	1.184206E-1	2.906022E+2	5.070801E+1	8.980000E+2
6.840695E+3	1.664000E+3	0.000000E+0	6.856931E-3	-2.150435E-2	1.185070E-1	2.906195E+2	5.070801E+1	8.980000E+2
6.841800E+3	1.671000E+3	0.000000E+0	6.185070E-2	9.524107E-2	1.203571E-1	2.906218E+2	5.070801E+1	8.980000E+2
6.842902E+3	1.678000E+3	0.000000E+0	1.266595E-1	2.221268E-1	1.218101E-1	2.906120E+2	5.070801E+1	8.980000E+2
6.844004E+3	1.685000E+3	0.000000E+0	1.987360E-1	3.318209E-1	1.233238E-1	2.906213E+2	5.070801E+1	8.980000E+2
6.845109E+3	1.692000E+3	0.000000E+0	2.446056E-1	4.073300E-1	1.242999E-1	2.906130E+2	5.070801E+1	8.980000E+2
6.846214E+3	1.699000E+3	0.000000E+0	2.631273E-1	4.665516E-1	1.258454E-1	2.906174E+2	5.070801E+1	8.980000E+2
6.847321E+3	1.706000E+3	0.000000E+0	2.668478E-1	5.041885E-1	1.265873E-1	2.906084E+2	5.070801E+1	8.980000E+2
6.848424E+3	1.713000E+3	0.000000E+0	2.675328E-1	4.929800E-1	1.284096E-1	2.906094E+2	5.070801E+1	8.980000E+2
6.849529E+3	1.720000E+3	0.000000E+0	2.464201E-1	4.321131E-1	1.295238E-1	2.906088E+2	5.070801E+1	8.980000E+2
6.850631E+3	1.727000E+3	0.000000E+0	1.933546E-1	3.258152E-1	1.306152E-1	2.905988E+2	5.075684E+1	8.980000E+2
6.851732E+3	1.734000E+3	0.000000E+0	1.192845E-1	2.107038E-1	1.320924E-1	2.906045E+2	5.070801E+1	8.980000E+2
6.852835E+3	1.741000E+3	0.000000E+0	4.424788E-2	9.825752E-2	1.342274E-1	2.906090E+2	5.070801E+1	8.980000E+2
6.853937E+3	1.748000E+3	0.000000E+0	-1.847490E-2	-7.922853E-3	1.359949E-1	2.906128E+2	5.070801E+1	8.980000E+2
6.855042E+3	1.755000E+3	0.000000E+0	-6.592409E-2	-1.013945E-1	1.374221E-1	2.906027E+2	5.070801E+1	8.980000E+2
6.856147E+3	1.762000E+3	0.000000E+0	-9.940805E-2	-1.745253E-1	1.391919E-1	2.906012E+2	5.070801E+1	8.980000E+2
6.871904E+3	1.769000E+3	0.000000E+0	-1.202004E-1	-2.219350E-1	1.401221E-1	2.906223E+2	5.070801E+1	9.010000E+2
6.873008E+3	1.776000E+3	0.000000E+0	-1.344164E-1	-2.314375E-1	1.420575E-1	2.906120E+2	5.070801E+1	9.010000E+2
6.874113E+3	1.783000E+3	0.000000E+0	-1.300317E-1	-2.230946E-1	1.434528E-1	2.906209E+2	5.070801E+1	9.010000E+2
6.875216E+3	1.790000E+3	0.000000E+0	-1.111437E-1	-1.960590E-1	1.443037E-1	2.906143E+2	5.070801E+1	9.010000E+2
6.876319E+3	1.797000E+3	0.000000E+0	-8.689284E-2	-1.588936E-1	1.450683E-1	2.906115E+2	5.070801E+1	9.010000E+2
6.877423E+3	1.804000E+3	0.000000E+0	-6.150643E-2	-1.161171E-1	1.461732E-1	2.906111E+2	5.070801E+1	9.010000E+2
6.878530E+3	1.811000E+3	0.000000E+0	-4.104666E-2	-7.904091E-2	1.464432E-1	2.906222E+2	5.070801E+1	9.010000E+2
6.879632E+3	1.818000E+3	0.000000E+0	-2.709350E-2	-5.197940E-2	1.466951E-1	2.906163E+2	5.070801E+1	9.010000E+2
6.880739E+3	1.825000E+3	0.000000E+0	-1.939823E-2	-3.622672E-2	1.471194E-1	2.906161E+2	5.070801E+1	9.010000E+2
6.881842E+3	1.832000E+3	0.000000E+0	-1.649270E-2	-3.130431E-2	1.476094E-1	2.906121E+2	5.070801E+1	9.010000E+2
6.882944E+3	1.839000E+3	0.000000E+0	-2.068544E-2	-3.846742E-2	1.473485E-1	2.906157E+2	5.070801E+1	9.010000E+2
6.884045E+3	1.846000E+3	0.000000E+0	-2.954590E-2	-5.265846E-2	1.476094E-1	2.906074E+2	5.070801E+1	9.010000E+2
6.885150E+3	1.853000E+3	0.000000E+0	-4.098532E-2	-7.324382E-2	1.473372E-1	2.906116E+2	5.070801E+1	9.010000E+2
6.886257E+3	1.860000E+3	0.000000E+0	-5.339029E-2	-9.269704E-2	1.473939E-1	2.906141E+2	5.070801E+1	9.010000E+2
6.887360E+3	1.867000E+3	0.000000E+0	-6.250837E-2	-1.037991E-1	1.471262E-1	2.906219E+2	5.070801E+1	9.010000E+2
6.888463E+3	1.874000E+3	0.000000E+0	-6.595392E-2	-1.020411E-1	1.471534E-1	2.906120E+2	5.070801E+1	9.010000E+2
6.904214E+3	1.881000E+3	0.000000E+0	-5.939723E-2	-8.555137E-2	1.470536E-1	2.906067E+2	5.070801E+1	9.010000E+2
6.905317E+3	1.888000E+3	0.000000E+0	-4.410435E-2	-6.052152E-2	1.471330E-1	2.906085E+2	5.070801E+1	9.010000E+2
6.906422E+3	1.895000E+3	0.000000E+0	-1.816300E-2	-1.787897E-2	1.468993E-1	2.906055E+2	5.070801E+1	9.010000E+2
6.907526E+3	1.902000E+3	0.000000E+0	1.557737E-2	2.659216E-2	1.475981E-1	2.906040E+2	5.070801E+1	9.010000E+2
6.908630E+3	1.909000E+3	0.000000E+0	4.128956E-2	7.086889E-2	1.475368E-1	2.906129E+2	5.075684E+1	9.010000E+2
6.909732E+3	1.916000E+3	0.000000E+0	6.479483E-2	1.186218E-1	1.485805E-1	2.906066E+2	5.075684E+1	9.010000E+2
6.910835E+3	1.923000E+3	0.000000E+0	8.987416E-2	1.514616E-1	1.498103E-1	2.906168E+2	5.070801E+1	9.010000E+2
6.911941E+3	1.930000E+3	0.000000E+0	1.055458E-1	1.623628E-1	1.506248E-1	2.906158E+2	5.070801E+1	9.010000E+2
6.913046E+3	1.937000E+3	0.000000E+0	1.019034E-1	1.590792E-1	1.521632E-1	2.906090E+2	5.070801E+1	9.010000E+2
6.914050E+3	1.944000E+3	0.000000E+0	8.799311E-2	1.497462E-1	1.525988E-1	2.906047E+2	5.070801E+1	9.010000E+2
6.915254E+3	1.951000E+3	0.000000E+0	7.345147E-2	1.329339E-1	1.539194E-1	2.906058E+2	5.070801E+1	9.010000E+2
6.916258E+3	1.958000E+3	0.000000E+0	5.860261E-2	1.022840E-1	1.544981E-1	2.906129E+2	5.075684E+1	9.010000E+2
6.917362E+3	1.965000E+3	0.000000E+0	3.796932E-2	5.999094E-2	1.559980E-1	2.906197E+2	5.075684E+1	9.010000E+2
6.918469E+3	1.972000E+3	0.000000E+0	9.582470E-3	1.849747E-2	1.576204E-1	2.906228E+2	5.070801E+1	9.010000E+2
6.919573E+3	1.979000E+3	0.000000E+0	-1.576781E-2	-1.453986E-2	1.591251E-1	2.906085E+2	5.070801E+1	9.010000E+2
6.920676E+3	1.986000E+3	0.000000E+0	-2.989948E-2	-3.708259E-2	1.605321E-1	2.906099E+2	5.070801E+1	9.010000E+2
6.936526E+3	1.993000E+3	0.000000E+0	-3.551380E-2	-5.359918E-2	1.626883E-1	2.906192E+2	5.070801E+1	8.990000E+2
6.937629E+3	2.000000E+3	0.000000E+0	-3.813507E-2	-6.308493E-2	1.641845E-1	2.906242E+2	5.075684E+1	8.990000E+2
6.938733E+3	2.007000E+3	0.000000E+0	-3.619642E-2	-6.368467E-2	1.656437E-1	2.906230E+2	5.075684E+1	8.990000E+2
6.939836E+3	2.014000E+3	0.000000E+0	-3.228590E-2	-5.722448E-2	1.673418E-1	2.906120E+2	5.075684E+1	8.990000E+2
6.940839E+3	2.021000E+3	0.000000E+0	-2.828079E-2	-4.737292E-2	1.706472E-1	2.906231E+2	5.075684E+1	8.990000E+2
6.941942E+3	2.028000E+3	0.000000E+0	-2.269875E-2	-3.755655E-2	1.720821E-1	2.906237E+2	5.070801E+1	8.990000E+2
6.943048E+3	2.035000E+3	0.000000E+0	-1.802340E-2	-3.080266E-2	1.739553E-1	2.906189E+2	5.070801E+1	8.990000E+2
6.944152E+3	2.042000E+3	0.000000E+0	-1.507341E-2	-2.770142E-2	1.752264E-1	2.906185E+2	5.075684E+1	8.990000E+2
6.945260E+3	2.049000E+3	0.000000E+0	-1.376441E-2	-2.569994E-2	1.767888E-1	2.906253E+2	5.075684E+1	8.990000E+2
6.946364E+3	2.056000E+3	0.000000E+0	-1.304996E-2	-2.400752E-2	1.781105E-1	2.906197E+2	5.075684E+1	8.990000E+2
6.947469E+3	2.063000E+3	0.000000E+0	-1.251763E-2	-2.189665E-2	1.788165E-1	2.906229E+2	5.075684E+1	8.990000E+2
6.948572E+3	2.070000E+3	0.000000E+0	-1.070615E-2	-1.940110E-2	1.797814E-1	2.906184E+2	5.075684E+1	8.990000E+2
6.949677E+3	2.077000E+3	0.000000E+0	-8.742522E-3	-1.635633E-2	1.803531E-1	2.906186E+2	5.075684E+1	8.990000E+2
6.950784E+3	2.084000E+3	0.000000E+0	-7.171115E-3	-1.348934E-2	1.808661E-1	2.906183E+2	5.075684E+1	8.990000E+2
6.951892E+3	2.091000E+3	0.000000E+0	-6.308308E-3	-1.130170E-2	1.818305E-1	2.906215E+2	5.075684E+1	8.990000E+2
6.952997E+3	2.098000E+3	0.000000E+0	-5.524309E-3	-9.777167E-3	1.816184E-1	2.906100E+2	5.075684E+1	8.990000E+2
6.968952E+3	2.105000E+3	0.000000E+0	-5.377383E-3	-8.629751E-3	1.818569E-1	2.906143E+2	5.075684E+1	9.010000E+2
6.969957E+3	2.112000E+3	0.000000E+0	-5.235886E-3	-8.079532E-3	1.817356E-1	2.906339E+2	5.075684E+1	9.010000E+2
6.971060E+3	2.119000E+3	0.000000E+0	-5.323175E-3	-8.000700E-3	1.819562E-1	2.906289E+2	5.075684E+1	9.010000E+2
6.972167E+3	2.126000E+3	0.000000E+0	-5.109173E-3	-8.156519E-3	1.820835E-1	2.906327E+2	5.075684E+1	9.010000E+2
