3.049613E+3	2.136000E+3	0.000000E+0	2.876428E-4	-2.303922E-2	1.158177E-1	4.035192E+2	3.269043E+1	8.970000E+2
3.051606E+3	7.680000E+2	0.000000E+0	8.721720E-5	-4.120619E-6	1.673708E-2	4.035192E+2	3.266602E+1	8.970000E+2
3.053599E+3	7.740000E+2	0.000000E+0	-5.976301E-5	-8.479954E-5	1.673708E-2	4.035192E+2	3.266602E+1	8.970000E+2
3.055704E+3	7.800000E+2	0.000000E+0	2.787101E-6	2.171258E-5	2.575762E-2	4.035192E+2	3.266602E+1	8.970000E+2
3.057691E+3	7.860000E+2	0.000000E+0	-1.825859E-5	-1.112694E-4	2.575762E-2	4.035192E+2	3.266602E+1	8.970000E+2
3.059570E+3	7.920000E+2	0.000000E+0	4.757753E-5	-2.967861E-5	2.575762E-2	3.936961E+2	3.269043E+1	8.970000E+2
3.061562E+3	7.980000E+2	0.000000E+0	1.749839E-5	3.390702E-5	2.575762E-2	4.035192E+2	3.266602E+1	8.970000E+2
3.063551E+3	8.040000E+2	0.000000E+0	4.231561E-6	1.604292E-4	2.575762E-2	4.035192E+2	3.266602E+1	8.970000E+2
3.078473E+3	8.100000E+2	0.000000E+0	3.236442E-5	2.584300E-4	2.575762E-2	4.035192E+2	3.266602E+1	8.970000E+2
3.080470E+3	8.160000E+2	0.000000E+0	-2.783213E-5	2.452564E-4	2.575762E-2	3.936961E+2	3.266602E+1	8.970000E+2
3.082456E+3	8.220000E+2	0.000000E+0	-1.396137E-5	1.139559E-4	2.575762E-2	4.035192E+2	3.266602E+1	8.970000E+2
3.084333E+3	8.280000E+2	0.000000E+0	2.901400E-6	-1.584028E-5	2.575762E-2	4.035192E+2	3.266602E+1	8.970000E+2
3.086326E+3	8.340000E+2	0.000000E+0	-5.817360E-6	1.122095E-5	2.575762E-2	4.035192E+2	3.266602E+1	8.970000E+2
3.088319E+3	8.400000E+2	0.000000E+0	-7.545785E-5	-1.242067E-4	2.574004E-2	4.035192E+2	3.266602E+1	8.970000E+2
3.090314E+3	8.460000E+2	0.000000E+0	-4.061312E-5	-1.224475E-4	2.574004E-2	4.035192E+2	3.269043E+1	8.970000E+2
3.092310E+3	8.520000E+2	0.000000E+0	-5.163008E-5	-2.133936E-4	2.574004E-2	4.035192E+2	3.269043E+1	8.970000E+2
3.094306E+3	8.580000E+2	0.000000E+0	1.003175E-4	-1.193657E-4	2.574004E-2	4.035192E+2	3.269043E+1	8.970000E+2
3.109332E+3	8.640000E+2	0.000000E+0	-6.170793E-5	-1.570717E-4	2.574004E-2	3.936961E+2	3.266602E+1	8.980000E+2
3.111325E+3	8.700000E+2	0.000000E+0	1.187768E-5	-1.196329E-4	2.574004E-2	4.035192E+2	3.266602E+1	8.980000E+2
3.113312E+3	8.760000E+2	0.000000E+0	-7.698819E-5	-4.975182E-5	2.574004E-2	4.035192E+2	3.269043E+1	8.980000E+2
3.115305E+3	8.820000E+2	0.000000E+0	2.397484E-5	-6.935155E-5	2.574004E-2	4.035192E+2	3.266602E+1	8.980000E+2
3.117293E+3	8.880000E+2	0.000000E+0	7.350208E-5	-1.626824E-4	3.476058E-2	4.035192E+2	3.266602E+1	8.980000E+2
3.119282E+3	8.940000E+2	0.000000E+0	-4.832486E-5	-3.311087E-4	3.476058E-2	4.035192E+2	3.266602E+1	8.980000E+2
3.121156E+3	9.000000E+2	0.000000E+0	-4.072582E-5	-3.451758E-4	3.476058E-2	4.035192E+2	3.266602E+1	8.980000E+2
3.123148E+3	9.060000E+2	0.000000E+0	2.176195E-5	-4.682362E-4	3.476058E-2	4.035192E+2	3.269043E+1	8.980000E+2
3.125137E+3	9.120000E+2	0.000000E+0	4.530208E-5	-6.976511E-4	3.476058E-2	4.035192E+2	3.269043E+1	8.980000E+2
3.140167E+3	9.180000E+2	0.000000E+0	-2.944561E-5	-1.017465E-3	3.476058E-2	4.035192E+2	3.266602E+1	8.970000E+2
3.142160E+3	9.240000E+2	0.000000E+0	-1.849020E-5	-1.282349E-3	3.476058E-2	4.035192E+2	3.266602E+1	8.970000E+2
3.144043E+3	9.300000E+2	0.000000E+0	-7.825425E-6	-1.142276E-3	3.476058E-2	4.035192E+2	3.269043E+1	8.970000E+2
3.146031E+3	9.360000E+2	0.000000E+0	1.075039E-5	4.696727E-6	3.474300E-2	4.035192E+2	3.269043E+1	8.970000E+2
3.148020E+3	9.420000E+2	0.000000E+0	-7.300121E-5	2.236177E-3	3.474300E-2	4.035192E+2	3.269043E+1	8.970000E+2
3.150004E+3	9.480000E+2	0.000000E+0	-1.405162E-5	3.494040E-3	3.474300E-2	4.035192E+2	3.266602E+1	8.970000E+2
3.151992E+3	9.540000E+2	0.000000E+0	-7.225310E-5	2.584938E-3	3.474300E-2	4.035192E+2	3.269043E+1	8.970000E+2
3.153985E+3	9.600000E+2	0.000000E+0	-4.902102E-5	6.510711E-4	3.474300E-2	4.035192E+2	3.269043E+1	8.970000E+2
3.155981E+3	9.660000E+2	0.000000E+0	-1.642335E-5	-9.671883E-4	3.474300E-2	4.035192E+2	3.266602E+1	8.970000E+2
3.170908E+3	9.720000E+2	0.000000E+0	9.970429E-5	-1.554405E-3	3.474300E-2	4.035192E+2	3.266602E+1	8.970000E+2
3.173009E+3	9.780000E+2	0.000000E+0	-5.680175E-7	-1.525461E-3	3.474300E-2	4.035192E+2	3.269043E+1	8.970000E+2
3.175002E+3	9.840000E+2	0.000000E+0	-2.489075E-5	-1.228320E-3	3.474300E-2	3.936961E+2	3.269043E+1	8.970000E+2
3.176995E+3	9.900000E+2	0.000000E+0	-4.012319E-5	-1.079394E-3	3.474300E-2	4.035192E+2	3.269043E+1	8.970000E+2
3.178981E+3	9.960000E+2	0.000000E+0	-5.326276E-5	-1.053651E-3	3.474300E-2	3.936961E+2	3.269043E+1	8.970000E+2
3.180974E+3	1.002000E+3	0.000000E+0	-2.855503E-5	-9.958302E-4	3.474300E-2	4.035192E+2	3.269043E+1	8.970000E+2
3.182966E+3	1.008000E+3	0.000000E+0	3.791194E-5	-6.199980E-4	3.474300E-2	4.035192E+2	3.266602E+1	8.970000E+2
3.184846E+3	1.014000E+3	0.000000E+0	5.808659E-5	-2.438518E-4	3.474300E-2	4.035192E+2	3.266602E+1	8.970000E+2
3.186837E+3	1.020000E+3	0.000000E+0	1.214546E-4	-1.387464E-4	3.474300E-2	3.936961E+2	3.269043E+1	8.970000E+2
3.201770E+3	1.026000E+3	0.000000E+0	8.737123E-5	-6.550970E-4	3.476058E-2	4.035192E+2	3.269043E+1	8.980000E+2
3.203763E+3	1.032000E+3	0.000000E+0	2.595723E-5	-1.579879E-3	4.376354E-2	4.035192E+2	3.269043E+1	8.980000E+2
3.205751E+3	1.038000E+3	0.000000E+0	-3.620933E-5	-2.273152E-3	4.376354E-2	4.035192E+2	3.269043E+1	8.980000E+2
3.207744E+3	1.044000E+3	0.000000E+0	-3.932232E-5	-2.871438E-3	4.376354E-2	4.035192E+2	3.269043E+1	8.980000E+2
3.209737E+3	1.050000E+3	0.000000E+0	-1.490565E-4	-3.684562E-3	4.376354E-2	4.035192E+2	3.269043E+1	8.980000E+2
3.211726E+3	1.056000E+3	0.000000E+0	-2.352758E-6	-4.814060E-3	4.376354E-2	4.035192E+2	3.269043E+1	8.980000E+2
3.213611E+3	1.062000E+3	0.000000E+0	2.343123E-5	-6.474865E-3	4.376354E-2	4.035192E+2	3.269043E+1	8.980000E+2
3.215603E+3	1.068000E+3	0.000000E+0	4.347159E-5	-9.488309E-3	4.376354E-2	4.035192E+2	3.269043E+1	8.980000E+2
3.217696E+3	1.074000E+3	0.000000E+0	1.606626E-5	-1.268329E-2	4.376354E-2	4.035192E+2	3.269043E+1	8.980000E+2
3.232516E+3	1.080000E+3	0.000000E+0	4.215918E-4	-1.788547E-2	4.376354E-2	4.035192E+2	3.269043E+1	8.980000E+2
3.234397E+3	1.086000E+3	0.000000E+0	3.870807E-4	-2.530081E-2	4.376354E-2	4.035192E+2	3.269043E+1	8.980000E+2
3.236494E+3	1.092000E+3	0.000000E+0	5.841571E-4	-3.047474E-2	4.376354E-2	4.035192E+2	3.269043E+1	8.980000E+2
3.238369E+3	1.098000E+3	0.000000E+0	9.244769E-4	-2.608549E-2	4.376354E-2	3.936961E+2	3.269043E+1	8.980000E+2
3.240358E+3	1.104000E+3	0.000000E+0	1.024726E-3	-7.819941E-3	4.376354E-2	4.035192E+2	3.269043E+1	8.980000E+2
3.242346E+3	1.110000E+3	0.000000E+0	6.355353E-4	1.612904E-2	4.376354E-2	4.035192E+2	3.269043E+1	8.980000E+2
3.244331E+3	1.116000E+3	0.000000E+0	4.660181E-4	1.557617E-2	4.376354E-2	4.035192E+2	3.269043E+1	8.980000E+2
3.246212E+3	1.122000E+3	0.000000E+0	-5.788961E-5	-1.818577E-2	4.376354E-2	4.035192E+2	3.269043E+1	8.980000E+2
3.248206E+3	1.128000E+3	0.000000E+0	7.102982E-5	-4.613508E-2	4.376354E-2	4.035192E+2	3.266602E+1	8.980000E+2
3.263264E+3	1.134000E+3	0.000000E+0	1.336876E-3	-3.945125E-3	4.376354E-2	4.035192E+2	3.269043E+1	8.970000E+2
3.265256E+3	1.140000E+3	0.000000E+0	-1.135159E-3	9.948729E-2	4.376354E-2	3.936961E+2	3.269043E+1	8.970000E+2
3.267248E+3	1.146000E+3	0.000000E+0	3.723838E-4	1.731081E-1	4.376354E-2	4.035192E+2	3.269043E+1	8.970000E+2
3.269241E+3	1.152000E+3	0.000000E+0	-4.698887E-4	1.373952E-1	4.376354E-2	4.035192E+2	3.269043E+1	8.970000E+2
3.271233E+3	1.158000E+3	0.000000E+0	3.408980E-4	1.765441E-2	4.374596E-2	4.035192E+2	3.269043E+1	8.970000E+2
3.273116E+3	1.164000E+3	0.000000E+0	1.038011E-3	-6.417581E-2	4.374596E-2	4.035192E+2	3.266602E+1	8.970000E+2
3.275111E+3	1.170000E+3	0.000000E+0	-1.495298E-4	-5.698170E-2	4.374596E-2	4.035192E+2	3.269043E+1	8.970000E+2
3.277107E+3	1.176000E+3	0.000000E+0	7.111038E-4	-8.483352E-4	4.374596E-2	4.035192E+2	3.269043E+1	8.970000E+2
3.279090E+3	1.182000E+3	0.000000E+0	-1.121009E-4	3.467232E-2	4.374596E-2	3.936961E+2	3.269043E+1	8.970000E+2
3.294018E+3	1.188000E+3	0.000000E+0	-2.889878E-4	2.320875E-2	5.276650E-2	4.035192E+2	3.269043E+1	8.970000E+2
3.296011E+3	1.194000E+3	0.000000E+0	1.643356E-4	-8.822481E-3	4.374596E-2	4.035192E+2	3.269043E+1	8.970000E+2
3.298001E+3	1.200000E+3	0.000000E+0	6.899787E-4	-3.045036E-2	4.374596E-2	4.035192E+2	3.269043E+1	8.970000E+2
3.299991E+3	1.206000E+3	0.000000E+0	7.767488E-4	-3.043760E-2	5.276650E-2	4.035192E+2	3.269043E+1	8.970000E+2
3.301981E+3	1.212000E+3	0.000000E+0	4.961404E-4	-2.279446E-2	5.276650E-2	4.035192E+2	3.269043E+1	8.970000E+2
3.303973E+3	1.218000E+3	0.000000E+0	2.728439E-4	-1.567105E-2	5.276650E-2	4.035192E+2	3.269043E+1	8.970000E+2
3.305961E+3	1.224000E+3	0.000000E+0	2.162516E-5	-1.156313E-2	5.276650E-2	4.035192E+2	3.269043E+1	8.970000E+2
3.307957E+3	1.230000E+3	0.000000E+0	1.956018E-5	-8.469912E-3	5.276650E-2	4.035192E+2	3.266602E+1	8.970000E+2
3.309948E+3	1.236000E+3	0.000000E+0	-4.120110E-5	-6.129252E-3	5.276650E-2	4.035192E+2	3.269043E+1	8.970000E+2
3.324883E+3	1.242000E+3	0.000000E+0	-3.188671E-5	-4.868893E-3	5.276650E-2	4.035192E+2	3.269043E+1	8.960000E+2
3.326870E+3	1.248000E+3	0.000000E+0	4.873394E-6	-4.175021E-3	5.274892E-2	4.035192E+2	3.269043E+1	8.960000E+2
3.328748E+3	1.254000E+3	0.000000E+0	4.785406E-5	-4.205155E-3	5.274892E-2	4.035192E+2	3.269043E+1	8.960000E+2
3.330744E+3	1.260000E+3	0.000000E+0	7.089534E-5	-4.750666E-3	5.274892E-2	4.035192E+2	3.269043E+1	8.960000E+2
3.332737E+3	1.266000E+3	0.000000E+0	2.444795E-5	-7.335999E-3	6.176946E-2	3.936961E+2	3.269043E+1	8.960000E+2
3.334728E+3	1.272000E+3	0.000000E+0	8.000697E-5	-1.252544E-2	5.274892E-2	4.035192E+2	3.269043E+1	8.960000E+2
3.336608E+3	1.278000E+3	0.000000E+0	1.488883E-4	-1.815726E-2	6.176946E-2	4.035192E+2	3.269043E+1	8.960000E+2
3.338601E+3	1.284000E+3	0.000000E+0	-1.408522E-4	-9.117134E-3	6.176946E-2	4.035192E+2	3.269043E+1	8.960000E+2
3.340593E+3	1.290000E+3	0.000000E+0	1.958579E-4	1.563857E-2	6.176946E-2	4.035192E+2	3.269043E+1	8.960000E+2
3.355652E+3	1.296000E+3	0.000000E+0	-1.220750E-4	3.867400E-2	6.176946E-2	4.035192E+2	3.269043E+1	8.980000E+2
3.357635E+3	1.302000E+3	0.000000E+0	-5.977473E-4	3.518308E-2	6.176946E-2	4.035192E+2	3.269043E+1	8.980000E+2
3.359731E+3	1.308000E+3	0.000000E+0	-2.625010E-4	8.668545E-3	6.176946E-2	4.035192E+2	3.269043E+1	8.980000E+2
3.361611E+3	1.314000E+3	0.000000E+0	1.686546E-5	-1.223754E-2	6.175188E-2	4.035192E+2	3.269043E+1	8.980000E+2
3.363609E+3	1.320000E+3	0.000000E+0	1.240888E-4	-1.605098E-2	6.175188E-2	4.035192E+2	3.269043E+1	8.980000E+2
3.365599E+3	1.326000E+3	0.000000E+0	7.476590E-5	-1.166584E-2	6.175188E-2	4.035192E+2	3.269043E+1	8.980000E+2
3.367592E+3	1.332000E+3	0.000000E+0	3.274433E-5	-6.707641E-3	6.175188E-2	4.035192E+2	3.271484E+1	8.980000E+2
3.369586E+3	1.338000E+3	0.000000E+0	1.053166E-4	-4.018795E-3	6.175188E-2	4.035192E+2	3.271484E+1	8.980000E+2
3.371579E+3	1.344000E+3	0.000000E+0	1.465614E-5	-2.439061E-3	6.175188E-2	4.035192E+2	3.269043E+1	8.980000E+2
3.386508E+3	1.350000E+3	0.000000E+0	1.633724E-5	-1.902764E-3	7.077242E-2	4.035192E+2	3.269043E+1	8.970000E+2
3.388493E+3	1.356000E+3	0.000000E+0	-3.248118E-5	-1.856093E-3	7.077242E-2	4.035192E+2	3.271484E+1	8.970000E+2
3.390488E+3	1.362000E+3	0.000000E+0	-1.179140E-4	-1.983937E-3	7.077242E-2	4.035192E+2	3.271484E+1	8.970000E+2
3.392491E+3	1.368000E+3	0.000000E+0	-3.579811E-5	-2.609827E-3	7.077242E-2	4.035192E+2	3.271484E+1	8.970000E+2
3.394480E+3	1.374000E+3	0.000000E+0	-1.691756E-4	-3.528135E-3	7.077242E-2	4.035192E+2	3.271484E+1	8.970000E+2
3.396472E+3	1.380000E+3	0.000000E+0	5.712913E-5	-4.538584E-3	7.077242E-2	4.035192E+2	3.271484E+1	8.970000E+2
3.398463E+3	1.386000E+3	0.000000E+0	2.746046E-4	-5.582387E-3	7.077242E-2	4.035192E+2	3.271484E+1	8.970000E+2
3.400455E+3	1.392000E+3	0.000000E+0	5.318898E-4	-8.231779E-3	7.075484E-2	4.035192E+2	3.271484E+1	8.970000E+2
3.402453E+3	1.398000E+3	0.000000E+0	3.272128E-4	-1.386065E-2	7.075484E-2	4.035192E+2	3.271484E+1	8.970000E+2
3.417405E+3	1.404000E+3	0.000000E+0	4.073478E-4	-2.350251E-2	7.075484E-2	4.035192E+2	3.271484E+1	8.970000E+2
3.419394E+3	1.410000E+3	0.000000E+0	3.621259E-4	-3.672557E-2	7.075484E-2	4.035192E+2	3.271484E+1	8.970000E+2
3.421385E+3	1.416000E+3	0.000000E+0	2.388915E-4	-4.749984E-2	7.075484E-2	4.035192E+2	3.271484E+1	8.970000E+2
3.423264E+3	1.422000E+3	0.000000E+0	1.033237E-3	-3.872860E-2	7.075484E-2	4.035192E+2	3.271484E+1	8.970000E+2
3.425243E+3	1.428000E+3	0.000000E+0	2.822873E-4	5.868409E-3	7.075484E-2	4.035192E+2	3.271484E+1	8.970000E+2
3.427237E+3	1.434000E+3	0.000000E+0	9.627350E-4	9.348148E-2	7.075484E-2	4.035192E+2	3.271484E+1	8.970000E+2
3.429227E+3	1.440000E+3	0.000000E+0	-3.191672E-4	1.431022E-1	7.075484E-2	3.936961E+2	3.269043E+1	8.970000E+2
3.431211E+3	1.446000E+3	0.000000E+0	-6.580037E-4	1.093409E-1	7.075484E-2	4.035192E+2	3.271484E+1	8.970000E+2
3.433198E+3	1.452000E+3	0.000000E+0	3.616475E-5	2.887872E-2	7.075484E-2	4.035192E+2	3.269043E+1	8.970000E+2
3.448242E+3	1.458000E+3	0.000000E+0	5.812046E-4	-3.170677E-2	7.075484E-2	4.035192E+2	3.269043E+1	8.970000E+2
3.450236E+3	1.464000E+3	0.000000E+0	7.433947E-4	-4.671867E-2	7.075484E-2	4.035192E+2	3.269043E+1	8.970000E+2
3.452229E+3	1.470000E+3	0.000000E+0	3.288931E-4	-3.871856E-2	7.075484E-2	4.035192E+2	3.269043E+1	8.970000E+2
3.454217E+3	1.476000E+3	0.000000E+0	1.211734E-4	-2.828903E-2	7.075484E-2	4.035192E+2	3.269043E+1	8.970000E+2
3.456206E+3	1.482000E+3	0.000000E+0	6.221779E-5	-2.288988E-2	7.075484E-2	4.035192E+2	3.269043E+1	8.970000E+2
3.458203E+3	1.488000E+3	0.000000E+0	2.104869E-4	-2.272446E-2	7.075484E-2	4.035192E+2	3.269043E+1	8.970000E+2
3.460082E+3	1.494000E+3	0.000000E+0	2.948627E-4	-2.486915E-2	7.075484E-2	4.035192E+2	3.269043E+1	8.970000E+2
3.462078E+3	1.500000E+3	0.000000E+0	-1.437680E-4	-1.594459E-2	7.075484E-2	4.035192E+2	3.269043E+1	8.970000E+2
3.464073E+3	1.506000E+3	0.000000E+0	-2.849035E-4	1.285961E-2	7.075484E-2	4.035192E+2	3.269043E+1	8.970000E+2
3.479117E+3	1.512000E+3	0.000000E+0	-2.071089E-4	4.205279E-2	7.075484E-2	4.035192E+2	3.269043E+1	8.980000E+2
3.481105E+3	1.518000E+3	0.000000E+0	-1.453652E-4	3.617306E-2	7.075484E-2	4.035192E+2	3.269043E+1	8.980000E+2
3.483104E+3	1.524000E+3	0.000000E+0	-3.883543E-4	5.325570E-3	7.075484E-2	4.035192E+2	3.266602E+1	8.980000E+2
3.485097E+3	1.530000E+3	0.000000E+0	5.070131E-4	-1.511211E-2	7.075484E-2	4.035192E+2	3.269043E+1	8.980000E+2
3.487089E+3	1.536000E+3	0.000000E+0	2.457162E-4	-1.448444E-2	7.075484E-2	4.035192E+2	3.269043E+1	8.980000E+2
3.489077E+3	1.542000E+3	0.000000E+0	2.984331E-5	-8.041427E-3	7.075484E-2	4.035192E+2	3.266602E+1	8.980000E+2
3.491066E+3	1.548000E+3	0.000000E+0	-5.071065E-5	-6.196730E-3	7.075484E-2	4.035192E+2	3.266602E+1	8.980000E+2
3.493057E+3	1.554000E+3	0.000000E+0	-6.539625E-5	-5.874215E-3	7.075484E-2	4.035192E+2	3.269043E+1	8.980000E+2
3.494934E+3	1.560000E+3	0.000000E+0	1.135413E-4	-3.351024E-3	7.075484E-2	4.035192E+2	3.266602E+1	8.980000E+2
3.509981E+3	1.566000E+3	0.000000E+0	3.458764E-4	-1.427191E-4	7.075484E-2	4.035192E+2	3.266602E+1	8.970000E+2
3.511858E+3	1.572000E+3	0.000000E+0	4.612013E-4	1.235123E-3	7.075484E-2	4.035192E+2	3.269043E+1	8.970000E+2
3.513739E+3	1.578000E+3	0.000000E+0	2.659612E-4	7.904739E-4	7.075484E-2	4.035192E+2	3.269043E+1	8.970000E+2
3.515724E+3	1.584000E+3	0.000000E+0	-7.267419E-5	-4.299855E-4	7.977538E-2	4.035192E+2	3.269043E+1	8.970000E+2
3.517714E+3	1.590000E+3	0.000000E+0	-1.778692E-4	-1.050581E-3	7.977538E-2	4.035192E+2	3.269043E+1	8.970000E+2
3.519707E+3	1.596000E+3	0.000000E+0	-1.633359E-4	-1.128244E-3	7.977538E-2	4.035192E+2	3.266602E+1	8.970000E+2
3.521701E+3	1.602000E+3	0.000000E+0	-3.115673E-5	-9.020619E-4	7.977538E-2	4.035192E+2	3.269043E+1	8.970000E+2
3.523578E+3	1.608000E+3	0.000000E+0	-2.582727E-5	-6.715835E-4	7.977538E-2	4.035192E+2	3.269043E+1	8.970000E+2
3.525570E+3	1.614000E+3	0.000000E+0	-2.933108E-5	-5.359327E-4	7.977538E-2	4.035192E+2	3.266602E+1	8.970000E+2
3.540819E+3	1.620000E+3	0.000000E+0	-1.421797E-5	-3.972205E-4	7.977538E-2	4.035192E+2	3.266602E+1	8.970000E+2
3.542809E+3	1.626000E+3	0.000000E+0	-7.921734E-6	-2.601205E-4	7.975780E-2	4.035192E+2	3.266602E+1	8.970000E+2
3.544801E+3	1.632000E+3	0.000000E+0	7.785303E-6	-2.622435E-4	8.877834E-2	4.035192E+2	3.266602E+1	8.970000E+2
3.546792E+3	1.638000E+3	0.000000E+0	4.925702E-6	-2.878572E-4	8.877834E-2	4.035192E+2	3.269043E+1	8.970000E+2
3.548778E+3	1.644000E+3	0.000000E+0	2.557241E-5	-3.381729E-4	8.877834E-2	4.035192E+2	3.269043E+1	8.970000E+2
3.550655E+3	1.650000E+3	0.000000E+0	4.521597E-5	-1.897519E-4	8.877834E-2	4.035192E+2	3.269043E+1	8.970000E+2
3.552645E+3	1.656000E+3	0.000000E+0	3.139983E-5	-2.087633E-4	8.877834E-2	4.035192E+2	3.266602E+1	8.970000E+2
3.554637E+3	1.662000E+3	0.000000E+0	4.693628E-5	-2.681495E-4	8.877834E-2	4.035192E+2	3.269043E+1	8.970000E+2
3.556631E+3	1.668000E+3	0.000000E+0	7.159749E-5	-2.695150E-4	8.877834E-2	4.035192E+2	3.266602E+1	8.970000E+2
3.571564E+3	1.674000E+3	0.000000E+0	-5.345549E-5	-2.500624E-4	8.877834E-2	4.035192E+2	3.266602E+1	8.980000E+2
3.573566E+3	1.680000E+3	0.000000E+0	-6.283697E-5	-1.547647E-4	8.876076E-2	4.035192E+2	3.269043E+1	8.980000E+2
3.575555E+3	1.686000E+3	0.000000E+0	-2.001546E-6	-2.544999E-4	8.876076E-2	4.035192E+2	3.269043E+1	8.980000E+2
3.577546E+3	1.692000E+3	0.000000E+0	4.198667E-6	-4.292129E-4	8.876076E-2	4.035192E+2	3.269043E+1	8.980000E+2
3.579534E+3	1.698000E+3	0.000000E+0	-3.992378E-5	-5.365465E-4	8.876076E-2	4.035192E+2	3.269043E+1	8.980000E+2
3.581526E+3	1.704000E+3	0.000000E+0	-1.357922E-5	-7.090513E-4	8.876076E-2	4.035192E+2	3.269043E+1	8.980000E+2
3.583628E+3	1.710000E+3	0.000000E+0	4.024791E-6	-8.686822E-4	9.778130E-2	4.035192E+2	3.269043E+1	8.980000E+2
3.585618E+3	1.716000E+3	0.000000E+0	-1.552561E-4	-1.344167E-3	9.778130E-2	4.035192E+2	3.269043E+1	8.980000E+2
3.587500E+3	1.722000E+3	0.000000E+0	-9.125427E-5	-1.683993E-3	9.778130E-2	4.035192E+2	3.269043E+1	8.980000E+2
3.602433E+3	1.728000E+3	0.000000E+0	-5.514878E-5	-1.685673E-3	9.778130E-2	4.035192E+2	3.269043E+1	8.970000E+2
3.604417E+3	1.734000E+3	0.000000E+0	4.191026E-5	-4.360459E-4	9.778130E-2	4.035192E+2	3.269043E+1	8.970000E+2
3.606296E+3	1.740000E+3	0.000000E+0	3.339169E-4	1.266166E-3	9.778130E-2	4.035192E+2	3.266602E+1	8.970000E+2
3.608282E+3	1.746000E+3	0.000000E+0	4.986846E-4	1.888303E-3	9.778130E-2	4.035192E+2	3.266602E+1	8.970000E+2
3.610274E+3	1.752000E+3	0.000000E+0	2.278124E-4	-2.726250E-4	9.778130E-2	4.035192E+2	3.269043E+1	8.970000E+2
3.612269E+3	1.758000E+3	0.000000E+0	-4.399404E-5	-3.471481E-3	9.778130E-2	4.035192E+2	3.269043E+1	8.970000E+2
3.614264E+3	1.764000E+3	0.000000E+0	-1.185157E-4	-6.009792E-3	9.778130E-2	4.035192E+2	3.269043E+1	8.970000E+2
3.616255E+3	1.770000E+3	0.000000E+0	-1.122157E-4	-7.395164E-3	9.778130E-2	4.035192E+2	3.269043E+1	8.970000E+2
3.618244E+3	1.776000E+3	0.000000E+0	-7.541613E-5	-6.015754E-3	9.778130E-2	4.035192E+2	3.271484E+1	8.970000E+2
3.633300E+3	1.782000E+3	0.000000E+0	-1.103206E-4	-2.133245E-3	9.778130E-2	4.035192E+2	3.269043E+1	8.970000E+2
3.635180E+3	1.788000E+3	0.000000E+0	-6.003419E-5	-2.738366E-3	9.778130E-2	4.035192E+2	3.269043E+1	8.970000E+2
3.637173E+3	1.794000E+3	0.000000E+0	2.491916E-4	-1.324918E-2	9.778130E-2	4.035192E+2	3.269043E+1	8.970000E+2
3.639167E+3	1.800000E+3	0.000000E+0	3.622205E-4	-2.928880E-2	9.778130E-2	4.035192E+2	3.269043E+1	8.970000E+2
3.641050E+3	1.806000E+3	0.000000E+0	-2.248134E-4	-6.689686E-2	9.778130E-2	4.035192E+2	3.266602E+1	8.970000E+2
3.643038E+3	1.812000E+3	0.000000E+0	2.622409E-3	-1.419785E-1	9.778130E-2	4.035192E+2	3.269043E+1	8.970000E+2
3.645033E+3	1.818000E+3	0.000000E+0	2.592197E-3	-2.788909E-1	9.778130E-2	4.035192E+2	3.269043E+1	8.970000E+2
3.647025E+3	1.824000E+3	0.000000E+0	1.004060E-3	-1.972420E-1	8.876076E-2	4.035192E+2	3.269043E+1	8.970000E+2
3.649017E+3	1.830000E+3	0.000000E+0	1.330503E-3	2.267807E-1	8.876076E-2	4.035192E+2	3.269043E+1	8.970000E+2
3.664168E+3	1.836000E+3	0.000000E+0	-4.350356E-3	6.279235E-1	8.876076E-2	4.035192E+2	3.269043E+1	8.970000E+2
3.666054E+3	1.842000E+3	0.000000E+0	-1.179339E-2	5.154657E-1	8.876076E-2	4.035192E+2	3.269043E+1	8.970000E+2
3.668047E+3	1.848000E+3	0.000000E+0	-8.253250E-5	1.581174E-3	8.876076E-2	3.936961E+2	3.269043E+1	8.970000E+2
3.670153E+3	1.854000E+3	0.000000E+0	4.969296E-3	-2.955992E-1	9.778130E-2	4.035192E+2	3.269043E+1	8.970000E+2
3.672148E+3	1.860000E+3	0.000000E+0	3.241080E-3	-2.613330E-1	8.876076E-2	4.035192E+2	3.269043E+1	8.970000E+2
3.674035E+3	1.866000E+3	0.000000E+0	7.160596E-4	-1.812455E-1	8.876076E-2	4.035192E+2	3.269043E+1	8.970000E+2
3.676028E+3	1.872000E+3	0.000000E+0	1.180677E-3	-1.813296E-1	8.876076E-2	4.035192E+2	3.269043E+1	8.970000E+2
3.678016E+3	1.878000E+3	0.000000E+0	5.608173E-3	-2.385505E-1	9.778130E-2	4.035192E+2	3.271484E+1	8.970000E+2
3.680006E+3	1.884000E+3	0.000000E+0	7.201064E-3	-2.992886E-1	8.876076E-2	4.035192E+2	3.269043E+1	8.970000E+2
3.694939E+3	1.890000E+3	0.000000E+0	1.875267E-3	-1.924081E-1	8.876076E-2	4.035192E+2	3.269043E+1	8.980000E+2
3.697047E+3	1.896000E+3	0.000000E+0	-2.077030E-3	2.535195E-1	8.876076E-2	4.035192E+2	3.269043E+1	8.980000E+2
3.698927E+3	1.902000E+3	0.000000E+0	-4.168411E-3	7.286520E-1	9.778130E-2	4.035192E+2	3.269043E+1	8.980000E+2
3.700919E+3	1.908000E+3	0.000000E+0	-2.977570E-3	7.538877E-1	9.778130E-2	4.035192E+2	3.269043E+1	8.980000E+2
3.702907E+3	1.914000E+3	0.000000E+0	-1.393871E-2	3.511978E-1	9.774614E-2	4.035192E+2	3.269043E+1	8.980000E+2
3.704899E+3	1.920000E+3	0.000000E+0	2.954578E-3	-1.539372E-1	9.774614E-2	4.035192E+2	3.269043E+1	8.980000E+2
3.706891E+3	1.926000E+3	0.000000E+0	4.077382E-3	-3.023767E-1	9.774614E-2	4.035192E+2	3.271484E+1	8.980000E+2
3.708772E+3	1.932000E+3	0.000000E+0	5.687172E-3	-2.568657E-1	9.776372E-2	4.035192E+2	3.269043E+1	8.980000E+2
3.710758E+3	1.938000E+3	0.000000E+0	3.104328E-3	-1.954555E-1	9.776372E-2	4.035192E+2	3.269043E+1	8.980000E+2
3.725801E+3	1.944000E+3	0.000000E+0	1.563175E-3	-1.845669E-1	1.067843E-1	4.035192E+2	3.269043E+1	8.970000E+2
3.727797E+3	1.950000E+3	0.000000E+0	3.624366E-3	-1.463786E-1	1.067843E-1	4.035192E+2	3.266602E+1	8.970000E+2
3.729672E+3	1.956000E+3	0.000000E+0	4.252866E-3	8.921003E-3	1.067843E-1	4.035192E+2	3.266602E+1	8.970000E+2
3.731666E+3	1.962000E+3	0.000000E+0	3.996620E-3	1.506049E-1	1.067843E-1	4.035192E+2	3.266602E+1	8.970000E+2
3.733543E+3	1.968000E+3	0.000000E+0	1.693823E-3	1.108559E-1	1.067843E-1	3.936961E+2	3.266602E+1	8.970000E+2
3.735525E+3	1.974000E+3	0.000000E+0	3.320275E-3	-9.579144E-2	1.067667E-1	4.035192E+2	3.266602E+1	8.970000E+2
3.737515E+3	1.980000E+3	0.000000E+0	1.176074E-3	-2.434503E-1	1.067667E-1	4.035192E+2	3.266602E+1	8.970000E+2
3.739390E+3	1.986000E+3	0.000000E+0	7.141421E-3	-7.323965E-2	1.067667E-1	4.035192E+2	3.266602E+1	8.970000E+2
3.741389E+3	1.992000E+3	0.000000E+0	2.160184E-3	1.841198E-1	1.067667E-1	4.035192E+2	3.266602E+1	8.970000E+2
3.756760E+3	1.998000E+3	0.000000E+0	-2.426337E-3	3.896188E-1	1.158177E-1	4.035192E+2	3.266602E+1	8.970000E+2
3.758635E+3	2.004000E+3	0.000000E+0	-2.814591E-3	2.538628E-1	1.158177E-1	4.035192E+2	3.269043E+1	8.970000E+2
3.760625E+3	2.010000E+3	0.000000E+0	2.921332E-3	-4.198603E-3	1.158177E-1	4.035192E+2	3.269043E+1	8.970000E+2
3.762717E+3	2.016000E+3	0.000000E+0	3.076383E-3	-1.429331E-1	1.158177E-1	4.035192E+2	3.269043E+1	8.970000E+2
3.764705E+3	2.022000E+3	0.000000E+0	9.377692E-4	-1.373524E-1	1.158177E-1	3.936961E+2	3.269043E+1	8.970000E+2
3.766588E+3	2.028000E+3	0.000000E+0	4.709149E-4	-8.823057E-2	1.158177E-1	4.035192E+2	3.269043E+1	8.970000E+2
3.768585E+3	2.034000E+3	0.000000E+0	-1.329966E-4	-4.282520E-2	1.158177E-1	4.035192E+2	3.269043E+1	8.970000E+2
3.770682E+3	2.040000E+3	0.000000E+0	2.231050E-4	-1.839272E-2	1.158177E-1	4.035192E+2	3.269043E+1	8.970000E+2
3.772645E+3	2.046000E+3	0.000000E+0	4.905334E-4	-1.408183E-2	1.158177E-1	4.035192E+2	3.269043E+1	8.970000E+2
3.787473E+3	2.052000E+3	0.000000E+0	7.169582E-5	-2.259654E-2	1.158177E-1	3.936961E+2	3.266602E+1	8.970000E+2
3.789465E+3	2.058000E+3	0.000000E+0	3.010647E-4	-3.167200E-2	1.158177E-1	4.035192E+2	3.269043E+1	8.970000E+2
3.791460E+3	2.064000E+3	0.000000E+0	2.013459E-4	-3.891464E-2	1.158177E-1	4.035192E+2	3.269043E+1	8.970000E+2
3.793451E+3	2.070000E+3	0.000000E+0	8.912993E-5	-2.881592E-2	1.158177E-1	4.035192E+2	3.269043E+1	8.970000E+2
3.795444E+3	2.076000E+3	0.000000E+0	4.471960E-4	1.547166E-2	1.158177E-1	4.035192E+2	3.269043E+1	8.970000E+2
3.797438E+3	2.082000E+3	0.000000E+0	2.278399E-4	4.321479E-2	1.158177E-1	4.035192E+2	3.271484E+1	8.970000E+2
3.799433E+3	2.088000E+3	0.000000E+0	1.870756E-3	1.650691E-2	1.158177E-1	4.035192E+2	3.269043E+1	8.970000E+2
3.801424E+3	2.094000E+3	0.000000E+0	3.533040E-4	-8.963200E-3	1.158177E-1	4.035192E+2	3.271484E+1	8.970000E+2
3.803305E+3	2.100000E+3	0.000000E+0	1.194564E-3	1.037837E-2	1.158001E-1	4.035192E+2	3.269043E+1	8.970000E+2
3.818343E+3	2.106000E+3	0.000000E+0	-3.605685E-4	3.304685E-2	1.158177E-1	4.035192E+2	3.269043E+1	8.970000E+2
3.820334E+3	2.112000E+3	0.000000E+0	-1.446921E-4	3.090523E-2	1.158177E-1	4.035192E+2	3.271484E+1	8.970000E+2
3.822328E+3	2.118000E+3	0.000000E+0	-3.712697E-4	1.341767E-2	1.158177E-1	3.936961E+2	3.269043E+1	8.970000E+2
3.824315E+3	2.124000E+3	0.000000E+0	9.453937E-5	3.750389E-3	1.158177E-1	4.035192E+2	3.269043E+1	8.970000E+2
3.826309E+3	2.130000E+3	0.000000E+0	3.172646E-4	-1.042680E-2	1.158177E-1	4.035192E+2	3.269043E+1	8.970000E+2
