2.147250E+2	0.000000E+0	0.000000E+0	2.597326E-5	-3.441283E-5	1.673708E-2	4.035192E+2	3.269043E+1	2.980000E+2
2.165290E+2	7.740000E+2	0.000000E+0	-8.191873E-5	1.558943E-4	2.575762E-2	4.035192E+2	3.269043E+1	2.980000E+2
2.183360E+2	7.800000E+2	0.000000E+0	4.283529E-5	1.227498E-4	1.673708E-2	4.035192E+2	3.269043E+1	2.980000E+2
2.201450E+2	7.860000E+2	0.000000E+0	-6.521442E-5	-2.265555E-4	1.673708E-2	4.035192E+2	3.269043E+1	2.980000E+2
2.219530E+2	7.920000E+2	0.000000E+0	-1.201487E-4	-4.892761E-4	2.575762E-2	4.035192E+2	3.269043E+1	2.980000E+2
2.237600E+2	7.980000E+2	0.000000E+0	-1.531071E-5	-4.222481E-5	2.575762E-2	4.035192E+2	3.269043E+1	2.980000E+2
2.255640E+2	8.040000E+2	0.000000E+0	2.834714E-4	4.396937E-4	2.575762E-2	4.035192E+2	3.269043E+1	2.980000E+2
2.272720E+2	8.100000E+2	0.000000E+0	2.308456E-4	6.980885E-4	2.575762E-2	4.035192E+2	3.269043E+1	2.980000E+2
2.290790E+2	8.160000E+2	0.000000E+0	1.574718E-4	1.413557E-4	2.575762E-2	4.035192E+2	3.269043E+1	2.980000E+2
2.459200E+2	8.220000E+2	0.000000E+0	-7.300895E-5	-3.227647E-4	2.575762E-2	4.035192E+2	3.269043E+1	2.980000E+2
2.476250E+2	8.280000E+2	0.000000E+0	-1.602904E-4	-3.331429E-5	2.575762E-2	4.035192E+2	3.269043E+1	2.980000E+2
2.494300E+2	8.340000E+2	0.000000E+0	1.597578E-4	1.309754E-5	2.574004E-2	4.035192E+2	3.269043E+1	2.980000E+2
2.512320E+2	8.400000E+2	0.000000E+0	-1.042516E-4	8.221639E-7	2.574004E-2	4.035192E+2	3.269043E+1	2.980000E+2
2.530370E+2	8.460000E+2	0.000000E+0	6.215234E-5	4.865879E-5	2.574004E-2	4.035192E+2	3.269043E+1	2.980000E+2
2.548440E+2	8.520000E+2	0.000000E+0	5.924686E-5	-7.860601E-5	2.574004E-2	4.035192E+2	3.269043E+1	2.980000E+2
2.566490E+2	8.580000E+2	0.000000E+0	9.596938E-6	-1.613138E-4	2.574004E-2	4.035192E+2	3.269043E+1	2.980000E+2
2.584530E+2	8.640000E+2	0.000000E+0	6.707323E-5	-4.679630E-5	2.574004E-2	4.035192E+2	3.266602E+1	2.980000E+2
2.601560E+2	8.700000E+2	0.000000E+0	8.325181E-5	8.166087E-5	2.574004E-2	4.035192E+2	3.269043E+1	2.980000E+2
2.619650E+2	8.760000E+2	0.000000E+0	3.437793E-5	8.222563E-5	2.574004E-2	4.035192E+2	3.269043E+1	2.980000E+2
2.781160E+2	8.820000E+2	0.000000E+0	1.000986E-5	2.351882E-5	2.575762E-2	4.035192E+2	3.269043E+1	2.980000E+2
2.798220E+2	8.880000E+2	0.000000E+0	9.521400E-5	-6.593163E-5	2.575762E-2	4.035192E+2	3.269043E+1	2.980000E+2
2.816270E+2	8.940000E+2	0.000000E+0	3.019851E-5	-2.257379E-4	3.476058E-2	4.035192E+2	3.269043E+1	2.980000E+2
2.834290E+2	9.000000E+2	0.000000E+0	-4.089843E-5	-1.283897E-4	3.476058E-2	3.936961E+2	3.269043E+1	2.980000E+2
2.852350E+2	9.060000E+2	0.000000E+0	5.609460E-5	-4.256825E-4	3.476058E-2	4.035192E+2	3.269043E+1	2.980000E+2
2.869410E+2	9.120000E+2	0.000000E+0	-8.822391E-6	-3.184143E-4	3.476058E-2	4.035192E+2	3.269043E+1	2.980000E+2
2.887440E+2	9.180000E+2	0.000000E+0	6.292883E-6	-4.942453E-4	3.476058E-2	4.035192E+2	3.269043E+1	2.980000E+2
2.905530E+2	9.240000E+2	0.000000E+0	8.333897E-5	-1.960914E-3	3.476058E-2	3.936961E+2	3.271484E+1	2.980000E+2
2.923610E+2	9.300000E+2	0.000000E+0	8.117061E-5	-3.594074E-3	3.474300E-2	4.035192E+2	3.269043E+1	2.980000E+2
2.941670E+2	9.360000E+2	0.000000E+0	-6.009046E-5	-6.346217E-4	3.474300E-2	4.035192E+2	3.269043E+1	2.980000E+2
3.102170E+2	9.420000E+2	0.000000E+0	-6.839542E-5	5.259791E-3	3.474300E-2	4.035192E+2	3.269043E+1	2.980000E+2
3.119260E+2	9.480000E+2	0.000000E+0	-6.364786E-5	6.812278E-3	3.474300E-2	4.035192E+2	3.269043E+1	2.980000E+2
3.137320E+2	9.540000E+2	0.000000E+0	-6.164882E-5	3.308222E-3	3.474300E-2	4.035192E+2	3.269043E+1	2.980000E+2
3.155380E+2	9.600000E+2	0.000000E+0	-1.565072E-4	-1.516564E-3	3.474300E-2	4.035192E+2	3.269043E+1	2.980000E+2
3.173420E+2	9.660000E+2	0.000000E+0	3.526623E-5	-2.608689E-3	3.474300E-2	4.035192E+2	3.269043E+1	2.980000E+2
3.191500E+2	9.720000E+2	0.000000E+0	2.898338E-5	-1.940509E-3	3.474300E-2	4.035192E+2	3.269043E+1	2.980000E+2
3.209560E+2	9.780000E+2	0.000000E+0	4.857272E-6	-9.878094E-4	3.474300E-2	3.936961E+2	3.269043E+1	2.980000E+2
3.227590E+2	9.840000E+2	0.000000E+0	3.792400E-5	-4.673378E-4	3.474300E-2	4.035192E+2	3.269043E+1	2.980000E+2
3.245650E+2	9.900000E+2	0.000000E+0	-1.383270E-4	-4.161804E-4	3.474300E-2	4.035192E+2	3.269043E+1	2.980000E+2
3.263720E+2	9.960000E+2	0.000000E+0	-1.464331E-4	-5.779976E-4	3.474300E-2	4.035192E+2	3.269043E+1	2.980000E+2
3.424180E+2	1.002000E+3	0.000000E+0	-2.670042E-4	-9.572101E-4	3.474300E-2	4.035192E+2	3.269043E+1	2.970000E+2
3.441270E+2	1.008000E+3	0.000000E+0	-1.677116E-4	-3.494055E-4	3.474300E-2	4.035192E+2	3.271484E+1	2.970000E+2
3.459310E+2	1.014000E+3	0.000000E+0	4.402918E-4	1.016196E-3	3.474300E-2	4.035192E+2	3.271484E+1	2.970000E+2
3.477360E+2	1.020000E+3	0.000000E+0	6.200360E-4	1.336480E-3	3.476058E-2	4.035192E+2	3.269043E+1	2.970000E+2
3.495420E+2	1.026000E+3	0.000000E+0	1.464201E-4	2.878538E-4	3.476058E-2	4.035192E+2	3.269043E+1	2.970000E+2
3.513490E+2	1.032000E+3	0.000000E+0	-1.562254E-4	-1.020750E-3	4.376354E-2	4.035192E+2	3.269043E+1	2.970000E+2
3.531550E+2	1.038000E+3	0.000000E+0	-2.686278E-4	-1.207724E-3	4.376354E-2	4.035192E+2	3.271484E+1	2.970000E+2
3.549620E+2	1.044000E+3	0.000000E+0	-1.340688E-4	-9.255729E-4	4.376354E-2	4.035192E+2	3.269043E+1	2.970000E+2
3.567700E+2	1.050000E+3	0.000000E+0	-1.013589E-5	-9.330846E-4	4.376354E-2	4.035192E+2	3.271484E+1	2.970000E+2
3.585760E+2	1.056000E+3	0.000000E+0	5.114276E-5	-1.225279E-3	4.376354E-2	4.035192E+2	3.271484E+1	2.970000E+2
3.745320E+2	1.062000E+3	0.000000E+0	3.873831E-5	-1.698908E-3	4.376354E-2	4.035192E+2	3.269043E+1	2.980000E+2
3.762360E+2	1.068000E+3	0.000000E+0	4.998050E-5	-2.623094E-3	4.376354E-2	4.035192E+2	3.269043E+1	2.980000E+2
3.780380E+2	1.074000E+3	0.000000E+0	9.717165E-5	-4.683465E-3	4.376354E-2	4.035192E+2	3.269043E+1	2.980000E+2
3.798400E+2	1.080000E+3	0.000000E+0	-7.671269E-5	-8.961989E-3	4.376354E-2	4.035192E+2	3.269043E+1	2.980000E+2
3.816420E+2	1.086000E+3	0.000000E+0	3.625742E-4	-1.906451E-2	4.376354E-2	4.035192E+2	3.269043E+1	2.980000E+2
3.834430E+2	1.092000E+3	0.000000E+0	2.137237E-4	-4.793965E-2	4.376354E-2	4.035192E+2	3.269043E+1	2.980000E+2
3.852450E+2	1.098000E+3	0.000000E+0	1.197499E-3	-8.946491E-2	4.376354E-2	4.035192E+2	3.269043E+1	2.980000E+2
3.870510E+2	1.104000E+3	0.000000E+0	9.878532E-4	-4.832927E-2	4.376354E-2	4.035192E+2	3.269043E+1	2.980000E+2
3.888550E+2	1.110000E+3	0.000000E+0	1.559608E-3	1.014589E-1	4.376354E-2	4.035192E+2	3.269043E+1	2.980000E+2
3.906630E+2	1.116000E+3	0.000000E+0	-2.723642E-4	1.647226E-1	4.376354E-2	3.936961E+2	3.269043E+1	2.980000E+2
4.067130E+2	1.122000E+3	0.000000E+0	-7.280136E-4	5.673788E-2	4.376354E-2	4.035192E+2	3.269043E+1	2.980000E+2
4.084200E+2	1.128000E+3	0.000000E+0	3.686605E-3	-2.571432E-1	4.376354E-2	4.035192E+2	3.269043E+1	2.980000E+2
4.102260E+2	1.134000E+3	0.000000E+0	-2.139174E-3	-2.431089E-1	4.376354E-2	4.035192E+2	3.269043E+1	2.980000E+2
4.120300E+2	1.140000E+3	0.000000E+0	5.910032E-3	1.514891E-1	4.374596E-2	4.035192E+2	3.269043E+1	2.980000E+2
4.138370E+2	1.146000E+3	0.000000E+0	-6.303532E-3	4.650326E-1	4.376354E-2	4.035192E+2	3.269043E+1	2.980000E+2
4.156450E+2	1.152000E+3	0.000000E+0	-1.001260E-2	3.082388E-1	4.374596E-2	4.035192E+2	3.269043E+1	2.980000E+2
4.174490E+2	1.158000E+3	0.000000E+0	4.036438E-3	-8.592836E-2	4.374596E-2	4.035192E+2	3.269043E+1	2.980000E+2
4.192580E+2	1.164000E+3	0.000000E+0	8.930576E-4	-3.285264E-1	4.374596E-2	4.035192E+2	3.269043E+1	2.980000E+2
4.210620E+2	1.170000E+3	0.000000E+0	9.469991E-5	-1.509124E-1	4.374596E-2	4.035192E+2	3.269043E+1	2.980000E+2
4.228640E+2	1.176000E+3	0.000000E+0	2.754839E-4	7.980846E-2	4.374596E-2	4.035192E+2	3.269043E+1	2.980000E+2
4.388010E+2	1.182000E+3	0.000000E+0	-1.224719E-3	1.579133E-1	4.374596E-2	4.035192E+2	3.266602E+1	2.980000E+2
4.405100E+2	1.188000E+3	0.000000E+0	5.789136E-5	6.237267E-2	5.276650E-2	4.035192E+2	3.269043E+1	2.980000E+2
4.423210E+2	1.194000E+3	0.000000E+0	4.975948E-4	-6.761882E-2	5.276650E-2	4.035192E+2	3.269043E+1	2.980000E+2
4.441260E+2	1.200000E+3	0.000000E+0	1.103214E-3	-7.217773E-2	5.276650E-2	4.035192E+2	3.269043E+1	2.980000E+2
4.459320E+2	1.206000E+3	0.000000E+0	8.014975E-4	-3.238189E-2	5.276650E-2	4.035192E+2	3.269043E+1	2.980000E+2
4.477380E+2	1.212000E+3	0.000000E+0	7.293078E-4	-1.043475E-2	5.276650E-2	4.035192E+2	3.269043E+1	2.980000E+2
4.495440E+2	1.218000E+3	0.000000E+0	1.380027E-4	-5.217799E-3	5.276650E-2	4.035192E+2	3.269043E+1	2.980000E+2
4.513490E+2	1.224000E+3	0.000000E+0	-4.229108E-4	-4.315958E-3	5.276650E-2	4.035192E+2	3.269043E+1	2.980000E+2
4.531550E+2	1.230000E+3	0.000000E+0	-2.356148E-4	-2.903461E-3	5.276650E-2	4.035192E+2	3.269043E+1	2.980000E+2
4.548610E+2	1.236000E+3	0.000000E+0	-3.116888E-5	-1.766705E-3	5.274892E-2	4.035192E+2	3.266602E+1	2.980000E+2
4.709160E+2	1.242000E+3	0.000000E+0	-1.053519E-5	-1.181032E-3	5.276650E-2	4.035192E+2	3.269043E+1	2.980000E+2
4.727210E+2	1.248000E+3	0.000000E+0	3.868296E-5	-1.147949E-3	5.274892E-2	4.035192E+2	3.269043E+1	2.980000E+2
4.745250E+2	1.254000E+3	0.000000E+0	1.824929E-5	-9.736663E-4	5.274892E-2	4.035192E+2	3.269043E+1	2.980000E+2
4.763290E+2	1.260000E+3	0.000000E+0	-2.537491E-6	-1.036524E-3	5.274892E-2	4.035192E+2	3.269043E+1	2.980000E+2
4.781360E+2	1.266000E+3	0.000000E+0	5.472806E-5	-2.196880E-3	5.274892E-2	4.035192E+2	3.269043E+1	2.980000E+2
4.798400E+2	1.272000E+3	0.000000E+0	4.481604E-4	-8.910858E-3	6.176946E-2	4.035192E+2	3.269043E+1	2.980000E+2
4.816430E+2	1.278000E+3	0.000000E+0	-2.024400E-4	-2.760761E-2	6.176946E-2	4.035192E+2	3.269043E+1	2.980000E+2
4.833470E+2	1.284000E+3	0.000000E+0	-2.198759E-4	-2.174836E-2	6.176946E-2	4.035192E+2	3.269043E+1	2.980000E+2
4.851480E+2	1.290000E+3	0.000000E+0	8.952366E-4	2.183003E-2	6.176946E-2	4.035192E+2	3.269043E+1	2.980000E+2
4.869530E+2	1.296000E+3	0.000000E+0	-4.612303E-4	5.675258E-2	6.176946E-2	4.035192E+2	3.269043E+1	2.980000E+2
5.030970E+2	1.302000E+3	0.000000E+0	1.543191E-3	4.235603E-2	6.176946E-2	4.035192E+2	3.269043E+1	2.990000E+2
5.049000E+2	1.308000E+3	0.000000E+0	-1.222444E-4	-7.287758E-3	6.175188E-2	4.035192E+2	3.269043E+1	2.990000E+2
5.067110E+2	1.314000E+3	0.000000E+0	1.297090E-4	-2.563991E-2	6.175188E-2	4.035192E+2	3.269043E+1	2.990000E+2
5.085190E+2	1.320000E+3	0.000000E+0	-3.305822E-5	-1.747160E-2	6.175188E-2	4.035192E+2	3.269043E+1	2.990000E+2
5.103260E+2	1.326000E+3	0.000000E+0	2.189026E-4	-7.108040E-3	6.175188E-2	4.035192E+2	3.269043E+1	2.990000E+2
5.120300E+2	1.332000E+3	0.000000E+0	2.313568E-5	-3.165525E-3	6.175188E-2	4.035192E+2	3.269043E+1	2.990000E+2
5.138360E+2	1.338000E+3	0.000000E+0	-6.730516E-5	-1.282473E-3	7.077242E-2	4.035192E+2	3.269043E+1	2.990000E+2
5.156440E+2	1.344000E+3	0.000000E+0	5.400152E-5	4.138606E-4	6.175188E-2	4.035192E+2	3.269043E+1	2.990000E+2
5.174500E+2	1.350000E+3	0.000000E+0	-8.561937E-5	1.083519E-3	7.077242E-2	4.035192E+2	3.269043E+1	2.990000E+2
5.192580E+2	1.356000E+3	0.000000E+0	1.131266E-4	-3.097141E-4	7.077242E-2	4.035192E+2	3.269043E+1	2.990000E+2
5.350970E+2	1.362000E+3	0.000000E+0	-5.551409E-5	-9.137689E-4	7.077242E-2	4.035192E+2	3.269043E+1	2.980000E+2
5.369020E+2	1.368000E+3	0.000000E+0	-2.152645E-4	-3.738845E-4	7.077242E-2	4.035192E+2	3.269043E+1	2.980000E+2
5.387080E+2	1.374000E+3	0.000000E+0	-4.644668E-4	-9.326585E-4	7.077242E-2	4.035192E+2	3.271484E+1	2.980000E+2
5.404160E+2	1.380000E+3	0.000000E+0	-3.918806E-4	-2.171030E-3	7.077242E-2	4.035192E+2	3.269043E+1	2.980000E+2
5.422220E+2	1.386000E+3	0.000000E+0	3.984188E-4	-1.053386E-3	7.075484E-2	4.035192E+2	3.271484E+1	2.980000E+2
5.440270E+2	1.392000E+3	0.000000E+0	1.159775E-3	-5.469833E-5	7.075484E-2	3.936961E+2	3.271484E+1	2.980000E+2
5.458340E+2	1.398000E+3	0.000000E+0	6.303341E-4	-3.238239E-3	7.075484E-2	4.035192E+2	3.271484E+1	2.980000E+2
5.476370E+2	1.404000E+3	0.000000E+0	-1.818072E-4	-1.072635E-2	7.075484E-2	4.035192E+2	3.269043E+1	2.980000E+2
5.494420E+2	1.410000E+3	0.000000E+0	-6.045805E-4	-2.665094E-2	7.075484E-2	4.035192E+2	3.271484E+1	2.980000E+2
5.512480E+2	1.416000E+3	0.000000E+0	7.375450E-4	-6.930650E-2	7.075484E-2	4.035192E+2	3.269043E+1	2.980000E+2
5.672090E+2	1.422000E+3	0.000000E+0	-1.344136E-4	-1.495777E-1	7.075484E-2	4.035192E+2	3.269043E+1	2.980000E+2
5.690170E+2	1.428000E+3	0.000000E+0	-2.038658E-3	-9.105819E-2	7.075484E-2	4.035192E+2	3.269043E+1	2.980000E+2
5.708210E+2	1.434000E+3	0.000000E+0	-1.092648E-3	1.367254E-1	7.075484E-2	4.035192E+2	3.271484E+1	2.980000E+2
5.726290E+2	1.440000E+3	0.000000E+0	-1.148748E-3	3.269214E-1	7.075484E-2	4.035192E+2	3.271484E+1	2.980000E+2
5.744330E+2	1.446000E+3	0.000000E+0	3.776181E-3	2.005699E-1	7.075484E-2	4.035192E+2	3.269043E+1	2.980000E+2
5.762400E+2	1.452000E+3	0.000000E+0	-1.144332E-4	-7.937668E-2	7.075484E-2	4.035192E+2	3.269043E+1	2.980000E+2
5.780460E+2	1.458000E+3	0.000000E+0	-2.296245E-3	-1.519410E-1	7.075484E-2	4.035192E+2	3.271484E+1	2.980000E+2
5.798510E+2	1.464000E+3	0.000000E+0	1.662720E-3	-8.143968E-2	7.075484E-2	4.035192E+2	3.271484E+1	2.980000E+2
5.816590E+2	1.470000E+3	0.000000E+0	4.380258E-4	-3.041917E-2	7.075484E-2	4.035192E+2	3.269043E+1	2.980000E+2
5.834670E+2	1.476000E+3	0.000000E+0	6.916805E-5	-1.277157E-2	7.075484E-2	4.035192E+2	3.269043E+1	2.980000E+2
5.993220E+2	1.482000E+3	0.000000E+0	6.511938E-5	-8.434881E-3	7.075484E-2	4.035192E+2	3.269043E+1	2.980000E+2
6.011280E+2	1.488000E+3	0.000000E+0	-1.407507E-6	-1.134884E-2	7.075484E-2	4.035192E+2	3.269043E+1	2.980000E+2
6.029350E+2	1.494000E+3	0.000000E+0	4.797639E-4	-2.735262E-2	7.075484E-2	4.035192E+2	3.269043E+1	2.980000E+2
6.047370E+2	1.500000E+3	0.000000E+0	-8.584762E-4	-3.526900E-2	7.075484E-2	4.035192E+2	3.271484E+1	2.980000E+2
6.065440E+2	1.506000E+3	0.000000E+0	1.357965E-3	1.695359E-2	7.075484E-2	4.035192E+2	3.269043E+1	2.980000E+2
6.083500E+2	1.512000E+3	0.000000E+0	-2.699638E-4	6.851969E-2	7.075484E-2	4.035192E+2	3.269043E+1	2.980000E+2
6.101600E+2	1.518000E+3	0.000000E+0	-1.725460E-4	6.218352E-2	7.075484E-2	4.035192E+2	3.271484E+1	2.980000E+2
6.119670E+2	1.524000E+3	0.000000E+0	1.884990E-3	-4.841436E-3	7.075484E-2	4.035192E+2	3.269043E+1	2.980000E+2
6.136750E+2	1.530000E+3	0.000000E+0	2.680962E-4	-4.118826E-2	7.075484E-2	4.035192E+2	3.269043E+1	2.980000E+2
6.154820E+2	1.536000E+3	0.000000E+0	2.541123E-4	-1.569156E-2	7.075484E-2	4.035192E+2	3.269043E+1	2.980000E+2
6.314400E+2	1.542000E+3	0.000000E+0	-2.688433E-4	-1.928188E-3	7.075484E-2	4.035192E+2	3.269043E+1	2.980000E+2
6.332460E+2	1.548000E+3	0.000000E+0	-4.158900E-4	-1.976812E-3	7.075484E-2	4.035192E+2	3.269043E+1	2.980000E+2
6.350520E+2	1.554000E+3	0.000000E+0	-7.321557E-4	-5.603882E-3	7.075484E-2	4.035192E+2	3.269043E+1	2.980000E+2
6.367590E+2	1.560000E+3	0.000000E+0	-2.222012E-4	-2.731133E-3	7.075484E-2	4.035192E+2	3.269043E+1	2.980000E+2
6.385670E+2	1.566000E+3	0.000000E+0	1.025123E-3	1.497501E-3	7.075484E-2	4.035192E+2	3.269043E+1	2.980000E+2
6.403720E+2	1.572000E+3	0.000000E+0	1.358037E-3	3.126809E-3	7.075484E-2	4.035192E+2	3.269043E+1	2.980000E+2
6.421770E+2	1.578000E+3	0.000000E+0	5.427990E-4	1.427878E-3	7.977538E-2	4.035192E+2	3.269043E+1	2.980000E+2
6.439840E+2	1.584000E+3	0.000000E+0	-5.320155E-4	-8.810420E-4	7.977538E-2	4.035192E+2	3.269043E+1	2.980000E+2
6.457890E+2	1.590000E+3	0.000000E+0	-4.742350E-4	-1.269122E-3	7.977538E-2	4.035192E+2	3.269043E+1	2.980000E+2
6.475980E+2	1.596000E+3	0.000000E+0	-1.143600E-4	-6.463050E-4	7.977538E-2	4.035192E+2	3.269043E+1	2.980000E+2
6.636470E+2	1.602000E+3	0.000000E+0	-1.353446E-4	-3.361040E-4	7.977538E-2	4.035192E+2	3.269043E+1	2.980000E+2
6.653520E+2	1.608000E+3	0.000000E+0	-2.723478E-4	-4.165799E-4	7.977538E-2	4.035192E+2	3.269043E+1	2.980000E+2
6.671550E+2	1.614000E+3	0.000000E+0	-4.190902E-5	-2.254749E-4	7.977538E-2	4.035192E+2	3.271484E+1	2.980000E+2
6.689630E+2	1.620000E+3	0.000000E+0	2.910987E-5	-7.392060E-5	7.975780E-2	4.035192E+2	3.269043E+1	2.980000E+2
6.707680E+2	1.626000E+3	0.000000E+0	3.828960E-5	1.882808E-5	7.975780E-2	4.035192E+2	3.271484E+1	2.980000E+2
6.725740E+2	1.632000E+3	0.000000E+0	-1.103951E-4	-6.105674E-5	7.975780E-2	4.035192E+2	3.271484E+1	2.980000E+2
6.743780E+2	1.638000E+3	0.000000E+0	-2.857661E-5	-1.287503E-4	7.975780E-2	4.035192E+2	3.271484E+1	2.980000E+2
6.761840E+2	1.644000E+3	0.000000E+0	-6.105981E-5	-1.673242E-4	8.877834E-2	4.035192E+2	3.271484E+1	2.980000E+2
6.779880E+2	1.650000E+3	0.000000E+0	-5.277953E-5	-1.971710E-5	8.877834E-2	4.035192E+2	3.271484E+1	2.980000E+2
6.797960E+2	1.656000E+3	0.000000E+0	1.785474E-5	-1.033050E-4	8.877834E-2	4.035192E+2	3.271484E+1	2.980000E+2
6.957600E+2	1.662000E+3	0.000000E+0	-8.089858E-6	-1.427002E-4	8.877834E-2	4.035192E+2	3.271484E+1	2.980000E+2
6.974660E+2	1.668000E+3	0.000000E+0	-6.329596E-5	-2.194336E-4	8.877834E-2	4.035192E+2	3.271484E+1	2.980000E+2
6.992740E+2	1.674000E+3	0.000000E+0	2.406232E-5	1.022145E-4	8.877834E-2	4.035192E+2	3.271484E+1	2.980000E+2
7.010810E+2	1.680000E+3	0.000000E+0	-2.497493E-5	1.862112E-4	8.876076E-2	4.035192E+2	3.271484E+1	2.980000E+2
7.028880E+2	1.686000E+3	0.000000E+0	-1.812122E-4	7.440856E-5	8.876076E-2	4.035192E+2	3.271484E+1	2.980000E+2
7.046910E+2	1.692000E+3	0.000000E+0	-4.624037E-5	-1.154310E-4	8.876076E-2	4.035192E+2	3.271484E+1	2.980000E+2
7.064980E+2	1.698000E+3	0.000000E+0	8.586663E-5	-1.761896E-4	9.778130E-2	4.035192E+2	3.271484E+1	2.980000E+2
7.083060E+2	1.704000E+3	0.000000E+0	1.591189E-4	-1.821043E-4	9.778130E-2	4.035192E+2	3.271484E+1	2.980000E+2
7.101150E+2	1.710000E+3	0.000000E+0	-6.397582E-5	-3.330300E-4	9.778130E-2	4.035192E+2	3.271484E+1	2.980000E+2
7.119190E+2	1.716000E+3	0.000000E+0	-1.299885E-4	-4.644783E-4	9.778130E-2	4.035192E+2	3.271484E+1	2.980000E+2
7.278760E+2	1.722000E+3	0.000000E+0	-3.652236E-4	-1.044828E-3	9.778130E-2	4.035192E+2	3.271484E+1	2.980000E+2
7.296840E+2	1.728000E+3	0.000000E+0	-7.804515E-4	-1.747006E-3	9.778130E-2	4.035192E+2	3.271484E+1	2.980000E+2
7.314940E+2	1.734000E+3	0.000000E+0	-3.501076E-4	-6.741936E-4	9.778130E-2	4.035192E+2	3.271484E+1	2.980000E+2
7.333030E+2	1.740000E+3	0.000000E+0	7.419147E-4	2.453978E-3	9.776372E-2	4.035192E+2	3.271484E+1	2.980000E+2
7.350110E+2	1.746000E+3	0.000000E+0	1.388688E-3	3.500517E-3	9.778130E-2	4.035192E+2	3.271484E+1	2.980000E+2
7.368150E+2	1.752000E+3	0.000000E+0	6.149304E-4	1.251890E-3	9.776372E-2	4.035192E+2	3.271484E+1	2.980000E+2
7.386200E+2	1.758000E+3	0.000000E+0	-5.101246E-4	-2.320176E-3	9.776372E-2	4.035192E+2	3.271484E+1	2.980000E+2
7.404260E+2	1.764000E+3	0.000000E+0	-6.969767E-4	-4.329924E-3	9.776372E-2	4.035192E+2	3.271484E+1	2.980000E+2
7.422330E+2	1.770000E+3	0.000000E+0	1.266641E-5	-7.047033E-3	9.778130E-2	4.035192E+2	3.271484E+1	2.980000E+2
7.440400E+2	1.776000E+3	0.000000E+0	9.327749E-5	-4.478239E-3	9.778130E-2	4.035192E+2	3.271484E+1	2.980000E+2
7.599980E+2	1.782000E+3	0.000000E+0	-2.259387E-4	5.518940E-3	9.778130E-2	4.035192E+2	3.271484E+1	2.980000E+2
7.618020E+2	1.788000E+3	0.000000E+0	-1.307206E-4	9.467811E-3	9.776372E-2	4.035192E+2	3.271484E+1	2.980000E+2
7.635060E+2	1.794000E+3	0.000000E+0	-3.735936E-4	2.711729E-3	9.778130E-2	4.035192E+2	3.271484E+1	2.980000E+2
7.653110E+2	1.800000E+3	0.000000E+0	7.241534E-4	-1.158882E-2	9.778130E-2	4.035192E+2	3.271484E+1	2.980000E+2
7.671170E+2	1.806000E+3	0.000000E+0	1.509609E-3	-2.810613E-2	9.778130E-2	4.035192E+2	3.271484E+1	2.980000E+2
7.689230E+2	1.812000E+3	0.000000E+0	4.784142E-3	-9.217949E-2	9.778130E-2	4.035192E+2	3.271484E+1	2.980000E+2
7.707280E+2	1.818000E+3	0.000000E+0	5.736450E-3	-3.045205E-1	9.778130E-2	4.035192E+2	3.271484E+1	2.980000E+2
7.725330E+2	1.824000E+3	0.000000E+0	5.185561E-3	-3.662904E-1	9.778130E-2	4.035192E+2	3.271484E+1	2.980000E+2
7.743400E+2	1.830000E+3	0.000000E+0	-1.833662E-2	1.641467E-1	9.778130E-2	4.035192E+2	3.269043E+1	2.980000E+2
7.761500E+2	1.836000E+3	0.000000E+0	-5.648591E-3	7.063423E-1	9.778130E-2	4.035192E+2	3.271484E+1	2.980000E+2
7.922030E+2	1.842000E+3	0.000000E+0	2.330799E-2	5.126044E-1	8.876076E-2	4.035192E+2	3.271484E+1	2.980000E+2
7.939110E+2	1.848000E+3	0.000000E+0	-8.371100E-3	-9.562910E-2	8.876076E-2	4.035192E+2	3.271484E+1	2.980000E+2
7.957130E+2	1.854000E+3	0.000000E+0	2.232345E-3	-3.946878E-1	9.778130E-2	4.035192E+2	3.271484E+1	2.980000E+2
7.975170E+2	1.860000E+3	0.000000E+0	5.061301E-3	-1.824480E-1	9.778130E-2	4.035192E+2	3.271484E+1	2.980000E+2
7.993190E+2	1.866000E+3	0.000000E+0	1.412857E-3	-6.232629E-2	9.778130E-2	4.035192E+2	3.271484E+1	2.980000E+2
8.011260E+2	1.872000E+3	0.000000E+0	1.125232E-3	-6.206989E-2	9.778130E-2	4.035192E+2	3.271484E+1	2.980000E+2
8.029320E+2	1.878000E+3	0.000000E+0	-2.720024E-4	-1.473513E-1	9.778130E-2	3.936961E+2	3.271484E+1	2.980000E+2
8.047370E+2	1.884000E+3	0.000000E+0	6.693451E-3	-4.200882E-1	9.778130E-2	4.035192E+2	3.271484E+1	2.980000E+2
8.065430E+2	1.890000E+3	0.000000E+0	3.465866E-2	-7.406842E-1	8.876076E-2	4.035192E+2	3.269043E+1	2.980000E+2
8.083510E+2	1.896000E+3	0.000000E+0	-1.292999E-2	-1.085420E-1	8.876076E-2	4.035192E+2	3.271484E+1	2.980000E+2
8.243090E+2	1.902000E+3	0.000000E+0	-5.215818E-2	1.143611E+0	9.778130E-2	4.035192E+2	3.271484E+1	2.980000E+2
8.261190E+2	1.908000E+3	0.000000E+0	-2.152235E-3	1.382643E+0	9.778130E-2	3.936961E+2	3.271484E+1	2.980000E+2
8.279220E+2	1.914000E+3	0.000000E+0	2.401728E-2	3.047275E-1	9.774614E-2	4.035192E+2	3.271484E+1	2.980000E+2
8.297290E+2	1.920000E+3	0.000000E+0	-2.920575E-2	-7.238801E-1	9.774614E-2	4.035192E+2	3.271484E+1	2.980000E+2
8.315370E+2	1.926000E+3	0.000000E+0	5.904463E-3	-5.181417E-1	9.776372E-2	4.035192E+2	3.271484E+1	2.980000E+2
8.333430E+2	1.932000E+3	0.000000E+0	8.238421E-4	-1.876655E-1	9.776372E-2	4.035192E+2	3.271484E+1	2.980000E+2
8.351480E+2	1.938000E+3	0.000000E+0	7.221900E-4	-9.083652E-2	9.776372E-2	4.035192E+2	3.271484E+1	2.980000E+2
8.369540E+2	1.944000E+3	0.000000E+0	1.061052E-3	-1.295973E-1	1.067843E-1	4.035192E+2	3.269043E+1	2.980000E+2
8.387610E+2	1.950000E+3	0.000000E+0	-8.618317E-3	-1.555965E-1	1.067843E-1	4.035192E+2	3.269043E+1	2.980000E+2
8.404670E+2	1.956000E+3	0.000000E+0	8.415176E-3	5.341955E-2	1.067843E-1	4.035192E+2	3.269043E+1	2.980000E+2
8.564240E+2	1.962000E+3	0.000000E+0	-1.363878E-3	2.543948E-1	1.067843E-1	4.035192E+2	3.269043E+1	2.980000E+2
8.582340E+2	1.968000E+3	0.000000E+0	-2.322318E-3	1.296719E-1	1.067843E-1	4.035192E+2	3.269043E+1	2.980000E+2
8.600400E+2	1.974000E+3	0.000000E+0	-1.377064E-3	-2.042472E-1	1.067667E-1	4.035192E+2	3.271484E+1	2.980000E+2
8.617460E+2	1.980000E+3	0.000000E+0	-2.041424E-3	-4.644033E-1	1.067667E-1	4.035192E+2	3.271484E+1	2.980000E+2
8.635530E+2	1.986000E+3	0.000000E+0	-5.541441E-3	-1.962655E-1	1.067667E-1	4.035192E+2	3.271484E+1	2.980000E+2
8.653610E+2	1.992000E+3	0.000000E+0	1.868050E-2	4.523269E-1	1.158177E-1	4.035192E+2	3.271484E+1	2.980000E+2
8.671670E+2	1.998000E+3	0.000000E+0	-2.984543E-4	7.019210E-1	1.158177E-1	4.035192E+2	3.271484E+1	2.980000E+2
8.689720E+2	2.004000E+3	0.000000E+0	-3.257528E-2	3.031898E-1	1.158177E-1	4.035192E+2	3.271484E+1	2.980000E+2
8.707820E+2	2.010000E+3	0.000000E+0	1.243095E-2	-2.705269E-1	1.158177E-1	4.035192E+2	3.271484E+1	2.980000E+2
8.725850E+2	2.016000E+3	0.000000E+0	4.310750E-3	-3.109762E-1	1.157825E-1	4.035192E+2	3.271484E+1	2.980000E+2
8.886410E+2	2.022000E+3	0.000000E+0	7.473336E-4	-1.291600E-1	1.158177E-1	3.936961E+2	3.271484E+1	2.980000E+2
8.903490E+2	2.028000E+3	0.000000E+0	-9.674218E-5	-3.898338E-2	1.158177E-1	4.035192E+2	3.276367E+1	2.980000E+2
8.921600E+2	2.034000E+3	0.000000E+0	4.416039E-4	-6.969303E-3	1.158177E-1	4.035192E+2	3.271484E+1	2.980000E+2
8.939620E+2	2.040000E+3	0.000000E+0	-1.099024E-5	5.094083E-3	1.158177E-1	4.035192E+2	3.276367E+1	2.980000E+2
8.957650E+2	2.046000E+3	0.000000E+0	-6.276424E-4	1.043890E-3	1.158177E-1	4.035192E+2	3.276367E+1	2.980000E+2
8.975720E+2	2.052000E+3	0.000000E+0	3.970200E-4	-1.040209E-2	1.158001E-1	4.035192E+2	3.276367E+1	2.980000E+2
8.993760E+2	2.058000E+3	0.000000E+0	2.209612E-4	-1.838275E-2	1.158177E-1	4.035192E+2	3.276367E+1	2.980000E+2
9.011850E+2	2.064000E+3	0.000000E+0	2.444297E-4	-4.143829E-2	1.158177E-1	4.035192E+2	3.276367E+1	2.980000E+2
9.029900E+2	2.070000E+3	0.000000E+0	1.840428E-3	-4.037406E-2	1.158177E-1	4.035192E+2	3.276367E+1	2.980000E+2
9.048000E+2	2.076000E+3	0.000000E+0	-4.805546E-3	3.030420E-2	1.158177E-1	4.035192E+2	3.276367E+1	2.980000E+2
9.207600E+2	2.082000E+3	0.000000E+0	6.143000E-4	6.763344E-2	1.158177E-1	4.035192E+2	3.276367E+1	2.980000E+2
9.224690E+2	2.088000E+3	0.000000E+0	6.099246E-3	1.546807E-2	1.158177E-1	4.035192E+2	3.276367E+1	2.980000E+2
9.242770E+2	2.094000E+3	0.000000E+0	6.565921E-4	-3.274189E-2	1.158177E-1	4.035192E+2	3.271484E+1	2.980000E+2
9.260810E+2	2.100000E+3	0.000000E+0	2.994882E-3	-2.945538E-4	1.158177E-1	4.035192E+2	3.276367E+1	2.980000E+2
9.278880E+2	2.106000E+3	0.000000E+0	-3.128904E-3	3.386878E-2	1.158177E-1	4.035192E+2	3.276367E+1	2.980000E+2
9.296960E+2	2.112000E+3	0.000000E+0	-2.241928E-4	2.427187E-2	1.158177E-1	4.035192E+2	3.276367E+1	2.980000E+2
9.315010E+2	2.118000E+3	0.000000E+0	-2.590978E-3	2.101948E-3	1.158177E-1	4.035192E+2	3.276367E+1	2.980000E+2
9.333090E+2	2.124000E+3	0.000000E+0	1.058891E-3	1.244319E-2	1.158177E-1	4.035192E+2	3.276367E+1	2.980000E+2
9.350160E+2	2.130000E+3	0.000000E+0	-8.014764E-4	-9.150643E-3	1.158177E-1	4.035192E+2	3.271484E+1	2.980000E+2
