2.261379E+3	7.680000E+2	0.000000E+0	-8.479120E-4	-2.980733E-2	1.673708E-2	4.035192E+2	3.269043E+1	2.980000E+2
2.279638E+3	7.680000E+2	0.000000E+0	-2.563984E-5	-1.623217E-4	1.673708E-2	4.035192E+2	3.269043E+1	8.970000E+2
2.281447E+3	7.740000E+2	0.000000E+0	3.832866E-5	-4.053195E-5	1.673708E-2	4.035192E+2	3.269043E+1	8.970000E+2
2.283252E+3	7.800000E+2	0.000000E+0	-2.090204E-5	-2.826708E-5	1.673708E-2	4.035192E+2	3.269043E+1	8.970000E+2
2.285059E+3	7.860000E+2	0.000000E+0	-4.554689E-5	-1.341188E-4	2.575762E-2	4.035192E+2	3.269043E+1	8.970000E+2
2.286867E+3	7.920000E+2	0.000000E+0	-5.767390E-6	-1.010688E-4	2.575762E-2	4.035192E+2	3.269043E+1	8.970000E+2
2.288673E+3	7.980000E+2	0.000000E+0	-6.586184E-5	-4.002855E-5	2.575762E-2	4.035192E+2	3.271484E+1	8.970000E+2
2.290479E+3	8.040000E+2	0.000000E+0	8.033059E-5	1.536588E-4	2.575762E-2	4.035192E+2	3.271484E+1	8.970000E+2
2.292283E+3	8.100000E+2	0.000000E+0	-1.836536E-5	3.159501E-4	2.575762E-2	4.035192E+2	3.269043E+1	8.970000E+2
2.294089E+3	8.160000E+2	0.000000E+0	1.321067E-5	2.438389E-4	2.575762E-2	4.035192E+2	3.271484E+1	8.970000E+2
2.309133E+3	8.220000E+2	0.000000E+0	3.599256E-5	1.129081E-4	2.575762E-2	4.035192E+2	3.269043E+1	8.980000E+2
2.310938E+3	8.280000E+2	0.000000E+0	-2.705107E-5	-5.215520E-5	2.575762E-2	4.035192E+2	3.269043E+1	8.980000E+2
2.312751E+3	8.340000E+2	0.000000E+0	-1.556061E-5	-2.893490E-5	2.574004E-2	4.035192E+2	3.269043E+1	8.980000E+2
2.314558E+3	8.400000E+2	0.000000E+0	-2.451898E-5	-1.284021E-4	2.574004E-2	4.035192E+2	3.269043E+1	8.980000E+2
2.316365E+3	8.460000E+2	0.000000E+0	-3.994875E-5	-8.142734E-5	2.574004E-2	4.035192E+2	3.269043E+1	8.980000E+2
2.318171E+3	8.520000E+2	0.000000E+0	6.763118E-5	-8.007844E-5	2.574004E-2	4.035192E+2	3.269043E+1	8.980000E+2
2.319980E+3	8.580000E+2	0.000000E+0	-5.258446E-5	-1.592088E-4	2.574004E-2	4.035192E+2	3.273926E+1	8.980000E+2
2.321686E+3	8.640000E+2	0.000000E+0	-4.811190E-5	-1.134047E-4	2.574004E-2	4.035192E+2	3.271484E+1	8.980000E+2
2.323494E+3	8.700000E+2	0.000000E+0	7.519309E-5	-2.573691E-5	2.574004E-2	4.035192E+2	3.271484E+1	8.980000E+2
2.325298E+3	8.760000E+2	0.000000E+0	1.535284E-5	-8.821065E-5	2.574004E-2	4.035192E+2	3.271484E+1	8.980000E+2
2.339735E+3	8.820000E+2	0.000000E+0	-2.637679E-5	-7.028824E-5	2.575762E-2	4.035192E+2	3.271484E+1	8.970000E+2
2.341540E+3	8.880000E+2	0.000000E+0	3.088697E-5	-1.152648E-4	3.476058E-2	4.035192E+2	3.271484E+1	8.970000E+2
2.343347E+3	8.940000E+2	0.000000E+0	5.872411E-5	-2.896997E-4	3.476058E-2	4.035192E+2	3.269043E+1	8.970000E+2
2.345159E+3	9.000000E+2	0.000000E+0	-2.360673E-5	-3.720057E-4	3.476058E-2	4.035192E+2	3.266602E+1	8.970000E+2
2.346964E+3	9.060000E+2	0.000000E+0	-7.682491E-5	-4.583774E-4	3.476058E-2	4.035192E+2	3.269043E+1	8.970000E+2
2.348670E+3	9.120000E+2	0.000000E+0	-3.291460E-5	-6.903620E-4	3.476058E-2	4.035192E+2	3.269043E+1	8.970000E+2
2.350476E+3	9.180000E+2	0.000000E+0	-6.970493E-5	-9.008634E-4	3.476058E-2	3.936961E+2	3.266602E+1	8.970000E+2
2.352284E+3	9.240000E+2	0.000000E+0	-6.259594E-5	-1.259113E-3	3.476058E-2	4.035192E+2	3.266602E+1	8.970000E+2
2.354092E+3	9.300000E+2	0.000000E+0	-4.252520E-6	-1.283964E-3	3.474300E-2	4.035192E+2	3.266602E+1	8.970000E+2
2.355896E+3	9.360000E+2	0.000000E+0	3.486128E-5	-2.999810E-4	3.474300E-2	4.035192E+2	3.266602E+1	8.970000E+2
2.370329E+3	9.420000E+2	0.000000E+0	1.928634E-5	1.695378E-3	3.474300E-2	4.035192E+2	3.271484E+1	8.980000E+2
2.372239E+3	9.480000E+2	0.000000E+0	-1.073293E-4	3.284909E-3	3.474300E-2	4.035192E+2	3.269043E+1	8.980000E+2
2.374345E+3	9.540000E+2	0.000000E+0	-9.488321E-6	2.961147E-3	3.474300E-2	4.035192E+2	3.269043E+1	8.980000E+2
2.376229E+3	9.600000E+2	0.000000E+0	-1.564007E-4	1.314662E-3	3.474300E-2	4.035192E+2	3.266602E+1	8.980000E+2
2.378217E+3	9.660000E+2	0.000000E+0	1.502844E-6	-3.303385E-4	3.474300E-2	4.035192E+2	3.269043E+1	8.980000E+2
2.380203E+3	9.720000E+2	0.000000E+0	-3.376938E-5	-1.320285E-3	3.474300E-2	4.035192E+2	3.271484E+1	8.980000E+2
2.382192E+3	9.780000E+2	0.000000E+0	1.185413E-5	-1.473818E-3	3.474300E-2	4.035192E+2	3.271484E+1	8.980000E+2
2.384065E+3	9.840000E+2	0.000000E+0	-3.636770E-6	-1.302292E-3	3.474300E-2	3.936961E+2	3.271484E+1	8.980000E+2
2.386061E+3	9.900000E+2	0.000000E+0	-6.680585E-5	-1.230306E-3	3.474300E-2	4.035192E+2	3.271484E+1	8.980000E+2
2.401232E+3	9.960000E+2	0.000000E+0	-3.015773E-5	-1.061640E-3	3.474300E-2	4.035192E+2	3.271484E+1	8.960000E+2
2.403225E+3	1.002000E+3	0.000000E+0	-1.368826E-5	-9.162414E-4	3.474300E-2	4.035192E+2	3.269043E+1	8.960000E+2
2.405113E+3	1.008000E+3	0.000000E+0	1.411150E-5	-6.621639E-4	3.474300E-2	4.035192E+2	3.269043E+1	8.960000E+2
2.407103E+3	1.014000E+3	0.000000E+0	9.407298E-5	-1.514723E-4	3.474300E-2	4.035192E+2	3.271484E+1	8.960000E+2
2.409098E+3	1.020000E+3	0.000000E+0	8.612057E-5	-1.434904E-4	3.476058E-2	3.936961E+2	3.271484E+1	8.960000E+2
2.411089E+3	1.026000E+3	0.000000E+0	1.401908E-4	-6.923364E-4	4.376354E-2	4.035192E+2	3.271484E+1	8.960000E+2
2.412983E+3	1.032000E+3	0.000000E+0	2.139563E-5	-1.469512E-3	4.376354E-2	4.035192E+2	3.271484E+1	8.960000E+2
2.414975E+3	1.038000E+3	0.000000E+0	2.315197E-5	-2.265110E-3	4.376354E-2	4.035192E+2	3.271484E+1	8.960000E+2
2.416971E+3	1.044000E+3	0.000000E+0	-6.245582E-5	-3.037608E-3	4.376354E-2	4.035192E+2	3.269043E+1	8.960000E+2
2.431844E+3	1.050000E+3	0.000000E+0	1.585855E-4	-3.727184E-3	4.376354E-2	3.936961E+2	3.271484E+1	8.970000E+2
2.433838E+3	1.056000E+3	0.000000E+0	-1.701284E-5	-4.674780E-3	4.376354E-2	4.035192E+2	3.271484E+1	8.970000E+2
2.435828E+3	1.062000E+3	0.000000E+0	9.049246E-5	-6.297321E-3	4.376354E-2	4.035192E+2	3.271484E+1	8.970000E+2
2.437930E+3	1.068000E+3	0.000000E+0	-1.408896E-5	-8.452613E-3	4.376354E-2	4.035192E+2	3.271484E+1	8.970000E+2
2.439814E+3	1.074000E+3	0.000000E+0	7.951516E-5	-1.236083E-2	4.376354E-2	4.035192E+2	3.271484E+1	8.970000E+2
2.441815E+3	1.080000E+3	0.000000E+0	1.362024E-4	-1.745815E-2	4.376354E-2	4.035192E+2	3.269043E+1	8.970000E+2
2.443814E+3	1.086000E+3	0.000000E+0	2.190385E-4	-2.494605E-2	4.376354E-2	4.035192E+2	3.269043E+1	8.970000E+2
2.445810E+3	1.092000E+3	0.000000E+0	2.984457E-4	-3.015994E-2	4.376354E-2	4.035192E+2	3.271484E+1	8.970000E+2
2.447805E+3	1.098000E+3	0.000000E+0	7.037525E-4	-2.800529E-2	4.376354E-2	4.035192E+2	3.273926E+1	8.970000E+2
2.462556E+3	1.104000E+3	0.000000E+0	-1.229479E-4	-1.259434E-2	4.376354E-2	4.035192E+2	3.271484E+1	8.970000E+2
2.464548E+3	1.110000E+3	0.000000E+0	-2.181282E-4	1.206988E-2	4.376354E-2	4.035192E+2	3.271484E+1	8.970000E+2
2.466538E+3	1.116000E+3	0.000000E+0	-6.082629E-5	1.722734E-2	4.376354E-2	4.035192E+2	3.269043E+1	8.970000E+2
2.468531E+3	1.122000E+3	0.000000E+0	1.183582E-3	-1.311541E-2	4.376354E-2	4.035192E+2	3.271484E+1	8.970000E+2
2.470416E+3	1.128000E+3	0.000000E+0	1.242430E-3	-4.517693E-2	4.376354E-2	4.035192E+2	3.271484E+1	8.970000E+2
2.472407E+3	1.134000E+3	0.000000E+0	-2.169597E-4	-1.468974E-2	4.376354E-2	4.035192E+2	3.271484E+1	8.970000E+2
2.474404E+3	1.140000E+3	0.000000E+0	1.064400E-3	8.344369E-2	4.376354E-2	4.035192E+2	3.271484E+1	8.970000E+2
2.476396E+3	1.146000E+3	0.000000E+0	7.732297E-4	1.691722E-1	4.376354E-2	4.035192E+2	3.271484E+1	8.970000E+2
2.478387E+3	1.152000E+3	0.000000E+0	-1.096993E-3	1.450456E-1	4.374596E-2	3.936961E+2	3.271484E+1	8.970000E+2
2.493335E+3	1.158000E+3	0.000000E+0	-1.284915E-3	3.069925E-2	4.374596E-2	4.035192E+2	3.271484E+1	8.970000E+2
2.495323E+3	1.164000E+3	0.000000E+0	1.045738E-3	-5.843177E-2	4.374596E-2	4.035192E+2	3.271484E+1	8.970000E+2
2.497319E+3	1.170000E+3	0.000000E+0	6.897193E-5	-6.026476E-2	4.374596E-2	4.035192E+2	3.269043E+1	8.970000E+2
2.499313E+3	1.176000E+3	0.000000E+0	5.963098E-4	-7.709975E-3	4.374596E-2	4.035192E+2	3.269043E+1	8.970000E+2
2.501194E+3	1.182000E+3	0.000000E+0	3.621755E-4	3.196382E-2	4.374596E-2	4.035192E+2	3.269043E+1	8.970000E+2
2.503191E+3	1.188000E+3	0.000000E+0	9.208766E-4	2.687185E-2	4.374596E-2	4.035192E+2	3.271484E+1	8.970000E+2
2.505189E+3	1.194000E+3	0.000000E+0	2.753904E-4	-8.800509E-3	5.276650E-2	4.035192E+2	3.271484E+1	8.970000E+2
2.507183E+3	1.200000E+3	0.000000E+0	-1.081908E-4	-3.040175E-2	5.276650E-2	4.035192E+2	3.271484E+1	8.970000E+2
2.509178E+3	1.206000E+3	0.000000E+0	3.160918E-4	-3.130215E-2	5.276650E-2	4.035192E+2	3.271484E+1	8.970000E+2
2.524032E+3	1.212000E+3	0.000000E+0	5.181443E-4	-2.307933E-2	5.276650E-2	4.035192E+2	3.266602E+1	8.970000E+2
2.526034E+3	1.218000E+3	0.000000E+0	2.337405E-4	-1.623863E-2	5.276650E-2	4.035192E+2	3.271484E+1	8.970000E+2
2.528140E+3	1.224000E+3	0.000000E+0	1.030774E-4	-1.152748E-2	5.276650E-2	4.035192E+2	3.266602E+1	8.970000E+2
2.530131E+3	1.230000E+3	0.000000E+0	-2.069828E-5	-8.522833E-3	5.276650E-2	3.936961E+2	3.266602E+1	8.970000E+2
2.532126E+3	1.236000E+3	0.000000E+0	1.025671E-4	-6.496947E-3	5.276650E-2	4.035192E+2	3.271484E+1	8.970000E+2
2.534119E+3	1.242000E+3	0.000000E+0	-3.442459E-5	-4.907013E-3	5.276650E-2	4.035192E+2	3.266602E+1	8.970000E+2
2.536003E+3	1.248000E+3	0.000000E+0	-3.911365E-5	-4.252495E-3	5.274892E-2	4.035192E+2	3.266602E+1	8.970000E+2
2.538002E+3	1.254000E+3	0.000000E+0	4.631793E-5	-4.102087E-3	5.274892E-2	4.035192E+2	3.266602E+1	8.970000E+2
2.539996E+3	1.260000E+3	0.000000E+0	6.642312E-5	-4.734469E-3	5.274892E-2	4.035192E+2	3.266602E+1	8.970000E+2
2.554852E+3	1.266000E+3	0.000000E+0	1.621128E-5	-6.693938E-3	5.274892E-2	4.035192E+2	3.266602E+1	8.980000E+2
2.556733E+3	1.272000E+3	0.000000E+0	1.068143E-4	-1.239210E-2	6.176946E-2	4.035192E+2	3.269043E+1	8.980000E+2
2.558834E+3	1.278000E+3	0.000000E+0	1.447926E-4	-1.834814E-2	6.176946E-2	4.035192E+2	3.266602E+1	8.980000E+2
2.560830E+3	1.284000E+3	0.000000E+0	-1.665131E-4	-1.071120E-2	6.176946E-2	4.035192E+2	3.271484E+1	8.980000E+2
2.562823E+3	1.290000E+3	0.000000E+0	-2.696475E-4	1.315773E-2	6.176946E-2	4.035192E+2	3.266602E+1	8.980000E+2
2.564816E+3	1.296000E+3	0.000000E+0	-3.133577E-4	3.803318E-2	6.176946E-2	4.035192E+2	3.266602E+1	8.980000E+2
2.566813E+3	1.302000E+3	0.000000E+0	-2.916478E-4	3.596560E-2	6.176946E-2	4.035192E+2	3.266602E+1	8.980000E+2
2.568802E+3	1.308000E+3	0.000000E+0	-2.474939E-4	1.230167E-2	6.175188E-2	4.035192E+2	3.266602E+1	8.980000E+2
2.570798E+3	1.314000E+3	0.000000E+0	-1.762550E-4	-1.057669E-2	6.175188E-2	4.035192E+2	3.266602E+1	8.980000E+2
2.585529E+3	1.320000E+3	0.000000E+0	1.518935E-4	-1.578807E-2	6.175188E-2	4.035192E+2	3.266602E+1	8.960000E+2
2.587525E+3	1.326000E+3	0.000000E+0	1.581397E-4	-1.163932E-2	6.175188E-2	4.035192E+2	3.266602E+1	8.960000E+2
2.589630E+3	1.332000E+3	0.000000E+0	-2.421348E-5	-7.032197E-3	6.175188E-2	3.936961E+2	3.266602E+1	8.960000E+2
2.591626E+3	1.338000E+3	0.000000E+0	5.474967E-5	-4.093712E-3	6.175188E-2	4.035192E+2	3.271484E+1	8.960000E+2
2.593510E+3	1.344000E+3	0.000000E+0	2.996301E-5	-2.571246E-3	6.175188E-2	4.035192E+2	3.271484E+1	8.960000E+2
2.595507E+3	1.350000E+3	0.000000E+0	-1.564208E-5	-1.846922E-3	6.175188E-2	4.035192E+2	3.271484E+1	8.960000E+2
2.597615E+3	1.356000E+3	0.000000E+0	8.288740E-6	-1.915822E-3	7.077242E-2	3.936961E+2	3.271484E+1	8.960000E+2
2.599608E+3	1.362000E+3	0.000000E+0	-2.834516E-5	-2.040585E-3	7.077242E-2	4.035192E+2	3.266602E+1	8.960000E+2
2.601599E+3	1.368000E+3	0.000000E+0	-7.739905E-5	-2.435145E-3	7.077242E-2	4.035192E+2	3.271484E+1	8.960000E+2
2.616333E+3	1.374000E+3	0.000000E+0	7.326150E-6	-3.332970E-3	7.077242E-2	4.035192E+2	3.271484E+1	8.970000E+2
2.618322E+3	1.380000E+3	0.000000E+0	9.663145E-5	-4.462423E-3	7.077242E-2	4.035192E+2	3.266602E+1	8.970000E+2
2.620203E+3	1.386000E+3	0.000000E+0	1.812234E-4	-5.564904E-3	7.077242E-2	4.035192E+2	3.269043E+1	8.970000E+2
2.622199E+3	1.392000E+3	0.000000E+0	3.971864E-4	-7.822659E-3	7.077242E-2	4.035192E+2	3.271484E+1	8.970000E+2
2.624194E+3	1.398000E+3	0.000000E+0	2.564765E-4	-1.365010E-2	7.077242E-2	4.035192E+2	3.271484E+1	8.970000E+2
2.626299E+3	1.404000E+3	0.000000E+0	2.472885E-4	-2.343873E-2	7.075484E-2	4.035192E+2	3.271484E+1	8.970000E+2
2.628294E+3	1.410000E+3	0.000000E+0	1.296997E-4	-3.517694E-2	7.075484E-2	4.035192E+2	3.266602E+1	8.970000E+2
2.630177E+3	1.416000E+3	0.000000E+0	1.586654E-4	-4.765505E-2	7.075484E-2	4.035192E+2	3.271484E+1	8.970000E+2
2.632172E+3	1.422000E+3	0.000000E+0	3.570620E-4	-4.335557E-2	7.075484E-2	4.035192E+2	3.266602E+1	8.970000E+2
2.647115E+3	1.428000E+3	0.000000E+0	2.513097E-4	4.612509E-3	7.075484E-2	4.035192E+2	3.271484E+1	8.970000E+2
2.649109E+3	1.434000E+3	0.000000E+0	1.513962E-3	9.373968E-2	7.075484E-2	4.035192E+2	3.269043E+1	8.970000E+2
2.651104E+3	1.440000E+3	0.000000E+0	-1.415978E-4	1.416644E-1	7.075484E-2	4.035192E+2	3.269043E+1	8.970000E+2
2.653099E+3	1.446000E+3	0.000000E+0	5.475667E-4	1.168187E-1	7.075484E-2	4.035192E+2	3.269043E+1	8.970000E+2
2.655094E+3	1.452000E+3	0.000000E+0	1.456757E-4	3.995788E-2	7.075484E-2	4.035192E+2	3.269043E+1	8.970000E+2
2.656982E+3	1.458000E+3	0.000000E+0	4.694237E-4	-2.904328E-2	7.075484E-2	4.035192E+2	3.266602E+1	8.970000E+2
2.658979E+3	1.464000E+3	0.000000E+0	1.200183E-3	-4.586543E-2	7.075484E-2	4.035192E+2	3.271484E+1	8.970000E+2
2.661093E+3	1.470000E+3	0.000000E+0	7.950333E-5	-4.083716E-2	7.075484E-2	4.035192E+2	3.269043E+1	8.970000E+2
2.663090E+3	1.476000E+3	0.000000E+0	2.356545E-4	-2.882026E-2	7.075484E-2	4.035192E+2	3.266602E+1	8.970000E+2
2.677929E+3	1.482000E+3	0.000000E+0	1.475484E-4	-2.254211E-2	7.075484E-2	4.035192E+2	3.271484E+1	8.970000E+2
2.679925E+3	1.488000E+3	0.000000E+0	-1.895290E-5	-2.228559E-2	7.075484E-2	4.035192E+2	3.266602E+1	8.970000E+2
2.681922E+3	1.494000E+3	0.000000E+0	3.746478E-4	-2.461079E-2	7.075484E-2	4.035192E+2	3.266602E+1	8.970000E+2
2.683914E+3	1.500000E+3	0.000000E+0	3.017623E-4	-1.670891E-2	7.075484E-2	4.035192E+2	3.266602E+1	8.970000E+2
2.685798E+3	1.506000E+3	0.000000E+0	-4.385296E-4	1.272774E-2	7.075484E-2	4.035192E+2	3.266602E+1	8.970000E+2
2.687791E+3	1.512000E+3	0.000000E+0	3.117459E-4	4.067957E-2	7.075484E-2	4.035192E+2	3.266602E+1	8.970000E+2
2.689784E+3	1.518000E+3	0.000000E+0	-1.076400E-3	3.914932E-2	7.075484E-2	4.035192E+2	3.266602E+1	8.970000E+2
2.691670E+3	1.524000E+3	0.000000E+0	2.515986E-5	9.805731E-3	7.075484E-2	4.035192E+2	3.266602E+1	8.970000E+2
2.693663E+3	1.530000E+3	0.000000E+0	-2.936686E-5	-1.400636E-2	7.075484E-2	4.035192E+2	3.266602E+1	8.970000E+2
2.708710E+3	1.536000E+3	0.000000E+0	-7.916324E-5	-1.479066E-2	7.075484E-2	4.035192E+2	3.266602E+1	8.960000E+2
2.710707E+3	1.542000E+3	0.000000E+0	-1.444304E-6	-8.570546E-3	7.075484E-2	4.035192E+2	3.266602E+1	8.960000E+2
2.712700E+3	1.548000E+3	0.000000E+0	-1.101285E-4	-6.220542E-3	7.075484E-2	4.035192E+2	3.269043E+1	8.960000E+2
2.714688E+3	1.554000E+3	0.000000E+0	-8.666939E-5	-5.924613E-3	7.075484E-2	4.035192E+2	3.269043E+1	8.960000E+2
2.716684E+3	1.560000E+3	0.000000E+0	4.135528E-5	-3.733053E-3	7.075484E-2	4.035192E+2	3.269043E+1	8.960000E+2
2.718678E+3	1.566000E+3	0.000000E+0	3.936264E-4	-4.562241E-4	7.977538E-2	4.035192E+2	3.269043E+1	8.960000E+2
2.720667E+3	1.572000E+3	0.000000E+0	4.225959E-4	1.049448E-3	7.075484E-2	4.035192E+2	3.269043E+1	8.960000E+2
2.722774E+3	1.578000E+3	0.000000E+0	1.915990E-4	8.598408E-4	7.977538E-2	4.035192E+2	3.269043E+1	8.960000E+2
2.724764E+3	1.584000E+3	0.000000E+0	-4.657307E-5	-3.120544E-4	7.977538E-2	4.035192E+2	3.269043E+1	8.960000E+2
2.739491E+3	1.590000E+3	0.000000E+0	-1.248817E-4	-1.162720E-3	7.977538E-2	4.035192E+2	3.269043E+1	8.970000E+2
2.741489E+3	1.596000E+3	0.000000E+0	-1.160908E-4	-1.258352E-3	7.977538E-2	4.035192E+2	3.269043E+1	8.970000E+2
2.743481E+3	1.602000E+3	0.000000E+0	-4.095637E-5	-1.004001E-3	7.977538E-2	4.035192E+2	3.269043E+1	8.970000E+2
2.745475E+3	1.608000E+3	0.000000E+0	-9.469523E-5	-6.501907E-4	7.977538E-2	4.035192E+2	3.269043E+1	8.970000E+2
2.747468E+3	1.614000E+3	0.000000E+0	-1.052617E-5	-5.225617E-4	7.975780E-2	4.035192E+2	3.269043E+1	8.970000E+2
2.749461E+3	1.620000E+3	0.000000E+0	-4.270513E-6	-4.318781E-4	7.977538E-2	4.035192E+2	3.269043E+1	8.970000E+2
2.751567E+3	1.626000E+3	0.000000E+0	-9.447829E-6	-3.392255E-4	7.975780E-2	4.035192E+2	3.266602E+1	8.970000E+2
2.753448E+3	1.632000E+3	0.000000E+0	-5.481891E-6	-3.408377E-4	7.975780E-2	4.035192E+2	3.266602E+1	8.970000E+2
2.755438E+3	1.638000E+3	0.000000E+0	6.220708E-5	-3.264857E-4	7.975780E-2	4.035192E+2	3.269043E+1	8.970000E+2
2.770293E+3	1.644000E+3	0.000000E+0	-2.269020E-5	-2.883133E-4	8.877834E-2	4.035192E+2	3.269043E+1	8.980000E+2
2.772279E+3	1.650000E+3	0.000000E+0	-1.274120E-5	-2.208590E-4	8.877834E-2	4.035192E+2	3.269043E+1	8.980000E+2
2.774276E+3	1.656000E+3	0.000000E+0	8.051184E-6	-2.238944E-4	8.877834E-2	3.936961E+2	3.269043E+1	8.980000E+2
2.776263E+3	1.662000E+3	0.000000E+0	-3.582428E-5	-3.670978E-4	8.877834E-2	4.035192E+2	3.271484E+1	8.980000E+2
2.778255E+3	1.668000E+3	0.000000E+0	7.802131E-6	-2.836786E-4	8.877834E-2	4.035192E+2	3.269043E+1	8.980000E+2
2.780141E+3	1.674000E+3	0.000000E+0	7.163473E-5	-1.660009E-4	8.876076E-2	4.035192E+2	3.269043E+1	8.980000E+2
2.782134E+3	1.680000E+3	0.000000E+0	-1.617666E-5	-3.074152E-5	8.876076E-2	3.936961E+2	3.271484E+1	8.980000E+2
2.784128E+3	1.686000E+3	0.000000E+0	-4.373663E-6	-2.295368E-4	8.876076E-2	4.035192E+2	3.271484E+1	8.980000E+2
2.786236E+3	1.692000E+3	0.000000E+0	-2.296960E-5	-4.201875E-4	8.876076E-2	3.936961E+2	3.271484E+1	8.980000E+2
2.801089E+3	1.698000E+3	0.000000E+0	-2.683045E-5	-5.628631E-4	8.876076E-2	4.035192E+2	3.269043E+1	8.970000E+2
2.803084E+3	1.704000E+3	0.000000E+0	1.242647E-5	-6.676647E-4	8.876076E-2	4.035192E+2	3.271484E+1	8.970000E+2
2.805074E+3	1.710000E+3	0.000000E+0	-5.314636E-5	-8.751401E-4	9.778130E-2	4.035192E+2	3.269043E+1	8.970000E+2
2.806959E+3	1.716000E+3	0.000000E+0	-8.487578E-5	-1.238375E-3	9.778130E-2	4.035192E+2	3.271484E+1	8.970000E+2
2.808955E+3	1.722000E+3	0.000000E+0	-1.530450E-4	-1.656816E-3	9.778130E-2	4.035192E+2	3.271484E+1	8.970000E+2
2.810948E+3	1.728000E+3	0.000000E+0	-1.778049E-4	-1.788959E-3	9.778130E-2	4.035192E+2	3.269043E+1	8.970000E+2
2.812939E+3	1.734000E+3	0.000000E+0	3.137704E-6	-6.097066E-4	9.778130E-2	4.035192E+2	3.271484E+1	8.970000E+2
2.814932E+3	1.740000E+3	0.000000E+0	3.037016E-4	1.234311E-3	9.778130E-2	4.035192E+2	3.269043E+1	8.970000E+2
2.816928E+3	1.746000E+3	0.000000E+0	4.696908E-4	1.815898E-3	9.778130E-2	4.035192E+2	3.271484E+1	8.970000E+2
2.831987E+3	1.752000E+3	0.000000E+0	3.470157E-4	8.496335E-5	9.778130E-2	4.035192E+2	3.269043E+1	8.970000E+2
2.833980E+3	1.758000E+3	0.000000E+0	-1.807311E-5	-3.194236E-3	9.778130E-2	4.035192E+2	3.269043E+1	8.970000E+2
2.835973E+3	1.764000E+3	0.000000E+0	-1.563328E-4	-5.653215E-3	9.778130E-2	4.035192E+2	3.269043E+1	8.970000E+2
2.837964E+3	1.770000E+3	0.000000E+0	9.771812E-6	-7.292513E-3	9.778130E-2	4.035192E+2	3.271484E+1	8.970000E+2
2.839955E+3	1.776000E+3	0.000000E+0	-1.182853E-4	-5.876498E-3	9.778130E-2	4.035192E+2	3.269043E+1	8.970000E+2
2.841961E+3	1.782000E+3	0.000000E+0	3.158381E-5	-1.963503E-3	9.778130E-2	4.035192E+2	3.269043E+1	8.970000E+2
2.843955E+3	1.788000E+3	0.000000E+0	1.157579E-4	-1.862899E-3	9.778130E-2	4.035192E+2	3.269043E+1	8.970000E+2
2.845945E+3	1.794000E+3	0.000000E+0	-3.961453E-5	-9.523596E-3	9.778130E-2	4.035192E+2	3.269043E+1	8.970000E+2
2.847942E+3	1.800000E+3	0.000000E+0	8.061149E-5	-3.103883E-2	9.778130E-2	4.035192E+2	3.269043E+1	8.970000E+2
2.862794E+3	1.806000E+3	0.000000E+0	4.565893E-4	-6.894177E-2	9.778130E-2	4.035192E+2	3.271484E+1	8.970000E+2
2.864784E+3	1.812000E+3	0.000000E+0	2.853148E-3	-1.434836E-1	9.778130E-2	4.035192E+2	3.269043E+1	8.970000E+2
2.866886E+3	1.818000E+3	0.000000E+0	1.854069E-3	-2.586559E-1	9.778130E-2	4.035192E+2	3.266602E+1	8.970000E+2
2.868770E+3	1.824000E+3	0.000000E+0	-7.145968E-4	-2.069282E-1	9.778130E-2	3.936961E+2	3.269043E+1	8.970000E+2
2.870765E+3	1.830000E+3	0.000000E+0	1.410357E-3	1.767534E-1	9.778130E-2	4.035192E+2	3.271484E+1	8.970000E+2
2.872759E+3	1.836000E+3	0.000000E+0	-8.071722E-3	6.077236E-1	9.778130E-2	4.035192E+2	3.266602E+1	8.970000E+2
2.874754E+3	1.842000E+3	0.000000E+0	1.028946E-2	5.587451E-1	8.876076E-2	4.035192E+2	3.266602E+1	8.970000E+2
2.876747E+3	1.848000E+3	0.000000E+0	5.792783E-3	5.272868E-2	8.876076E-2	4.035192E+2	3.271484E+1	8.970000E+2
2.878736E+3	1.854000E+3	0.000000E+0	5.797747E-3	-2.894457E-1	9.778130E-2	4.035192E+2	3.266602E+1	8.970000E+2
2.893583E+3	1.860000E+3	0.000000E+0	2.837693E-3	-2.834211E-1	9.778130E-2	4.035192E+2	3.266602E+1	8.970000E+2
2.895466E+3	1.866000E+3	0.000000E+0	5.736800E-4	-1.888426E-1	8.876076E-2	4.035192E+2	3.266602E+1	8.970000E+2
2.897452E+3	1.872000E+3	0.000000E+0	1.091861E-3	-1.764526E-1	8.876076E-2	4.035192E+2	3.266602E+1	8.970000E+2
2.899449E+3	1.878000E+3	0.000000E+0	4.327695E-3	-2.320399E-1	8.876076E-2	4.035192E+2	3.266602E+1	8.970000E+2
2.901444E+3	1.884000E+3	0.000000E+0	1.029728E-2	-3.018801E-1	9.778130E-2	4.035192E+2	3.266602E+1	8.970000E+2
2.903327E+3	1.890000E+3	0.000000E+0	2.940110E-3	-2.039945E-1	8.876076E-2	4.035192E+2	3.266602E+1	8.970000E+2
2.905430E+3	1.896000E+3	0.000000E+0	-3.742010E-3	2.105039E-1	8.876076E-2	4.035192E+2	3.266602E+1	8.970000E+2
2.907421E+3	1.902000E+3	0.000000E+0	2.837769E-3	7.076424E-1	9.778130E-2	4.035192E+2	3.266602E+1	8.970000E+2
2.909417E+3	1.908000E+3	0.000000E+0	-3.934296E-3	7.865192E-1	9.778130E-2	4.035192E+2	3.266602E+1	8.970000E+2
2.924372E+3	1.914000E+3	0.000000E+0	4.403762E-3	3.679678E-1	9.778130E-2	3.936961E+2	3.266602E+1	8.970000E+2
2.926363E+3	1.920000E+3	0.000000E+0	-2.589294E-3	-1.142648E-1	9.774614E-2	4.035192E+2	3.266602E+1	8.970000E+2
2.928360E+3	1.926000E+3	0.000000E+0	4.578910E-3	-2.996185E-1	9.776372E-2	4.035192E+2	3.266602E+1	8.970000E+2
2.930467E+3	1.932000E+3	0.000000E+0	4.311945E-3	-2.608411E-1	9.776372E-2	4.035192E+2	3.266602E+1	8.970000E+2
2.932462E+3	1.938000E+3	0.000000E+0	2.931910E-3	-1.950226E-1	9.776372E-2	4.035192E+2	3.266602E+1	8.970000E+2
2.934348E+3	1.944000E+3	0.000000E+0	1.490412E-4	-1.848884E-1	1.067843E-1	4.035192E+2	3.266602E+1	8.970000E+2
2.936338E+3	1.950000E+3	0.000000E+0	-9.840878E-4	-1.654852E-1	1.067843E-1	4.035192E+2	3.266602E+1	8.970000E+2
2.938437E+3	1.956000E+3	0.000000E+0	3.554811E-3	-2.933094E-2	1.067843E-1	4.035192E+2	3.266602E+1	8.970000E+2
2.940434E+3	1.962000E+3	0.000000E+0	2.982605E-3	1.432378E-1	1.067843E-1	4.035192E+2	3.266602E+1	8.970000E+2
2.955163E+3	1.968000E+3	0.000000E+0	-3.171864E-3	1.091748E-1	1.067843E-1	4.035192E+2	3.266602E+1	8.980000E+2
2.957159E+3	1.974000E+3	0.000000E+0	8.689817E-4	-1.171079E-1	1.067843E-1	3.936961E+2	3.266602E+1	8.980000E+2
2.959147E+3	1.980000E+3	0.000000E+0	1.294595E-3	-2.443939E-1	1.067667E-1	4.035192E+2	3.266602E+1	8.980000E+2
2.961141E+3	1.986000E+3	0.000000E+0	-3.006883E-3	-1.067157E-1	1.067667E-1	4.035192E+2	3.266602E+1	8.980000E+2
2.963135E+3	1.992000E+3	0.000000E+0	5.390482E-3	1.882189E-1	1.067667E-1	4.035192E+2	3.266602E+1	8.980000E+2
2.965237E+3	1.998000E+3	0.000000E+0	-5.014971E-4	3.856542E-1	1.067667E-1	4.035192E+2	3.266602E+1	8.980000E+2
2.967226E+3	2.004000E+3	0.000000E+0	6.721434E-5	3.449776E-1	1.158177E-1	4.035192E+2	3.266602E+1	8.980000E+2
2.969110E+3	2.010000E+3	0.000000E+0	3.399138E-3	3.029089E-2	1.158177E-1	4.035192E+2	3.266602E+1	8.980000E+2
2.971103E+3	2.016000E+3	0.000000E+0	3.511769E-3	-1.329271E-1	1.158177E-1	4.035192E+2	3.266602E+1	8.980000E+2
2.985944E+3	2.022000E+3	0.000000E+0	2.119742E-3	-1.435005E-1	1.158177E-1	3.936961E+2	3.261719E+1	8.980000E+2
2.987938E+3	2.028000E+3	0.000000E+0	9.652035E-4	-9.224629E-2	1.158177E-1	4.035192E+2	3.266602E+1	8.980000E+2
2.989928E+3	2.034000E+3	0.000000E+0	6.031431E-4	-4.553647E-2	1.158177E-1	4.035192E+2	3.266602E+1	8.980000E+2
2.991923E+3	2.040000E+3	0.000000E+0	4.547289E-4	-1.980725E-2	1.158177E-1	4.035192E+2	3.266602E+1	8.980000E+2
2.993917E+3	2.046000E+3	0.000000E+0	-6.370663E-5	-1.346612E-2	1.158177E-1	4.035192E+2	3.266602E+1	8.980000E+2
2.996024E+3	2.052000E+3	0.000000E+0	2.286091E-4	-2.100518E-2	1.158177E-1	4.035192E+2	3.266602E+1	8.980000E+2
2.997899E+3	2.058000E+3	0.000000E+0	3.199845E-4	-3.042102E-2	1.158177E-1	4.035192E+2	3.266602E+1	8.980000E+2
2.999894E+3	2.064000E+3	0.000000E+0	3.505336E-4	-3.853817E-2	1.158177E-1	4.035192E+2	3.266602E+1	8.980000E+2
3.001886E+3	2.070000E+3	0.000000E+0	2.120924E-4	-3.267989E-2	1.158177E-1	4.035192E+2	3.266602E+1	8.980000E+2
3.016836E+3	2.076000E+3	0.000000E+0	-3.786079E-4	1.002641E-2	1.158177E-1	3.936961E+2	3.266602E+1	8.970000E+2
3.018714E+3	2.082000E+3	0.000000E+0	-2.374799E-4	4.353734E-2	1.158177E-1	4.035192E+2	3.269043E+1	8.970000E+2
3.020707E+3	2.088000E+3	0.000000E+0	6.210335E-4	2.680456E-2	1.158177E-1	4.035192E+2	3.269043E+1	8.970000E+2
3.022702E+3	2.094000E+3	0.000000E+0	-9.862415E-4	-5.402250E-3	1.158177E-1	4.035192E+2	3.269043E+1	8.970000E+2
3.024584E+3	2.100000E+3	0.000000E+0	6.411433E-4	1.768624E-3	1.158177E-1	4.035192E+2	3.269043E+1	8.970000E+2
3.026576E+3	2.106000E+3	0.000000E+0	-4.597081E-4	2.895140E-2	1.158177E-1	4.035192E+2	3.269043E+1	8.970000E+2
3.028568E+3	2.112000E+3	0.000000E+0	-1.445613E-4	3.375149E-2	1.158177E-1	4.035192E+2	3.269043E+1	8.970000E+2
3.030562E+3	2.118000E+3	0.000000E+0	-7.403847E-4	1.606246E-2	1.158177E-1	4.035192E+2	3.269043E+1	8.970000E+2
3.032558E+3	2.124000E+3	0.000000E+0	-1.223251E-4	5.167264E-3	1.158177E-1	4.035192E+2	3.269043E+1	8.970000E+2
3.047620E+3	2.130000E+3	0.000000E+0	5.110206E-4	-3.823486E-3	1.158177E-1	4.035192E+2	3.266602E+1	8.970000E+2
