4.664255E+3	2.136000E+3	0.000000E+0	7.741865E-4	-3.948138E-2	1.158177E-1	4.035192E+2	4.348145E+1	8.970000E+2
4.679411E+3	7.680000E+2	0.000000E+0	-1.060872E-4	-3.736978E-4	2.575762E-2	4.035192E+2	4.348145E+1	8.990000E+2
4.681400E+3	7.740000E+2	0.000000E+0	-6.135649E-5	-1.749501E-4	2.575762E-2	4.035192E+2	4.348145E+1	8.990000E+2
4.683284E+3	7.800000E+2	0.000000E+0	-5.706631E-5	-1.270136E-4	2.575762E-2	4.035192E+2	4.350586E+1	8.990000E+2
4.685278E+3	7.860000E+2	0.000000E+0	-2.743807E-5	8.816424E-5	2.575762E-2	4.035192E+2	4.350586E+1	8.990000E+2
4.687274E+3	7.920000E+2	0.000000E+0	-6.358133E-5	1.370178E-4	2.575762E-2	4.035192E+2	4.350586E+1	8.990000E+2
4.689270E+3	7.980000E+2	0.000000E+0	-9.935940E-6	3.965561E-4	2.572245E-2	4.035192E+2	4.350586E+1	8.990000E+2
4.691155E+3	8.040000E+2	0.000000E+0	1.425565E-5	4.909112E-4	2.572245E-2	4.035192E+2	4.350586E+1	8.990000E+2
4.693148E+3	8.100000E+2	0.000000E+0	5.388071E-5	5.504335E-4	2.572245E-2	4.035192E+2	4.350586E+1	8.990000E+2
4.695141E+3	8.160000E+2	0.000000E+0	1.053231E-4	5.557176E-4	2.572245E-2	4.035192E+2	4.348145E+1	8.990000E+2
4.710954E+3	8.220000E+2	0.000000E+0	5.434509E-5	4.544055E-4	2.575762E-2	4.035192E+2	4.350586E+1	8.970000E+2
4.712948E+3	8.280000E+2	0.000000E+0	-1.214055E-5	2.421393E-4	2.575762E-2	4.035192E+2	4.350586E+1	8.970000E+2
4.714943E+3	8.340000E+2	0.000000E+0	3.590705E-5	9.355975E-6	2.575762E-2	4.035192E+2	4.350586E+1	8.970000E+2
4.716933E+3	8.400000E+2	0.000000E+0	-1.826278E-5	-3.228799E-4	2.575762E-2	4.035192E+2	4.350586E+1	8.970000E+2
4.718924E+3	8.460000E+2	0.000000E+0	-2.726395E-6	-5.505501E-4	2.575762E-2	4.035192E+2	4.350586E+1	8.970000E+2
4.720913E+3	8.520000E+2	0.000000E+0	3.653888E-6	-8.574087E-4	2.574004E-2	4.035192E+2	4.350586E+1	8.970000E+2
4.722905E+3	8.580000E+2	0.000000E+0	-3.147165E-5	-1.081593E-3	2.575762E-2	4.035192E+2	4.350586E+1	8.970000E+2
4.724895E+3	8.640000E+2	0.000000E+0	-8.176627E-5	-1.259143E-3	2.574004E-2	4.035192E+2	4.350586E+1	8.970000E+2
4.726889E+3	8.700000E+2	0.000000E+0	-2.065670E-5	-1.543994E-3	3.476058E-2	4.035192E+2	4.350586E+1	8.970000E+2
4.742263E+3	8.760000E+2	0.000000E+0	1.529815E-5	-1.798101E-3	3.476058E-2	4.035192E+2	4.350586E+1	8.970000E+2
4.744259E+3	8.820000E+2	0.000000E+0	4.332125E-6	-2.353189E-3	3.476058E-2	4.035192E+2	4.350586E+1	8.970000E+2
4.746250E+3	8.880000E+2	0.000000E+0	9.282069E-6	-3.157675E-3	3.476058E-2	4.035192E+2	4.350586E+1	8.970000E+2
4.748233E+3	8.940000E+2	0.000000E+0	4.332194E-5	-4.080627E-3	3.476058E-2	4.035192E+2	4.350586E+1	8.970000E+2
4.750216E+3	9.000000E+2	0.000000E+0	3.353180E-5	-5.448373E-3	3.476058E-2	4.035192E+2	4.350586E+1	8.970000E+2
4.752203E+3	9.060000E+2	0.000000E+0	1.066535E-4	-6.040167E-3	3.476058E-2	4.035192E+2	4.350586E+1	8.970000E+2
4.754082E+3	9.120000E+2	0.000000E+0	4.382537E-5	-5.521777E-3	3.476058E-2	4.035192E+2	4.350586E+1	8.970000E+2
4.756075E+3	9.180000E+2	0.000000E+0	3.353131E-6	-3.992385E-3	3.476058E-2	4.035192E+2	4.350586E+1	8.970000E+2
4.758072E+3	9.240000E+2	0.000000E+0	-7.348137E-5	-1.064838E-3	3.476058E-2	4.035192E+2	4.350586E+1	8.970000E+2
4.773573E+3	9.300000E+2	0.000000E+0	4.893709E-5	2.206052E-3	3.476058E-2	4.035192E+2	4.350586E+1	8.980000E+2
4.775563E+3	9.360000E+2	0.000000E+0	4.038929E-6	5.063658E-3	3.476058E-2	4.035192E+2	4.350586E+1	8.980000E+2
4.777551E+3	9.420000E+2	0.000000E+0	7.954807E-5	7.156281E-3	3.476058E-2	4.035192E+2	4.350586E+1	8.980000E+2
4.779425E+3	9.480000E+2	0.000000E+0	4.750264E-5	8.019233E-3	3.474300E-2	4.035192E+2	4.350586E+1	8.980000E+2
4.781417E+3	9.540000E+2	0.000000E+0	9.179923E-5	7.442671E-3	3.476058E-2	4.035192E+2	4.350586E+1	8.980000E+2
4.783407E+3	9.600000E+2	0.000000E+0	5.224194E-5	5.576080E-3	3.474300E-2	4.035192E+2	4.350586E+1	8.980000E+2
4.785399E+3	9.660000E+2	0.000000E+0	-4.320672E-5	2.449537E-3	3.474300E-2	3.936961E+2	4.350586E+1	8.980000E+2
4.787279E+3	9.720000E+2	0.000000E+0	-5.878520E-5	-1.503386E-3	3.474300E-2	4.035192E+2	4.350586E+1	8.980000E+2
4.789272E+3	9.780000E+2	0.000000E+0	-6.634756E-5	-4.971453E-3	3.474300E-2	4.035192E+2	4.350586E+1	8.980000E+2
4.805008E+3	9.840000E+2	0.000000E+0	-5.609693E-5	-8.355301E-3	3.474300E-2	4.035192E+2	4.348145E+1	8.970000E+2
4.807004E+3	9.900000E+2	0.000000E+0	-4.532692E-5	-1.033372E-2	3.474300E-2	4.035192E+2	4.350586E+1	8.970000E+2
4.808988E+3	9.960000E+2	0.000000E+0	1.812101E-4	-1.135795E-2	3.474300E-2	4.035192E+2	4.350586E+1	8.970000E+2
4.810982E+3	1.002000E+3	0.000000E+0	1.220049E-4	-1.163676E-2	3.474300E-2	4.035192E+2	4.350586E+1	8.970000E+2
4.812866E+3	1.008000E+3	0.000000E+0	5.759070E-5	-1.167661E-2	4.376354E-2	4.035192E+2	4.350586E+1	8.970000E+2
4.814854E+3	1.014000E+3	0.000000E+0	2.102462E-4	-1.260701E-2	4.376354E-2	4.035192E+2	4.350586E+1	8.970000E+2
4.816735E+3	1.020000E+3	0.000000E+0	4.809139E-4	-1.436995E-2	3.474300E-2	4.035192E+2	4.350586E+1	8.970000E+2
4.818727E+3	1.026000E+3	0.000000E+0	5.553837E-4	-1.836724E-2	4.376354E-2	4.035192E+2	4.350586E+1	8.970000E+2
4.820716E+3	1.032000E+3	0.000000E+0	7.201817E-4	-2.328837E-2	4.376354E-2	4.035192E+2	4.350586E+1	8.970000E+2
4.836311E+3	1.038000E+3	0.000000E+0	3.286638E-4	-3.160707E-2	4.376354E-2	4.035192E+2	4.350586E+1	8.970000E+2
4.838416E+3	1.044000E+3	0.000000E+0	7.463644E-4	-4.452560E-2	4.376354E-2	4.035192E+2	4.350586E+1	8.970000E+2
4.840403E+3	1.050000E+3	0.000000E+0	1.056287E-3	-6.048673E-2	4.376354E-2	4.035192E+2	4.350586E+1	8.970000E+2
4.842393E+3	1.056000E+3	0.000000E+0	8.060834E-4	-8.203354E-2	4.376354E-2	4.035192E+2	4.350586E+1	8.970000E+2
4.844385E+3	1.062000E+3	0.000000E+0	1.499409E-3	-1.084678E-1	4.376354E-2	4.035192E+2	4.355469E+1	8.970000E+2
4.846376E+3	1.068000E+3	0.000000E+0	2.104833E-3	-1.378397E-1	4.376354E-2	4.035192E+2	4.350586E+1	8.970000E+2
4.848368E+3	1.074000E+3	0.000000E+0	1.807400E-3	-1.614197E-1	4.376354E-2	4.035192E+2	4.350586E+1	8.970000E+2
4.850355E+3	1.080000E+3	0.000000E+0	2.817327E-3	-1.691941E-1	4.376354E-2	4.035192E+2	4.350586E+1	8.970000E+2
4.852343E+3	1.086000E+3	0.000000E+0	2.925876E-3	-1.689262E-1	4.376354E-2	4.035192E+2	4.355469E+1	8.970000E+2
4.867731E+3	1.092000E+3	0.000000E+0	4.602013E-3	-1.675656E-1	4.376354E-2	4.035192E+2	4.350586E+1	8.980000E+2
4.869728E+3	1.098000E+3	0.000000E+0	4.402173E-3	-1.690433E-1	4.376354E-2	4.035192E+2	4.350586E+1	8.980000E+2
4.871613E+3	1.104000E+3	0.000000E+0	4.704978E-3	-1.505657E-1	4.376354E-2	4.035192E+2	4.350586E+1	8.980000E+2
4.873601E+3	1.110000E+3	0.000000E+0	4.578135E-3	-8.117425E-2	4.376354E-2	4.035192E+2	4.355469E+1	8.980000E+2
4.875590E+3	1.116000E+3	0.000000E+0	2.106968E-3	3.563648E-2	4.376354E-2	4.035192E+2	4.355469E+1	8.980000E+2
4.877579E+3	1.122000E+3	0.000000E+0	3.750856E-3	1.667687E-1	4.376354E-2	4.035192E+2	4.355469E+1	8.980000E+2
4.879570E+3	1.128000E+3	0.000000E+0	2.511168E-3	2.888031E-1	4.376354E-2	4.035192E+2	4.355469E+1	8.980000E+2
4.881442E+3	1.134000E+3	0.000000E+0	6.174639E-4	3.827392E-1	4.376354E-2	4.035192E+2	4.350586E+1	8.980000E+2
4.883429E+3	1.140000E+3	0.000000E+0	8.571278E-4	4.355242E-1	4.376354E-2	3.936961E+2	4.355469E+1	8.980000E+2
4.899036E+3	1.146000E+3	0.000000E+0	9.193105E-6	4.626500E-1	4.374596E-2	4.035192E+2	4.355469E+1	8.970000E+2
4.901029E+3	1.152000E+3	0.000000E+0	-1.072882E-3	4.483539E-1	4.374596E-2	4.035192E+2	4.355469E+1	8.970000E+2
4.903021E+3	1.158000E+3	0.000000E+0	-2.451999E-4	3.987041E-1	4.376354E-2	4.035192E+2	4.350586E+1	8.970000E+2
4.905012E+3	1.164000E+3	0.000000E+0	1.277955E-4	3.338257E-1	4.374596E-2	4.035192E+2	4.350586E+1	8.970000E+2
4.907009E+3	1.170000E+3	0.000000E+0	-7.667794E-4	2.305946E-1	4.374596E-2	4.035192E+2	4.350586E+1	8.970000E+2
4.909113E+3	1.176000E+3	0.000000E+0	-1.330226E-4	1.071170E-1	5.276650E-2	4.035192E+2	4.350586E+1	8.970000E+2
4.911000E+3	1.182000E+3	0.000000E+0	3.070863E-3	3.890733E-3	5.276650E-2	4.035192E+2	4.355469E+1	8.970000E+2
4.912987E+3	1.188000E+3	0.000000E+0	4.970380E-3	-9.964323E-2	4.374596E-2	4.035192E+2	4.350586E+1	8.970000E+2
4.914975E+3	1.194000E+3	0.000000E+0	3.803077E-3	-1.405927E-1	4.374596E-2	4.035192E+2	4.350586E+1	8.970000E+2
4.930468E+3	1.200000E+3	0.000000E+0	1.998652E-3	-1.461066E-1	5.276650E-2	4.035192E+2	4.350586E+1	8.970000E+2
4.932459E+3	1.206000E+3	0.000000E+0	3.665956E-3	-1.424946E-1	5.276650E-2	4.035192E+2	4.350586E+1	8.970000E+2
4.934452E+3	1.212000E+3	0.000000E+0	1.655506E-3	-1.488383E-1	5.273134E-2	4.035192E+2	4.350586E+1	8.970000E+2
4.936450E+3	1.218000E+3	0.000000E+0	9.116559E-4	-1.603110E-1	5.273134E-2	4.035192E+2	4.355469E+1	8.970000E+2
4.938442E+3	1.224000E+3	0.000000E+0	1.568272E-3	-1.619459E-1	5.273134E-2	4.035192E+2	4.355469E+1	8.970000E+2
4.940432E+3	1.230000E+3	0.000000E+0	1.739887E-3	-1.496303E-1	5.273134E-2	4.035192E+2	4.350586E+1	8.970000E+2
4.942424E+3	1.236000E+3	0.000000E+0	1.051214E-3	-1.250920E-1	5.274892E-2	4.035192E+2	4.350586E+1	8.970000E+2
4.944414E+3	1.242000E+3	0.000000E+0	9.089194E-4	-1.012191E-1	5.274892E-2	4.035192E+2	4.350586E+1	8.970000E+2
4.946287E+3	1.248000E+3	0.000000E+0	7.297989E-4	-9.325878E-2	5.274892E-2	4.035192E+2	4.355469E+1	8.970000E+2
4.961888E+3	1.254000E+3	0.000000E+0	2.883501E-4	-8.862869E-2	5.274892E-2	4.035192E+2	4.355469E+1	8.970000E+2
4.963877E+3	1.260000E+3	0.000000E+0	5.857578E-4	-8.022336E-2	6.176946E-2	4.035192E+2	4.350586E+1	8.970000E+2
4.965755E+3	1.266000E+3	0.000000E+0	3.380941E-4	-5.790436E-2	6.176946E-2	4.035192E+2	4.355469E+1	8.970000E+2
4.967743E+3	1.272000E+3	0.000000E+0	-2.529483E-4	-2.880766E-2	6.173430E-2	4.035192E+2	4.355469E+1	8.970000E+2
4.969733E+3	1.278000E+3	0.000000E+0	-2.014085E-5	6.009773E-3	6.173430E-2	4.035192E+2	4.355469E+1	8.970000E+2
4.971610E+3	1.284000E+3	0.000000E+0	2.545932E-4	3.485344E-2	6.173430E-2	4.035192E+2	4.355469E+1	8.970000E+2
4.973594E+3	1.290000E+3	0.000000E+0	3.053539E-4	5.527128E-2	6.173430E-2	4.035192E+2	4.355469E+1	8.970000E+2
4.975586E+3	1.296000E+3	0.000000E+0	4.395587E-4	7.032754E-2	6.173430E-2	4.035192E+2	4.355469E+1	8.970000E+2
4.977463E+3	1.302000E+3	0.000000E+0	4.741385E-4	7.118018E-2	6.173430E-2	4.035192E+2	4.355469E+1	8.970000E+2
4.993185E+3	1.308000E+3	0.000000E+0	-7.538441E-5	6.179683E-2	6.173430E-2	4.035192E+2	4.355469E+1	8.970000E+2
4.995177E+3	1.314000E+3	0.000000E+0	3.594800E-5	4.206322E-2	6.176946E-2	4.035192E+2	4.355469E+1	8.970000E+2
4.997165E+3	1.320000E+3	0.000000E+0	1.368199E-4	1.495312E-2	6.175188E-2	4.035192E+2	4.355469E+1	8.970000E+2
4.999157E+3	1.326000E+3	0.000000E+0	-4.690556E-4	-1.364143E-2	6.175188E-2	4.035192E+2	4.355469E+1	8.970000E+2
5.001148E+3	1.332000E+3	0.000000E+0	-3.671922E-4	-3.960204E-2	6.175188E-2	4.035192E+2	4.355469E+1	8.970000E+2
5.003137E+3	1.338000E+3	0.000000E+0	7.924166E-6	-5.709569E-2	6.175188E-2	4.035192E+2	4.355469E+1	8.970000E+2
5.005124E+3	1.344000E+3	0.000000E+0	4.201558E-4	-6.030162E-2	7.077242E-2	4.035192E+2	4.355469E+1	8.970000E+2
5.007005E+3	1.350000E+3	0.000000E+0	2.795842E-4	-5.140047E-2	7.077242E-2	4.035192E+2	4.355469E+1	8.970000E+2
5.009007E+3	1.356000E+3	0.000000E+0	1.911818E-4	-4.344000E-2	7.077242E-2	4.035192E+2	4.355469E+1	8.970000E+2
5.024495E+3	1.362000E+3	0.000000E+0	1.840513E-4	-4.101787E-2	7.077242E-2	4.035192E+2	4.355469E+1	8.970000E+2
5.026495E+3	1.368000E+3	0.000000E+0	4.383986E-4	-4.770700E-2	7.077242E-2	4.035192E+2	4.355469E+1	8.970000E+2
5.028489E+3	1.374000E+3	0.000000E+0	1.020384E-3	-6.449576E-2	7.077242E-2	4.035192E+2	4.355469E+1	8.970000E+2
5.030481E+3	1.380000E+3	0.000000E+0	1.696924E-3	-9.266098E-2	7.077242E-2	4.035192E+2	4.355469E+1	8.970000E+2
5.032476E+3	1.386000E+3	0.000000E+0	1.604206E-3	-1.343593E-1	7.077242E-2	4.035192E+2	4.355469E+1	8.970000E+2
5.034472E+3	1.392000E+3	0.000000E+0	2.335291E-3	-1.769561E-1	7.077242E-2	4.035192E+2	4.355469E+1	8.970000E+2
5.036459E+3	1.398000E+3	0.000000E+0	2.124071E-3	-1.955447E-1	7.077242E-2	4.035192E+2	4.355469E+1	8.970000E+2
5.038455E+3	1.404000E+3	0.000000E+0	1.914357E-3	-1.661809E-1	7.077242E-2	4.035192E+2	4.355469E+1	8.970000E+2
5.040450E+3	1.410000E+3	0.000000E+0	7.562432E-4	-8.792182E-2	7.075484E-2	4.035192E+2	4.355469E+1	8.970000E+2
5.055944E+3	1.416000E+3	0.000000E+0	2.431681E-3	2.365154E-2	7.075484E-2	4.035192E+2	4.355469E+1	8.970000E+2
5.057826E+3	1.422000E+3	0.000000E+0	1.276748E-3	1.545338E-1	7.075484E-2	4.035192E+2	4.355469E+1	8.970000E+2
5.059823E+3	1.428000E+3	0.000000E+0	2.182051E-3	2.622697E-1	7.075484E-2	4.035192E+2	4.355469E+1	8.970000E+2
5.061813E+3	1.434000E+3	0.000000E+0	1.405070E-4	3.412672E-1	7.075484E-2	4.035192E+2	4.355469E+1	8.970000E+2
5.063802E+3	1.440000E+3	0.000000E+0	4.673351E-4	3.743294E-1	7.075484E-2	4.035192E+2	4.355469E+1	8.970000E+2
5.065685E+3	1.446000E+3	0.000000E+0	6.379876E-4	3.653402E-1	7.075484E-2	4.035192E+2	4.355469E+1	8.970000E+2
5.067682E+3	1.452000E+3	0.000000E+0	9.987761E-4	2.854531E-1	7.075484E-2	4.035192E+2	4.355469E+1	8.970000E+2
5.069782E+3	1.458000E+3	0.000000E+0	1.418557E-3	1.837809E-1	7.075484E-2	4.035192E+2	4.355469E+1	8.970000E+2
5.071769E+3	1.464000E+3	0.000000E+0	-2.351325E-3	5.445488E-2	7.075484E-2	4.035192E+2	4.355469E+1	8.970000E+2
5.087121E+3	1.470000E+3	0.000000E+0	-8.055001E-4	-9.060382E-2	7.075484E-2	3.936961E+2	4.355469E+1	8.970000E+2
5.088828E+3	1.476000E+3	0.000000E+0	-8.413898E-4	-1.812142E-1	7.075484E-2	4.035192E+2	4.355469E+1	8.970000E+2
5.090632E+3	1.482000E+3	0.000000E+0	1.033783E-3	-2.188102E-1	7.075484E-2	4.035192E+2	4.355469E+1	8.970000E+2
5.092442E+3	1.488000E+3	0.000000E+0	1.171330E-3	-1.902689E-1	7.075484E-2	4.035192E+2	4.355469E+1	8.970000E+2
5.094250E+3	1.494000E+3	0.000000E+0	3.013012E-4	-1.257054E-1	7.075484E-2	4.035192E+2	4.355469E+1	8.970000E+2
5.096052E+3	1.500000E+3	0.000000E+0	5.008524E-4	-5.498269E-2	7.075484E-2	4.035192E+2	4.355469E+1	8.970000E+2
5.097860E+3	1.506000E+3	0.000000E+0	6.334732E-4	1.615774E-3	7.075484E-2	4.035192E+2	4.355469E+1	8.970000E+2
5.099668E+3	1.512000E+3	0.000000E+0	2.156652E-4	3.876042E-2	7.075484E-2	4.035192E+2	4.355469E+1	8.970000E+2
5.101479E+3	1.518000E+3	0.000000E+0	4.205956E-4	5.439063E-2	7.075484E-2	4.035192E+2	4.355469E+1	8.970000E+2
5.103184E+3	1.524000E+3	0.000000E+0	3.848588E-5	5.307655E-2	7.075484E-2	4.035192E+2	4.355469E+1	8.970000E+2
5.118433E+3	1.530000E+3	0.000000E+0	-4.639050E-4	3.821019E-2	7.075484E-2	4.035192E+2	4.355469E+1	8.980000E+2
5.120242E+3	1.536000E+3	0.000000E+0	-1.005929E-3	1.545276E-2	7.075484E-2	4.035192E+2	4.355469E+1	8.980000E+2
5.122286E+3	1.542000E+3	0.000000E+0	-5.501463E-4	-1.151657E-2	7.075484E-2	4.035192E+2	4.355469E+1	8.980000E+2
5.124169E+3	1.548000E+3	0.000000E+0	-3.370781E-4	-3.617014E-2	7.977538E-2	4.035192E+2	4.355469E+1	8.980000E+2
5.126163E+3	1.554000E+3	0.000000E+0	1.586094E-5	-5.089460E-2	7.977538E-2	4.035192E+2	4.355469E+1	8.980000E+2
5.128159E+3	1.560000E+3	0.000000E+0	7.610006E-4	-5.207913E-2	7.977538E-2	4.035192E+2	4.355469E+1	8.980000E+2
5.130153E+3	1.566000E+3	0.000000E+0	7.179071E-4	-3.835777E-2	7.977538E-2	4.035192E+2	4.355469E+1	8.980000E+2
5.132148E+3	1.572000E+3	0.000000E+0	6.949878E-4	-2.484946E-2	7.977538E-2	4.035192E+2	4.355469E+1	8.980000E+2
5.134136E+3	1.578000E+3	0.000000E+0	5.104593E-4	-1.679136E-2	7.974022E-2	4.035192E+2	4.355469E+1	8.980000E+2
5.149967E+3	1.584000E+3	0.000000E+0	3.180403E-4	-1.179873E-2	7.974022E-2	4.035192E+2	4.355469E+1	8.960000E+2
5.151953E+3	1.590000E+3	0.000000E+0	1.980072E-4	-8.317586E-3	7.974022E-2	4.035192E+2	4.355469E+1	8.960000E+2
5.154055E+3	1.596000E+3	0.000000E+0	1.448531E-4	-6.349158E-3	7.974022E-2	4.035192E+2	4.355469E+1	8.960000E+2
5.156055E+3	1.602000E+3	0.000000E+0	-9.328009E-5	-5.719176E-3	7.977538E-2	4.035192E+2	4.355469E+1	8.960000E+2
5.158048E+3	1.608000E+3	0.000000E+0	-1.295523E-4	-5.653762E-3	7.975780E-2	4.035192E+2	4.355469E+1	8.960000E+2
5.160042E+3	1.614000E+3	0.000000E+0	-1.014031E-4	-5.729831E-3	7.975780E-2	4.035192E+2	4.355469E+1	8.960000E+2
5.162025E+3	1.620000E+3	0.000000E+0	-6.181120E-5	-5.229364E-3	7.975780E-2	4.035192E+2	4.355469E+1	8.960000E+2
5.164018E+3	1.626000E+3	0.000000E+0	-4.417827E-5	-4.713411E-3	7.975780E-2	4.035192E+2	4.355469E+1	8.960000E+2
5.166000E+3	1.632000E+3	0.000000E+0	6.585328E-5	-4.219458E-3	7.975780E-2	4.035192E+2	4.355469E+1	8.960000E+2
5.181387E+3	1.638000E+3	0.000000E+0	1.035882E-4	-3.652910E-3	7.975780E-2	4.035192E+2	4.355469E+1	8.980000E+2
5.183375E+3	1.644000E+3	0.000000E+0	-8.372433E-6	-3.383751E-3	7.975780E-2	4.035192E+2	4.355469E+1	8.980000E+2
5.185477E+3	1.650000E+3	0.000000E+0	6.982846E-5	-3.084997E-3	8.874318E-2	4.035192E+2	4.355469E+1	8.980000E+2
5.187358E+3	1.656000E+3	0.000000E+0	6.126505E-5	-3.039827E-3	7.975780E-2	4.035192E+2	4.355469E+1	8.980000E+2
5.189347E+3	1.662000E+3	0.000000E+0	1.486842E-4	-2.831987E-3	8.874318E-2	4.035192E+2	4.355469E+1	8.980000E+2
5.191341E+3	1.668000E+3	0.000000E+0	7.852705E-5	-3.024866E-3	8.874318E-2	4.035192E+2	4.355469E+1	8.980000E+2
5.193450E+3	1.674000E+3	0.000000E+0	7.924103E-5	-3.092890E-3	8.876076E-2	4.035192E+2	4.355469E+1	8.980000E+2
5.195440E+3	1.680000E+3	0.000000E+0	2.918894E-5	-3.538118E-3	8.876076E-2	4.035192E+2	4.355469E+1	8.980000E+2
5.197321E+3	1.686000E+3	0.000000E+0	1.912807E-5	-4.346959E-3	8.876076E-2	4.035192E+2	4.355469E+1	8.980000E+2
5.212804E+3	1.692000E+3	0.000000E+0	-4.474309E-5	-5.387975E-3	8.876076E-2	4.035192E+2	4.355469E+1	8.970000E+2
5.214803E+3	1.698000E+3	0.000000E+0	-5.659564E-5	-6.442672E-3	9.778130E-2	4.035192E+2	4.355469E+1	8.970000E+2
5.216795E+3	1.704000E+3	0.000000E+0	-1.815092E-4	-7.544982E-3	9.778130E-2	4.035192E+2	4.355469E+1	8.970000E+2
5.218789E+3	1.710000E+3	0.000000E+0	-1.201413E-4	-7.971421E-3	9.778130E-2	4.035192E+2	4.355469E+1	8.970000E+2
5.220780E+3	1.716000E+3	0.000000E+0	-2.792138E-5	-7.956193E-3	9.778130E-2	4.035192E+2	4.355469E+1	8.970000E+2
5.222767E+3	1.722000E+3	0.000000E+0	1.019109E-4	-8.269344E-3	9.778130E-2	4.035192E+2	4.355469E+1	8.970000E+2
5.224757E+3	1.728000E+3	0.000000E+0	9.995236E-5	-8.910425E-3	9.778130E-2	4.035192E+2	4.355469E+1	8.970000E+2
5.226751E+3	1.734000E+3	0.000000E+0	3.624766E-4	-1.156302E-2	9.778130E-2	4.035192E+2	4.355469E+1	8.970000E+2
5.228634E+3	1.740000E+3	0.000000E+0	4.006997E-4	-1.599737E-2	9.778130E-2	4.035192E+2	4.355469E+1	8.970000E+2
5.244360E+3	1.746000E+3	0.000000E+0	5.034439E-4	-2.126231E-2	9.778130E-2	4.035192E+2	4.355469E+1	8.960000E+2
5.246236E+3	1.752000E+3	0.000000E+0	6.567931E-4	-2.609822E-2	9.778130E-2	4.035192E+2	4.355469E+1	8.960000E+2
5.248230E+3	1.758000E+3	0.000000E+0	5.717159E-4	-3.159372E-2	9.778130E-2	4.035192E+2	4.355469E+1	8.960000E+2
5.250114E+3	1.764000E+3	0.000000E+0	3.187337E-4	-4.283300E-2	9.778130E-2	4.035192E+2	4.355469E+1	8.960000E+2
5.252101E+3	1.770000E+3	0.000000E+0	9.685280E-4	-6.307227E-2	9.778130E-2	4.035192E+2	4.355469E+1	8.960000E+2
5.254097E+3	1.776000E+3	0.000000E+0	1.226860E-3	-1.099173E-1	9.778130E-2	4.035192E+2	4.357910E+1	8.960000E+2
5.256087E+3	1.782000E+3	0.000000E+0	2.248540E-3	-2.189665E-1	9.778130E-2	4.035192E+2	4.355469E+1	8.960000E+2
5.258075E+3	1.788000E+3	0.000000E+0	7.259009E-3	-4.298723E-1	9.778130E-2	4.035192E+2	4.355469E+1	8.960000E+2
5.260067E+3	1.794000E+3	0.000000E+0	1.014651E-2	-6.235901E-1	9.774614E-2	4.035192E+2	4.355469E+1	8.960000E+2
5.275684E+3	1.800000E+3	0.000000E+0	4.218437E-3	-6.393395E-1	9.778130E-2	4.035192E+2	4.355469E+1	8.970000E+2
5.277683E+3	1.806000E+3	0.000000E+0	-7.185112E-3	-3.968644E-1	9.778130E-2	4.035192E+2	4.355469E+1	8.970000E+2
5.279568E+3	1.812000E+3	0.000000E+0	2.248606E-4	-9.093813E-2	9.778130E-2	4.035192E+2	4.357910E+1	8.970000E+2
5.281563E+3	1.818000E+3	0.000000E+0	5.605341E-3	2.380331E-1	9.778130E-2	4.035192E+2	4.357910E+1	8.970000E+2
5.283557E+3	1.824000E+3	0.000000E+0	1.081368E-2	5.220621E-1	9.778130E-2	4.035192E+2	4.357910E+1	8.970000E+2
5.285551E+3	1.830000E+3	0.000000E+0	2.193293E-3	7.011080E-1	9.778130E-2	4.035192E+2	4.355469E+1	8.970000E+2
5.287545E+3	1.836000E+3	0.000000E+0	5.616546E-3	7.642748E-1	9.774614E-2	4.035192E+2	4.357910E+1	8.970000E+2
5.289542E+3	1.842000E+3	0.000000E+0	2.128525E-3	6.522591E-1	9.778130E-2	4.035192E+2	4.355469E+1	8.970000E+2
5.291537E+3	1.848000E+3	0.000000E+0	5.036952E-3	3.896156E-1	9.778130E-2	4.035192E+2	4.355469E+1	8.970000E+2
5.307154E+3	1.854000E+3	0.000000E+0	-3.255450E-3	-2.320540E-1	9.778130E-2	4.035192E+2	4.355469E+1	8.970000E+2
5.309151E+3	1.860000E+3	0.000000E+0	8.823615E-3	-7.877734E-1	9.778130E-2	4.035192E+2	4.355469E+1	8.970000E+2
5.311142E+3	1.866000E+3	0.000000E+0	6.558556E-3	-1.113672E+0	8.876076E-2	4.035192E+2	4.355469E+1	8.970000E+2
5.313136E+3	1.872000E+3	0.000000E+0	-3.506243E-4	-1.140663E+0	9.778130E-2	4.035192E+2	4.357910E+1	8.970000E+2
5.315131E+3	1.878000E+3	0.000000E+0	3.747533E-3	-7.977533E-1	9.778130E-2	4.035192E+2	4.360352E+1	8.970000E+2
5.317012E+3	1.884000E+3	0.000000E+0	4.502689E-3	-1.670688E-1	9.778130E-2	4.035192E+2	4.355469E+1	8.970000E+2
5.319005E+3	1.890000E+3	0.000000E+0	2.058612E-3	6.147743E-1	9.774614E-2	3.936961E+2	4.355469E+1	8.970000E+2
5.320999E+3	1.896000E+3	0.000000E+0	-3.660596E-4	1.279412E+0	9.776372E-2	4.035192E+2	4.355469E+1	8.970000E+2
5.322997E+3	1.902000E+3	0.000000E+0	1.127536E-3	1.650217E+0	9.776372E-2	3.936961E+2	4.355469E+1	8.970000E+2
5.338488E+3	1.908000E+3	0.000000E+0	-4.504496E-5	1.692046E+0	9.776372E-2	4.035192E+2	4.355469E+1	8.970000E+2
5.340474E+3	1.914000E+3	0.000000E+0	-2.549605E-4	1.439920E+0	9.776372E-2	4.035192E+2	4.355469E+1	8.970000E+2
5.342463E+3	1.920000E+3	0.000000E+0	-9.878868E-3	9.510374E-1	9.776372E-2	4.035192E+2	4.355469E+1	8.970000E+2
5.344342E+3	1.926000E+3	0.000000E+0	-7.296337E-3	3.666035E-1	9.776372E-2	4.035192E+2	4.355469E+1	8.970000E+2
5.346335E+3	1.932000E+3	0.000000E+0	-3.060963E-3	-2.298501E-1	9.776372E-2	4.035192E+2	4.355469E+1	8.970000E+2
5.348442E+3	1.938000E+3	0.000000E+0	-5.664706E-3	-7.125288E-1	9.776372E-2	4.035192E+2	4.355469E+1	8.970000E+2
5.350434E+3	1.944000E+3	0.000000E+0	1.578273E-2	-1.089347E+0	9.776372E-2	4.035192E+2	4.355469E+1	8.970000E+2
5.352425E+3	1.950000E+3	0.000000E+0	7.150975E-3	-1.232739E+0	9.776372E-2	4.035192E+2	4.357910E+1	8.970000E+2
5.354307E+3	1.956000E+3	0.000000E+0	1.063535E-2	-1.047100E+0	9.776372E-2	4.035192E+2	4.355469E+1	8.970000E+2
5.369820E+3	1.962000E+3	0.000000E+0	9.407472E-3	-6.586090E-1	9.776372E-2	4.035192E+2	4.355469E+1	8.980000E+2
5.371815E+3	1.968000E+3	0.000000E+0	3.587707E-4	-2.476812E-1	9.776372E-2	4.035192E+2	4.355469E+1	8.980000E+2
5.373810E+3	1.974000E+3	0.000000E+0	-1.232239E-3	9.025946E-2	1.067368E-1	4.035192E+2	4.355469E+1	8.980000E+2
5.375800E+3	1.980000E+3	0.000000E+0	-4.373888E-3	3.746356E-1	1.067870E-1	4.035192E+2	4.355469E+1	8.980000E+2
5.377794E+3	1.986000E+3	0.000000E+0	4.043075E-4	5.682236E-1	1.067870E-1	4.035192E+2	4.355469E+1	8.980000E+2
5.379791E+3	1.992000E+3	0.000000E+0	1.281171E-3	6.501268E-1	1.067870E-1	4.035192E+2	4.355469E+1	8.980000E+2
5.381789E+3	1.998000E+3	0.000000E+0	2.097882E-3	6.502165E-1	1.158177E-1	4.035192E+2	4.357910E+1	8.980000E+2
5.383782E+3	2.004000E+3	0.000000E+0	7.685096E-3	5.694519E-1	1.158177E-1	4.035192E+2	4.357910E+1	8.980000E+2
5.385776E+3	2.010000E+3	0.000000E+0	6.914855E-3	4.240903E-1	1.158177E-1	4.035192E+2	4.355469E+1	8.980000E+2
5.401277E+3	2.016000E+3	0.000000E+0	1.191287E-2	2.716129E-1	1.157825E-1	4.035192E+2	4.355469E+1	8.980000E+2
5.403161E+3	2.022000E+3	0.000000E+0	1.086246E-3	5.552023E-2	1.157825E-1	4.035192E+2	4.355469E+1	8.980000E+2
5.405147E+3	2.028000E+3	0.000000E+0	-3.155921E-4	-1.898676E-1	1.157825E-1	4.035192E+2	4.355469E+1	8.980000E+2
5.407143E+3	2.034000E+3	0.000000E+0	4.113404E-3	-4.206437E-1	1.157825E-1	4.035192E+2	4.355469E+1	8.980000E+2
5.409133E+3	2.040000E+3	0.000000E+0	2.582695E-3	-5.412410E-1	1.157825E-1	4.035192E+2	4.355469E+1	8.980000E+2
5.411238E+3	2.046000E+3	0.000000E+0	3.857674E-3	-5.317016E-1	1.157825E-1	4.035192E+2	4.357910E+1	8.980000E+2
5.413234E+3	2.052000E+3	0.000000E+0	3.415718E-3	-3.901379E-1	1.157825E-1	4.035192E+2	4.355469E+1	8.980000E+2
5.415119E+3	2.058000E+3	0.000000E+0	1.064401E-3	-2.880313E-1	1.158177E-1	4.035192E+2	4.355469E+1	8.980000E+2
5.417114E+3	2.064000E+3	0.000000E+0	1.778689E-4	-1.838159E-1	1.158177E-1	3.936961E+2	4.357910E+1	8.980000E+2
5.432711E+3	2.070000E+3	0.000000E+0	1.570678E-4	-1.132821E-1	1.158177E-1	4.035192E+2	4.357910E+1	8.970000E+2
5.434699E+3	2.076000E+3	0.000000E+0	1.053377E-5	-3.600776E-2	1.158177E-1	4.035192E+2	4.357910E+1	8.970000E+2
5.436582E+3	2.082000E+3	0.000000E+0	4.413881E-4	2.677231E-2	1.158177E-1	4.035192E+2	4.357910E+1	8.970000E+2
5.438574E+3	2.088000E+3	0.000000E+0	-1.370895E-4	8.684454E-2	1.158177E-1	4.035192E+2	4.357910E+1	8.970000E+2
5.440570E+3	2.094000E+3	0.000000E+0	2.453702E-5	1.327517E-1	1.158177E-1	4.035192E+2	4.360352E+1	8.970000E+2
5.442561E+3	2.100000E+3	0.000000E+0	8.751420E-5	1.567108E-1	1.158177E-1	4.035192E+2	4.357910E+1	8.970000E+2
5.444441E+3	2.106000E+3	0.000000E+0	-1.024394E-3	1.544680E-1	1.158177E-1	4.035192E+2	4.355469E+1	8.970000E+2
5.446427E+3	2.112000E+3	0.000000E+0	6.467330E-5	1.323874E-1	1.158177E-1	4.035192E+2	4.360352E+1	8.970000E+2
5.448310E+3	2.118000E+3	0.000000E+0	-2.333460E-4	9.505676E-2	1.158177E-1	4.035192E+2	4.360352E+1	8.970000E+2
5.464153E+3	2.124000E+3	0.000000E+0	-2.005065E-4	3.808308E-2	1.158177E-1	4.035192E+2	4.357910E+1	8.980000E+2
5.466038E+3	2.130000E+3	0.000000E+0	1.697625E-4	-8.767427E-3	1.158177E-1	3.936961E+2	4.355469E+1	8.980000E+2
