2.226784E+3	0.000000E+0	0.000000E+0	-6.188863E-5	-2.499497E-4	2.575762E-2	4.035192E+2	4.318848E+1	5.940000E+2
2.228591E+3	7.740000E+2	0.000000E+0	-1.714181E-4	-3.315144E-4	2.575762E-2	3.936961E+2	4.318848E+1	5.940000E+2
2.230395E+3	7.800000E+2	0.000000E+0	5.161377E-5	-2.576637E-4	2.575762E-2	4.035192E+2	4.318848E+1	5.940000E+2
2.232101E+3	7.860000E+2	0.000000E+0	2.736688E-5	-1.509495E-4	2.575762E-2	4.035192E+2	4.318848E+1	5.940000E+2
2.233909E+3	7.920000E+2	0.000000E+0	1.149376E-4	1.292892E-4	2.575762E-2	4.035192E+2	4.318848E+1	5.940000E+2
2.235714E+3	7.980000E+2	0.000000E+0	6.815416E-5	3.801598E-4	2.575762E-2	4.035192E+2	4.318848E+1	5.940000E+2
2.237518E+3	8.040000E+2	0.000000E+0	1.184429E-4	6.238925E-4	2.572245E-2	3.936961E+2	4.318848E+1	5.940000E+2
2.239324E+3	8.100000E+2	0.000000E+0	1.753064E-4	7.238918E-4	2.575762E-2	4.035192E+2	4.318848E+1	5.940000E+2
2.241129E+3	8.160000E+2	0.000000E+0	1.103460E-4	7.689115E-4	2.575762E-2	4.035192E+2	4.318848E+1	5.940000E+2
2.255280E+3	8.220000E+2	0.000000E+0	4.345694E-5	5.317104E-4	2.575762E-2	4.035192E+2	4.318848E+1	5.950000E+2
2.257087E+3	8.280000E+2	0.000000E+0	-4.171616E-5	3.129297E-4	2.575762E-2	4.035192E+2	4.318848E+1	5.950000E+2
2.258794E+3	8.340000E+2	0.000000E+0	-3.059240E-5	3.334138E-5	2.575762E-2	4.035192E+2	4.318848E+1	5.950000E+2
2.260599E+3	8.400000E+2	0.000000E+0	-7.764891E-5	-3.274548E-4	2.575762E-2	4.035192E+2	4.318848E+1	5.950000E+2
2.262404E+3	8.460000E+2	0.000000E+0	-3.034319E-5	-4.755055E-4	2.575762E-2	4.035192E+2	4.318848E+1	5.950000E+2
2.264209E+3	8.520000E+2	0.000000E+0	2.469811E-5	-5.615799E-4	2.574004E-2	4.035192E+2	4.318848E+1	5.950000E+2
2.266014E+3	8.580000E+2	0.000000E+0	-1.667659E-5	-5.717033E-4	2.574004E-2	4.035192E+2	4.318848E+1	5.950000E+2
2.267822E+3	8.640000E+2	0.000000E+0	-5.125562E-5	-4.887773E-4	2.574004E-2	4.035192E+2	4.318848E+1	5.950000E+2
2.269626E+3	8.700000E+2	0.000000E+0	4.586180E-5	-4.597726E-4	2.574004E-2	4.035192E+2	4.318848E+1	5.950000E+2
2.271432E+3	8.760000E+2	0.000000E+0	-2.744181E-5	-4.218984E-4	3.476058E-2	4.035192E+2	4.318848E+1	5.950000E+2
2.284782E+3	8.820000E+2	0.000000E+0	3.165205E-5	-6.611982E-4	3.476058E-2	4.035192E+2	4.318848E+1	5.960000E+2
2.286492E+3	8.880000E+2	0.000000E+0	2.867846E-6	-9.842175E-4	3.476058E-2	4.035192E+2	4.318848E+1	5.960000E+2
2.288296E+3	8.940000E+2	0.000000E+0	3.739526E-5	-1.490125E-3	3.476058E-2	4.035192E+2	4.318848E+1	5.960000E+2
2.290102E+3	9.000000E+2	0.000000E+0	2.055892E-5	-2.346384E-3	3.476058E-2	3.936961E+2	4.323730E+1	5.960000E+2
2.291905E+3	9.060000E+2	0.000000E+0	6.834402E-5	-3.636873E-3	3.476058E-2	4.035192E+2	4.323730E+1	5.960000E+2
2.293711E+3	9.120000E+2	0.000000E+0	7.344662E-5	-5.039007E-3	3.476058E-2	4.035192E+2	4.323730E+1	5.960000E+2
2.295515E+3	9.180000E+2	0.000000E+0	1.028388E-4	-5.705867E-3	3.476058E-2	4.035192E+2	4.323730E+1	5.960000E+2
2.297321E+3	9.240000E+2	0.000000E+0	-1.239511E-4	-4.178573E-3	3.476058E-2	4.035192E+2	4.323730E+1	5.960000E+2
2.299129E+3	9.300000E+2	0.000000E+0	-3.896921E-5	6.649018E-5	3.476058E-2	4.035192E+2	4.318848E+1	5.960000E+2
2.300933E+3	9.360000E+2	0.000000E+0	-7.230083E-5	5.141314E-3	3.474300E-2	4.035192E+2	4.323730E+1	5.960000E+2
2.314577E+3	9.420000E+2	0.000000E+0	2.597186E-5	9.150782E-3	3.474300E-2	4.035192E+2	4.323730E+1	5.950000E+2
2.316284E+3	9.480000E+2	0.000000E+0	-1.309883E-5	1.092457E-2	3.474300E-2	4.035192E+2	4.323730E+1	5.950000E+2
2.318090E+3	9.540000E+2	0.000000E+0	4.663566E-5	9.411246E-3	3.474300E-2	3.936961E+2	4.323730E+1	5.950000E+2
2.319898E+3	9.600000E+2	0.000000E+0	-1.891832E-5	5.567141E-3	3.474300E-2	4.035192E+2	4.323730E+1	5.950000E+2
2.321702E+3	9.660000E+2	0.000000E+0	-5.946034E-5	6.072012E-4	3.474300E-2	3.936961E+2	4.323730E+1	5.950000E+2
2.323506E+3	9.720000E+2	0.000000E+0	-1.362915E-4	-4.222756E-3	3.474300E-2	4.035192E+2	4.323730E+1	5.950000E+2
2.325315E+3	9.780000E+2	0.000000E+0	-9.835161E-5	-6.919927E-3	3.474300E-2	4.035192E+2	4.318848E+1	5.950000E+2
2.327127E+3	9.840000E+2	0.000000E+0	-1.043599E-4	-7.407717E-3	3.474300E-2	4.035192E+2	4.323730E+1	5.950000E+2
2.328932E+3	9.900000E+2	0.000000E+0	-1.014877E-4	-6.160220E-3	3.474300E-2	4.035192E+2	4.323730E+1	5.950000E+2
2.330738E+3	9.960000E+2	0.000000E+0	2.352521E-5	-4.509375E-3	4.376354E-2	4.035192E+2	4.323730E+1	5.950000E+2
2.344188E+3	1.002000E+3	0.000000E+0	1.833094E-5	-2.991421E-3	3.474300E-2	4.035192E+2	4.323730E+1	5.960000E+2
2.345895E+3	1.008000E+3	0.000000E+0	1.540721E-4	-2.164744E-3	3.474300E-2	4.035192E+2	4.323730E+1	5.960000E+2
2.347701E+3	1.014000E+3	0.000000E+0	2.807838E-4	-1.926298E-3	4.376354E-2	4.035192E+2	4.323730E+1	5.960000E+2
2.349510E+3	1.020000E+3	0.000000E+0	3.826075E-4	-2.503038E-3	4.376354E-2	4.035192E+2	4.323730E+1	5.960000E+2
2.351314E+3	1.026000E+3	0.000000E+0	2.719500E-4	-3.968705E-3	4.376354E-2	4.035192E+2	4.323730E+1	5.960000E+2
2.353118E+3	1.032000E+3	0.000000E+0	1.641370E-4	-6.264803E-3	4.376354E-2	4.035192E+2	4.323730E+1	5.960000E+2
2.354925E+3	1.038000E+3	0.000000E+0	6.060206E-5	-9.294093E-3	4.376354E-2	4.035192E+2	4.323730E+1	5.960000E+2
2.356734E+3	1.044000E+3	0.000000E+0	-2.165530E-5	-1.326527E-2	4.376354E-2	3.936961E+2	4.323730E+1	5.960000E+2
2.358442E+3	1.050000E+3	0.000000E+0	1.349828E-4	-1.843403E-2	4.376354E-2	4.035192E+2	4.323730E+1	5.960000E+2
2.360249E+3	1.056000E+3	0.000000E+0	8.162703E-5	-2.641068E-2	4.376354E-2	4.035192E+2	4.323730E+1	5.960000E+2
2.373991E+3	1.062000E+3	0.000000E+0	1.067185E-4	-4.005224E-2	4.376354E-2	4.035192E+2	4.323730E+1	5.960000E+2
2.375801E+3	1.068000E+3	0.000000E+0	3.757130E-4	-6.157071E-2	4.376354E-2	3.936961E+2	4.323730E+1	5.960000E+2
2.377605E+3	1.074000E+3	0.000000E+0	7.560289E-4	-9.556410E-2	4.376354E-2	4.035192E+2	4.323730E+1	5.960000E+2
2.379410E+3	1.080000E+3	0.000000E+0	1.323523E-3	-1.400172E-1	4.376354E-2	4.035192E+2	4.323730E+1	5.960000E+2
2.381217E+3	1.086000E+3	0.000000E+0	6.192767E-4	-1.625816E-1	4.376354E-2	4.035192E+2	4.323730E+1	5.960000E+2
2.382921E+3	1.092000E+3	0.000000E+0	-1.966193E-3	-1.409105E-1	4.376354E-2	4.035192E+2	4.323730E+1	5.960000E+2
2.384730E+3	1.098000E+3	0.000000E+0	-1.394724E-3	-8.143639E-2	4.376354E-2	4.035192E+2	4.323730E+1	5.960000E+2
2.386537E+3	1.104000E+3	0.000000E+0	2.704664E-3	-4.431113E-2	4.376354E-2	4.035192E+2	4.323730E+1	5.960000E+2
2.388349E+3	1.110000E+3	0.000000E+0	3.836051E-3	-7.043048E-2	4.376354E-2	4.035192E+2	4.323730E+1	5.960000E+2
2.390155E+3	1.116000E+3	0.000000E+0	2.514103E-3	-1.009809E-1	4.376354E-2	4.035192E+2	4.323730E+1	5.960000E+2
2.403604E+3	1.122000E+3	0.000000E+0	-6.464996E-3	-3.964402E-2	4.374596E-2	4.035192E+2	4.323730E+1	5.960000E+2
2.405313E+3	1.128000E+3	0.000000E+0	-6.142227E-3	1.085026E-1	4.374596E-2	4.035192E+2	4.323730E+1	5.960000E+2
2.407121E+3	1.134000E+3	0.000000E+0	-3.371574E-3	3.017215E-1	4.376354E-2	4.035192E+2	4.323730E+1	5.960000E+2
2.408930E+3	1.140000E+3	0.000000E+0	-2.953711E-3	4.163022E-1	4.374596E-2	3.936961E+2	4.323730E+1	5.960000E+2
2.410734E+3	1.146000E+3	0.000000E+0	1.497947E-4	4.413788E-1	4.374596E-2	4.035192E+2	4.323730E+1	5.960000E+2
2.412542E+3	1.152000E+3	0.000000E+0	1.596013E-3	3.843966E-1	4.376354E-2	4.035192E+2	4.323730E+1	5.960000E+2
2.414347E+3	1.158000E+3	0.000000E+0	-2.750390E-3	2.934525E-1	4.374596E-2	4.035192E+2	4.323730E+1	5.960000E+2
2.416154E+3	1.164000E+3	0.000000E+0	-9.297416E-3	9.827352E-2	4.374596E-2	4.035192E+2	4.323730E+1	5.960000E+2
2.417959E+3	1.170000E+3	0.000000E+0	-7.302361E-3	-5.353925E-2	4.374596E-2	3.936961E+2	4.323730E+1	5.960000E+2
2.419764E+3	1.176000E+3	0.000000E+0	2.214772E-3	-1.397366E-1	4.376354E-2	4.035192E+2	4.323730E+1	5.960000E+2
2.433504E+3	1.182000E+3	0.000000E+0	1.893586E-3	-9.321121E-2	4.374596E-2	4.035192E+2	4.323730E+1	5.950000E+2
2.435210E+3	1.188000E+3	0.000000E+0	-2.006477E-3	-2.419791E-2	5.276650E-2	4.035192E+2	4.323730E+1	5.950000E+2
2.437015E+3	1.194000E+3	0.000000E+0	-1.407758E-3	-1.670473E-2	5.276650E-2	4.035192E+2	4.323730E+1	5.950000E+2
2.438819E+3	1.200000E+3	0.000000E+0	-5.011280E-3	-6.637548E-2	5.276650E-2	4.035192E+2	4.323730E+1	5.950000E+2
2.440622E+3	1.206000E+3	0.000000E+0	2.489610E-4	-1.292320E-1	5.276650E-2	4.035192E+2	4.323730E+1	5.950000E+2
2.442432E+3	1.212000E+3	0.000000E+0	1.730697E-3	-1.519987E-1	5.276650E-2	4.035192E+2	4.323730E+1	5.950000E+2
2.444238E+3	1.218000E+3	0.000000E+0	2.178460E-4	-1.202950E-1	5.276650E-2	4.035192E+2	4.323730E+1	5.950000E+2
2.446045E+3	1.224000E+3	0.000000E+0	5.625229E-4	-8.058801E-2	5.276650E-2	4.035192E+2	4.323730E+1	5.950000E+2
2.447852E+3	1.230000E+3	0.000000E+0	7.166642E-4	-5.051147E-2	5.276650E-2	4.035192E+2	4.323730E+1	5.950000E+2
2.449660E+3	1.236000E+3	0.000000E+0	1.808939E-4	-3.483707E-2	5.276650E-2	4.035192E+2	4.323730E+1	5.950000E+2
2.463115E+3	1.242000E+3	0.000000E+0	2.116014E-5	-2.468034E-2	5.276650E-2	4.035192E+2	4.323730E+1	5.950000E+2
2.464822E+3	1.248000E+3	0.000000E+0	-3.750423E-5	-2.270169E-2	5.274892E-2	4.035192E+2	4.323730E+1	5.950000E+2
2.466628E+3	1.254000E+3	0.000000E+0	1.936487E-4	-2.697660E-2	6.176946E-2	4.035192E+2	4.323730E+1	5.950000E+2
2.468431E+3	1.260000E+3	0.000000E+0	4.325575E-4	-4.380033E-2	6.176946E-2	4.035192E+2	4.323730E+1	5.950000E+2
2.470239E+3	1.266000E+3	0.000000E+0	1.613633E-4	-5.893033E-2	6.176946E-2	4.035192E+2	4.323730E+1	5.950000E+2
2.472045E+3	1.272000E+3	0.000000E+0	7.998238E-4	-4.860233E-2	6.176946E-2	4.035192E+2	4.323730E+1	5.950000E+2
2.473846E+3	1.278000E+3	0.000000E+0	2.747820E-4	-1.499478E-2	6.173430E-2	4.035192E+2	4.323730E+1	5.950000E+2
2.475649E+3	1.284000E+3	0.000000E+0	-2.088693E-4	2.733512E-2	6.173430E-2	4.035192E+2	4.326172E+1	5.950000E+2
2.477456E+3	1.290000E+3	0.000000E+0	-5.560473E-5	6.855894E-2	6.173430E-2	4.035192E+2	4.326172E+1	5.950000E+2
2.479263E+3	1.296000E+3	0.000000E+0	-4.567391E-5	8.970542E-2	6.176946E-2	4.035192E+2	4.326172E+1	5.950000E+2
2.492909E+3	1.302000E+3	0.000000E+0	7.412650E-5	8.674046E-2	6.176946E-2	4.035192E+2	4.323730E+1	5.960000E+2
2.494614E+3	1.308000E+3	0.000000E+0	-9.768738E-4	5.894142E-2	6.176946E-2	4.035192E+2	4.323730E+1	5.960000E+2
2.496418E+3	1.314000E+3	0.000000E+0	4.556317E-5	1.836369E-2	6.176946E-2	3.936961E+2	4.323730E+1	5.960000E+2
2.498226E+3	1.320000E+3	0.000000E+0	-7.480003E-4	-2.453123E-2	6.176946E-2	4.035192E+2	4.326172E+1	5.960000E+2
2.500031E+3	1.326000E+3	0.000000E+0	-9.753369E-4	-5.424206E-2	6.176946E-2	4.035192E+2	4.326172E+1	5.960000E+2
2.501836E+3	1.332000E+3	0.000000E+0	8.094204E-4	-5.216277E-2	7.077242E-2	4.035192E+2	4.326172E+1	5.960000E+2
2.503644E+3	1.338000E+3	0.000000E+0	4.707967E-4	-3.405498E-2	7.077242E-2	4.035192E+2	4.323730E+1	5.960000E+2
2.505449E+3	1.344000E+3	0.000000E+0	1.908807E-4	-1.777257E-2	7.077242E-2	4.035192E+2	4.323730E+1	5.960000E+2
2.507255E+3	1.350000E+3	0.000000E+0	-8.884737E-6	-1.006951E-2	7.077242E-2	4.035192E+2	4.323730E+1	5.960000E+2
2.508961E+3	1.356000E+3	0.000000E+0	-1.462434E-4	-7.991657E-3	7.077242E-2	4.035192E+2	4.326172E+1	5.960000E+2
2.522602E+3	1.362000E+3	0.000000E+0	-1.841575E-4	-8.716070E-3	7.077242E-2	4.035192E+2	4.326172E+1	5.950000E+2
2.524408E+3	1.368000E+3	0.000000E+0	-1.327657E-4	-1.137273E-2	7.077242E-2	4.035192E+2	4.326172E+1	5.950000E+2
2.526217E+3	1.374000E+3	0.000000E+0	7.938215E-5	-1.578497E-2	7.077242E-2	4.035192E+2	4.323730E+1	5.950000E+2
2.528026E+3	1.380000E+3	0.000000E+0	4.793667E-4	-2.399737E-2	7.077242E-2	4.035192E+2	4.326172E+1	5.950000E+2
2.529836E+3	1.386000E+3	0.000000E+0	7.400261E-4	-3.947279E-2	7.077242E-2	4.035192E+2	4.326172E+1	5.950000E+2
2.531642E+3	1.392000E+3	0.000000E+0	9.262463E-4	-7.106673E-2	7.077242E-2	4.035192E+2	4.326172E+1	5.950000E+2
2.533349E+3	1.398000E+3	0.000000E+0	1.172238E-3	-1.289301E-1	7.075484E-2	4.035192E+2	4.326172E+1	5.950000E+2
2.535254E+3	1.404000E+3	0.000000E+0	2.250731E-3	-2.050755E-1	7.075484E-2	3.936961E+2	4.323730E+1	5.950000E+2
2.536957E+3	1.410000E+3	0.000000E+0	-1.659746E-3	-2.484794E-1	7.075484E-2	4.035192E+2	4.326172E+1	5.950000E+2
2.538766E+3	1.416000E+3	0.000000E+0	-2.786334E-3	-1.682785E-1	7.075484E-2	4.035192E+2	4.326172E+1	5.950000E+2
2.552419E+3	1.422000E+3	0.000000E+0	-4.560912E-4	2.145850E-2	7.075484E-2	4.035192E+2	4.326172E+1	5.960000E+2
2.554222E+3	1.428000E+3	0.000000E+0	-3.709434E-3	2.191332E-1	7.075484E-2	4.035192E+2	4.326172E+1	5.960000E+2
2.556025E+3	1.434000E+3	0.000000E+0	-1.480985E-4	3.848686E-1	7.075484E-2	3.936961E+2	4.323730E+1	5.960000E+2
2.557832E+3	1.440000E+3	0.000000E+0	6.702581E-4	4.587785E-1	7.075484E-2	4.035192E+2	4.326172E+1	5.960000E+2
2.559539E+3	1.446000E+3	0.000000E+0	2.255589E-4	4.090862E-1	7.075484E-2	4.035192E+2	4.326172E+1	5.960000E+2
2.561241E+3	1.452000E+3	0.000000E+0	-1.248509E-4	2.785242E-1	7.075484E-2	4.035192E+2	4.326172E+1	5.960000E+2
2.563051E+3	1.458000E+3	0.000000E+0	-5.252545E-3	4.318953E-2	7.075484E-2	4.035192E+2	4.326172E+1	5.960000E+2
2.564859E+3	1.464000E+3	0.000000E+0	-3.399148E-4	-1.305811E-1	7.075484E-2	3.936961E+2	4.326172E+1	5.960000E+2
2.566666E+3	1.470000E+3	0.000000E+0	3.264435E-4	-2.501419E-1	7.075484E-2	3.936961E+2	4.326172E+1	5.960000E+2
2.568473E+3	1.476000E+3	0.000000E+0	2.214000E-3	-2.563076E-1	7.075484E-2	4.035192E+2	4.326172E+1	5.960000E+2
2.581926E+3	1.482000E+3	0.000000E+0	1.297930E-3	-1.997592E-1	7.075484E-2	3.936961E+2	4.326172E+1	5.960000E+2
2.583734E+3	1.488000E+3	0.000000E+0	1.372799E-3	-1.311762E-1	7.075484E-2	4.035192E+2	4.326172E+1	5.960000E+2
2.585539E+3	1.494000E+3	0.000000E+0	-6.810622E-4	-6.146535E-2	7.075484E-2	4.035192E+2	4.326172E+1	5.960000E+2
2.587344E+3	1.500000E+3	0.000000E+0	-1.628382E-3	4.289373E-3	7.075484E-2	4.035192E+2	4.326172E+1	5.960000E+2
2.589151E+3	1.506000E+3	0.000000E+0	-3.319520E-4	5.902769E-2	7.075484E-2	4.035192E+2	4.326172E+1	5.960000E+2
2.590961E+3	1.512000E+3	0.000000E+0	2.352801E-4	8.870038E-2	7.075484E-2	4.035192E+2	4.326172E+1	5.960000E+2
2.592668E+3	1.518000E+3	0.000000E+0	5.339363E-4	9.026865E-2	7.075484E-2	4.035192E+2	4.326172E+1	5.960000E+2
2.594478E+3	1.524000E+3	0.000000E+0	-3.291107E-4	6.542020E-2	7.075484E-2	4.035192E+2	4.326172E+1	5.960000E+2
2.596287E+3	1.530000E+3	0.000000E+0	-1.146476E-3	2.264415E-2	7.075484E-2	4.035192E+2	4.326172E+1	5.960000E+2
2.598095E+3	1.536000E+3	0.000000E+0	-8.869758E-4	-2.527349E-2	7.075484E-2	4.035192E+2	4.326172E+1	5.960000E+2
2.611743E+3	1.542000E+3	0.000000E+0	6.269234E-4	-5.608419E-2	7.075484E-2	3.936961E+2	4.326172E+1	5.960000E+2
2.613449E+3	1.548000E+3	0.000000E+0	-5.720470E-5	-5.511387E-2	7.977538E-2	4.035192E+2	4.326172E+1	5.960000E+2
2.615255E+3	1.554000E+3	0.000000E+0	1.775068E-4	-3.063998E-2	7.977538E-2	4.035192E+2	4.323730E+1	5.960000E+2
2.617060E+3	1.560000E+3	0.000000E+0	5.585742E-4	-1.568913E-2	7.977538E-2	4.035192E+2	4.326172E+1	5.960000E+2
2.618865E+3	1.566000E+3	0.000000E+0	6.353315E-4	-8.906916E-3	7.977538E-2	4.035192E+2	4.326172E+1	5.960000E+2
2.620672E+3	1.572000E+3	0.000000E+0	6.352082E-4	-5.410936E-3	7.977538E-2	4.035192E+2	4.326172E+1	5.960000E+2
2.622479E+3	1.578000E+3	0.000000E+0	5.981622E-4	-2.047159E-3	7.977538E-2	4.035192E+2	4.326172E+1	5.960000E+2
2.624285E+3	1.584000E+3	0.000000E+0	2.128502E-4	-6.258763E-4	7.977538E-2	4.035192E+2	4.326172E+1	5.960000E+2
2.626098E+3	1.590000E+3	0.000000E+0	-2.683120E-6	-1.552610E-3	7.977538E-2	4.035192E+2	4.326172E+1	5.960000E+2
2.627805E+3	1.596000E+3	0.000000E+0	-2.333850E-4	-2.670448E-3	7.977538E-2	4.035192E+2	4.326172E+1	5.960000E+2
2.641250E+3	1.602000E+3	0.000000E+0	-3.635375E-4	-3.394323E-3	8.877834E-2	4.035192E+2	4.326172E+1	5.950000E+2
2.642958E+3	1.608000E+3	0.000000E+0	-1.670121E-4	-2.897782E-3	7.975780E-2	3.936961E+2	4.326172E+1	5.950000E+2
2.644765E+3	1.614000E+3	0.000000E+0	-9.366304E-6	-2.236157E-3	8.877834E-2	4.035192E+2	4.326172E+1	5.950000E+2
2.646570E+3	1.620000E+3	0.000000E+0	2.488230E-5	-1.754768E-3	8.877834E-2	4.035192E+2	4.326172E+1	5.950000E+2
2.648377E+3	1.626000E+3	0.000000E+0	-3.101316E-5	-1.398988E-3	8.877834E-2	4.035192E+2	4.326172E+1	5.950000E+2
2.649985E+3	1.632000E+3	0.000000E+0	6.406411E-5	-1.296408E-3	8.877834E-2	4.035192E+2	4.326172E+1	5.950000E+2
2.651791E+3	1.638000E+3	0.000000E+0	-2.090764E-5	-1.206963E-3	8.874318E-2	4.035192E+2	4.326172E+1	5.950000E+2
2.653592E+3	1.644000E+3	0.000000E+0	1.059544E-5	-1.140238E-3	8.874318E-2	3.936961E+2	4.326172E+1	5.950000E+2
2.655394E+3	1.650000E+3	0.000000E+0	4.839355E-6	-1.083767E-3	8.877834E-2	3.936961E+2	4.326172E+1	5.950000E+2
2.657203E+3	1.656000E+3	0.000000E+0	5.883524E-5	-1.035066E-3	8.874318E-2	3.936961E+2	4.326172E+1	5.950000E+2
2.670947E+3	1.662000E+3	0.000000E+0	1.239726E-4	-8.413756E-4	8.877834E-2	4.035192E+2	4.326172E+1	5.960000E+2
2.672752E+3	1.668000E+3	0.000000E+0	9.854220E-5	-6.755843E-4	8.876076E-2	4.035192E+2	4.326172E+1	5.960000E+2
2.674560E+3	1.674000E+3	0.000000E+0	-4.724416E-5	-6.668346E-4	8.876076E-2	4.035192E+2	4.326172E+1	5.960000E+2
2.676366E+3	1.680000E+3	0.000000E+0	1.058402E-5	-7.981939E-4	9.778130E-2	4.035192E+2	4.326172E+1	5.960000E+2
2.678071E+3	1.686000E+3	0.000000E+0	-8.356482E-5	-1.038998E-3	9.778130E-2	4.035192E+2	4.326172E+1	5.960000E+2
2.679878E+3	1.692000E+3	0.000000E+0	-8.785513E-5	-1.407541E-3	9.778130E-2	4.035192E+2	4.326172E+1	5.960000E+2
2.681684E+3	1.698000E+3	0.000000E+0	-4.119203E-5	-2.156977E-3	9.778130E-2	4.035192E+2	4.326172E+1	5.960000E+2
2.683489E+3	1.704000E+3	0.000000E+0	-8.769400E-5	-3.051192E-3	9.778130E-2	4.035192E+2	4.326172E+1	5.960000E+2
2.685294E+3	1.710000E+3	0.000000E+0	-2.946120E-4	-4.480178E-3	9.778130E-2	4.035192E+2	4.326172E+1	5.960000E+2
2.687100E+3	1.716000E+3	0.000000E+0	-3.334708E-4	-4.793363E-3	9.774614E-2	4.035192E+2	4.326172E+1	5.960000E+2
2.700735E+3	1.722000E+3	0.000000E+0	-2.176651E-4	-3.859395E-3	9.778130E-2	4.035192E+2	4.326172E+1	5.960000E+2
2.702542E+3	1.728000E+3	0.000000E+0	1.005873E-4	-2.103430E-3	9.778130E-2	4.035192E+2	4.326172E+1	5.960000E+2
2.704347E+3	1.734000E+3	0.000000E+0	3.656896E-4	-3.501276E-4	9.778130E-2	4.035192E+2	4.326172E+1	5.960000E+2
2.706152E+3	1.740000E+3	0.000000E+0	6.084465E-4	-3.514184E-4	9.778130E-2	4.035192E+2	4.328613E+1	5.960000E+2
2.707861E+3	1.746000E+3	0.000000E+0	6.676757E-4	-2.891513E-3	9.778130E-2	4.035192E+2	4.326172E+1	5.960000E+2
2.709667E+3	1.752000E+3	0.000000E+0	6.847034E-4	-9.149355E-3	9.778130E-2	4.035192E+2	4.326172E+1	5.960000E+2
2.711473E+3	1.758000E+3	0.000000E+0	9.648347E-5	-1.549177E-2	9.776372E-2	4.035192E+2	4.326172E+1	5.960000E+2
2.713277E+3	1.764000E+3	0.000000E+0	2.411653E-5	-1.720305E-2	9.776372E-2	4.035192E+2	4.326172E+1	5.960000E+2
2.715086E+3	1.770000E+3	0.000000E+0	-4.007162E-4	-1.642704E-2	9.776372E-2	4.035192E+2	4.326172E+1	5.960000E+2
2.716895E+3	1.776000E+3	0.000000E+0	3.647134E-4	-1.710261E-2	9.776372E-2	4.035192E+2	4.326172E+1	5.960000E+2
2.730336E+3	1.782000E+3	0.000000E+0	2.009691E-5	-2.350498E-2	9.778130E-2	4.035192E+2	4.326172E+1	5.950000E+2
2.732145E+3	1.788000E+3	0.000000E+0	3.918955E-4	-5.813196E-2	9.778130E-2	4.035192E+2	4.326172E+1	5.950000E+2
2.733853E+3	1.794000E+3	0.000000E+0	5.463529E-5	-1.671469E-1	9.778130E-2	3.936961E+2	4.328613E+1	5.950000E+2
2.735657E+3	1.800000E+3	0.000000E+0	4.040224E-3	-4.219995E-1	9.778130E-2	4.035192E+2	4.326172E+1	5.950000E+2
2.737464E+3	1.806000E+3	0.000000E+0	3.571162E-3	-7.281120E-1	9.778130E-2	4.035192E+2	4.328613E+1	5.950000E+2
2.739270E+3	1.812000E+3	0.000000E+0	9.544448E-3	-5.964288E-1	9.778130E-2	4.035192E+2	4.326172E+1	5.950000E+2
2.741079E+3	1.818000E+3	0.000000E+0	-1.049091E-2	-1.592078E-1	9.778130E-2	4.035192E+2	4.326172E+1	5.950000E+2
2.742886E+3	1.824000E+3	0.000000E+0	1.445002E-2	3.862030E-1	9.778130E-2	4.035192E+2	4.326172E+1	5.950000E+2
2.744692E+3	1.830000E+3	0.000000E+0	1.449724E-3	9.208151E-1	9.778130E-2	4.035192E+2	4.326172E+1	5.950000E+2
2.746496E+3	1.836000E+3	0.000000E+0	4.628104E-3	1.086133E+0	9.778130E-2	4.035192E+2	4.326172E+1	5.950000E+2
2.759938E+3	1.842000E+3	0.000000E+0	6.937264E-3	9.837967E-1	9.778130E-2	4.035192E+2	4.326172E+1	5.960000E+2
2.761642E+3	1.848000E+3	0.000000E+0	-3.009538E-3	6.374264E-1	9.778130E-2	4.035192E+2	4.328613E+1	5.960000E+2
2.763450E+3	1.854000E+3	0.000000E+0	-2.660089E-2	-9.215253E-2	9.778130E-2	4.035192E+2	4.328613E+1	5.960000E+2
2.765154E+3	1.860000E+3	0.000000E+0	-8.876239E-3	-7.982455E-1	9.778130E-2	4.035192E+2	4.326172E+1	5.960000E+2
2.766961E+3	1.866000E+3	0.000000E+0	4.579251E-3	-1.479705E+0	8.876076E-2	4.035192E+2	4.328613E+1	5.960000E+2
2.768766E+3	1.872000E+3	0.000000E+0	1.875015E-2	-1.770037E+0	9.778130E-2	3.936961E+2	4.328613E+1	5.960000E+2
2.770571E+3	1.878000E+3	0.000000E+0	1.085846E-2	-1.496132E+0	9.774614E-2	4.035192E+2	4.326172E+1	5.960000E+2
2.772379E+3	1.884000E+3	0.000000E+0	-3.911925E-3	-5.282042E-1	9.778130E-2	3.936961E+2	4.328613E+1	5.960000E+2
2.774183E+3	1.890000E+3	0.000000E+0	2.042328E-2	5.165566E-1	9.778130E-2	4.035192E+2	4.326172E+1	5.960000E+2
2.775989E+3	1.896000E+3	0.000000E+0	-3.369585E-2	1.365628E+0	9.776372E-2	4.035192E+2	4.326172E+1	5.960000E+2
2.789635E+3	1.902000E+3	0.000000E+0	-1.078335E-2	2.120034E+0	9.776372E-2	4.035192E+2	4.326172E+1	5.950000E+2
2.791441E+3	1.908000E+3	0.000000E+0	-8.307086E-3	2.124051E+0	9.776372E-2	4.035192E+2	4.328613E+1	5.950000E+2
2.793247E+3	1.914000E+3	0.000000E+0	-1.232484E-2	1.669584E+0	9.776372E-2	4.035192E+2	4.328613E+1	5.950000E+2
2.795053E+3	1.920000E+3	0.000000E+0	-6.274465E-3	8.059614E-1	9.776372E-2	4.035192E+2	4.328613E+1	5.950000E+2
2.796858E+3	1.926000E+3	0.000000E+0	5.138725E-3	-3.850171E-1	9.776372E-2	4.035192E+2	4.328613E+1	5.950000E+2
2.798663E+3	1.932000E+3	0.000000E+0	2.402982E-2	-1.240253E+0	9.776372E-2	3.936961E+2	4.328613E+1	5.950000E+2
2.800470E+3	1.938000E+3	0.000000E+0	1.036062E-2	-1.431479E+0	9.776372E-2	4.035192E+2	4.328613E+1	5.950000E+2
2.802280E+3	1.944000E+3	0.000000E+0	7.156725E-3	-9.907136E-1	9.776372E-2	4.035192E+2	4.328613E+1	5.950000E+2
2.804085E+3	1.950000E+3	0.000000E+0	5.778491E-3	-4.315893E-1	1.067368E-1	4.035192E+2	4.328613E+1	5.950000E+2
2.805890E+3	1.956000E+3	0.000000E+0	5.565148E-3	-1.825657E-1	1.067870E-1	4.035192E+2	4.328613E+1	5.950000E+2
2.819418E+3	1.962000E+3	0.000000E+0	1.046404E-2	-2.083786E-1	1.067870E-1	4.035192E+2	4.328613E+1	5.950000E+2
2.821221E+3	1.968000E+3	0.000000E+0	2.629316E-3	-2.800470E-1	1.067870E-1	4.035192E+2	4.326172E+1	5.950000E+2
2.823030E+3	1.974000E+3	0.000000E+0	-9.813122E-3	-1.618871E-1	1.158177E-1	4.035192E+2	4.328613E+1	5.950000E+2
2.824839E+3	1.980000E+3	0.000000E+0	-6.866810E-3	1.213261E-1	1.158177E-1	4.035192E+2	4.328613E+1	5.950000E+2
2.826646E+3	1.986000E+3	0.000000E+0	-3.132415E-3	4.130894E-1	1.158177E-1	4.035192E+2	4.328613E+1	5.950000E+2
2.828449E+3	1.992000E+3	0.000000E+0	-1.503495E-3	6.344827E-1	1.158177E-1	4.035192E+2	4.328613E+1	5.950000E+2
2.830256E+3	1.998000E+3	0.000000E+0	3.335269E-3	7.880105E-1	1.158177E-1	4.035192E+2	4.328613E+1	5.950000E+2
2.832061E+3	2.004000E+3	0.000000E+0	-3.618439E-3	7.749680E-1	1.158177E-1	4.035192E+2	4.328613E+1	5.950000E+2
2.833866E+3	2.010000E+3	0.000000E+0	-1.325207E-2	4.462834E-1	1.157825E-1	4.035192E+2	4.328613E+1	5.950000E+2
2.835668E+3	2.016000E+3	0.000000E+0	-1.648058E-3	-1.427978E-2	1.157825E-1	4.035192E+2	4.326172E+1	5.950000E+2
2.849208E+3	2.022000E+3	0.000000E+0	2.581592E-3	-4.148942E-1	1.157825E-1	3.936961E+2	4.328613E+1	5.950000E+2
2.851017E+3	2.028000E+3	0.000000E+0	-4.524218E-3	-5.814252E-1	1.157825E-1	4.035192E+2	4.328613E+1	5.950000E+2
2.852822E+3	2.034000E+3	0.000000E+0	3.338629E-3	-4.557735E-1	1.157825E-1	4.035192E+2	4.328613E+1	5.950000E+2
2.854625E+3	2.040000E+3	0.000000E+0	2.446091E-3	-2.531519E-1	1.158177E-1	4.035192E+2	4.328613E+1	5.950000E+2
2.856428E+3	2.046000E+3	0.000000E+0	5.126827E-5	-1.636269E-1	1.158177E-1	4.035192E+2	4.328613E+1	5.950000E+2
2.858232E+3	2.052000E+3	0.000000E+0	1.231476E-3	-1.446113E-1	1.158177E-1	4.035192E+2	4.328613E+1	5.950000E+2
2.860037E+3	2.058000E+3	0.000000E+0	-9.178445E-4	-1.184940E-1	1.158177E-1	4.035192E+2	4.328613E+1	5.950000E+2
2.861841E+3	2.064000E+3	0.000000E+0	-1.304642E-4	-7.814760E-2	1.158177E-1	4.035192E+2	4.328613E+1	5.950000E+2
2.863647E+3	2.070000E+3	0.000000E+0	-1.692050E-3	-5.151934E-2	1.158177E-1	4.035192E+2	4.328613E+1	5.950000E+2
2.865451E+3	2.076000E+3	0.000000E+0	6.463760E-4	-1.594255E-2	1.158177E-1	3.936961E+2	4.328613E+1	5.950000E+2
2.878998E+3	2.082000E+3	0.000000E+0	-1.119385E-4	4.985273E-2	1.158177E-1	4.035192E+2	4.328613E+1	5.960000E+2
2.880709E+3	2.088000E+3	0.000000E+0	3.200547E-4	8.464398E-2	1.158177E-1	3.936961E+2	4.328613E+1	5.960000E+2
2.882514E+3	2.094000E+3	0.000000E+0	-9.989005E-4	1.036492E-1	1.158177E-1	4.035192E+2	4.328613E+1	5.960000E+2
2.884322E+3	2.100000E+3	0.000000E+0	2.172804E-3	1.146005E-1	1.158177E-1	4.035192E+2	4.328613E+1	5.960000E+2
2.886130E+3	2.106000E+3	0.000000E+0	-5.990730E-4	1.022553E-1	1.158177E-1	4.035192E+2	4.328613E+1	5.960000E+2
2.887936E+3	2.112000E+3	0.000000E+0	7.331501E-4	7.378886E-2	1.158177E-1	4.035192E+2	4.328613E+1	5.960000E+2
2.889745E+3	2.118000E+3	0.000000E+0	-8.223273E-5	5.444222E-2	1.158177E-1	4.035192E+2	4.333496E+1	5.960000E+2
2.891552E+3	2.124000E+3	0.000000E+0	-1.497690E-4	2.730902E-2	1.158177E-1	4.035192E+2	4.328613E+1	5.960000E+2
2.893257E+3	2.130000E+3	0.000000E+0	1.422397E-4	-2.620220E-2	1.158177E-1	4.035192E+2	4.328613E+1	5.960000E+2
