2.895062E+3	2.136000E+3	0.000000E+0	3.997078E-5	-6.797601E-2	1.158177E-1	3.936961E+2	4.328613E+1	5.960000E+2
2.908605E+3	7.680000E+2	0.000000E+0	-4.337813E-5	-1.736756E-4	2.575762E-2	4.035192E+2	4.328613E+1	5.950000E+2
2.910308E+3	7.740000E+2	0.000000E+0	-1.954962E-5	-3.139615E-4	2.575762E-2	4.035192E+2	4.328613E+1	5.950000E+2
2.912112E+3	7.800000E+2	0.000000E+0	-7.154619E-5	-2.716396E-4	2.575762E-2	4.035192E+2	4.328613E+1	5.950000E+2
2.913917E+3	7.860000E+2	0.000000E+0	8.943603E-6	-1.296817E-4	2.575762E-2	3.936961E+2	4.328613E+1	5.950000E+2
2.915722E+3	7.920000E+2	0.000000E+0	-3.552745E-5	1.044359E-4	2.575762E-2	4.035192E+2	4.328613E+1	5.950000E+2
2.917527E+3	7.980000E+2	0.000000E+0	1.987897E-5	3.415068E-4	2.575762E-2	4.035192E+2	4.333496E+1	5.950000E+2
2.919332E+3	8.040000E+2	0.000000E+0	1.001056E-4	4.862880E-4	2.575762E-2	4.035192E+2	4.328613E+1	5.950000E+2
2.921142E+3	8.100000E+2	0.000000E+0	1.341947E-4	6.951790E-4	2.575762E-2	4.035192E+2	4.328613E+1	5.950000E+2
2.922846E+3	8.160000E+2	0.000000E+0	9.699631E-5	7.099657E-4	2.575762E-2	4.035192E+2	4.328613E+1	5.950000E+2
2.924653E+3	8.220000E+2	0.000000E+0	6.215411E-5	6.775492E-4	2.575762E-2	4.035192E+2	4.328613E+1	5.950000E+2
2.938302E+3	8.280000E+2	0.000000E+0	3.017116E-7	2.904785E-4	2.575762E-2	4.035192E+2	4.328613E+1	5.950000E+2
2.940103E+3	8.340000E+2	0.000000E+0	-9.112166E-5	-3.949173E-5	2.575762E-2	4.035192E+2	4.328613E+1	5.950000E+2
2.941908E+3	8.400000E+2	0.000000E+0	-1.094939E-4	-3.686413E-4	2.575762E-2	4.035192E+2	4.328613E+1	5.950000E+2
2.943718E+3	8.460000E+2	0.000000E+0	-5.681764E-5	-5.250461E-4	2.575762E-2	4.035192E+2	4.333496E+1	5.950000E+2
2.945526E+3	8.520000E+2	0.000000E+0	-6.879171E-5	-5.178399E-4	2.574004E-2	3.936961E+2	4.328613E+1	5.950000E+2
2.947333E+3	8.580000E+2	0.000000E+0	-4.385808E-5	-5.521219E-4	2.574004E-2	4.035192E+2	4.333496E+1	5.950000E+2
2.949040E+3	8.640000E+2	0.000000E+0	-4.801809E-5	-5.293000E-4	2.574004E-2	4.035192E+2	4.333496E+1	5.950000E+2
2.950847E+3	8.700000E+2	0.000000E+0	-1.702911E-5	-4.402163E-4	2.574004E-2	4.035192E+2	4.333496E+1	5.950000E+2
2.952655E+3	8.760000E+2	0.000000E+0	6.304497E-6	-3.821274E-4	3.476058E-2	4.035192E+2	4.328613E+1	5.950000E+2
2.954460E+3	8.820000E+2	0.000000E+0	-2.998381E-5	-6.828364E-4	3.476058E-2	4.035192E+2	4.333496E+1	5.950000E+2
2.967908E+3	8.880000E+2	0.000000E+0	-3.455818E-5	-1.039468E-3	3.476058E-2	4.035192E+2	4.333496E+1	5.960000E+2
2.969710E+3	8.940000E+2	0.000000E+0	3.182051E-6	-1.521829E-3	3.476058E-2	3.936961E+2	4.333496E+1	5.960000E+2
2.971418E+3	9.000000E+2	0.000000E+0	1.548327E-5	-2.555509E-3	3.476058E-2	4.035192E+2	4.328613E+1	5.960000E+2
2.973226E+3	9.060000E+2	0.000000E+0	-1.621640E-5	-3.968654E-3	3.476058E-2	4.035192E+2	4.328613E+1	5.960000E+2
2.975031E+3	9.120000E+2	0.000000E+0	1.310444E-4	-5.769457E-3	3.476058E-2	4.035192E+2	4.333496E+1	5.960000E+2
2.976835E+3	9.180000E+2	0.000000E+0	-3.935049E-5	-5.789326E-3	3.476058E-2	4.035192E+2	4.333496E+1	5.960000E+2
2.978640E+3	9.240000E+2	0.000000E+0	-8.067021E-5	-4.116210E-3	3.476058E-2	4.035192E+2	4.328613E+1	5.960000E+2
2.980444E+3	9.300000E+2	0.000000E+0	2.322399E-5	1.088380E-3	3.476058E-2	4.035192E+2	4.328613E+1	5.960000E+2
2.982251E+3	9.360000E+2	0.000000E+0	4.138887E-5	5.360256E-3	3.474300E-2	4.035192E+2	4.328613E+1	5.960000E+2
2.984250E+3	9.420000E+2	0.000000E+0	-1.422630E-7	9.700527E-3	3.474300E-2	4.035192E+2	4.333496E+1	5.960000E+2
2.998619E+3	9.480000E+2	0.000000E+0	-8.266031E-6	1.134939E-2	3.474300E-2	4.035192E+2	4.328613E+1	5.950000E+2
3.000616E+3	9.540000E+2	0.000000E+0	-3.277172E-6	9.585326E-3	3.474300E-2	4.035192E+2	4.328613E+1	5.950000E+2
3.002609E+3	9.600000E+2	0.000000E+0	-1.102895E-4	5.775368E-3	3.474300E-2	3.936961E+2	4.333496E+1	5.950000E+2
3.004592E+3	9.660000E+2	0.000000E+0	-1.046447E-5	5.739432E-5	3.474300E-2	4.035192E+2	4.333496E+1	5.950000E+2
3.006589E+3	9.720000E+2	0.000000E+0	-1.333025E-4	-4.805817E-3	3.474300E-2	4.035192E+2	4.328613E+1	5.950000E+2
3.008677E+3	9.780000E+2	0.000000E+0	-5.450337E-5	-7.561111E-3	4.376354E-2	3.936961E+2	4.333496E+1	5.950000E+2
3.010558E+3	9.840000E+2	0.000000E+0	-1.530373E-4	-7.622170E-3	3.474300E-2	4.035192E+2	4.328613E+1	5.950000E+2
3.012554E+3	9.900000E+2	0.000000E+0	-1.729943E-4	-6.129608E-3	3.474300E-2	3.936961E+2	4.328613E+1	5.950000E+2
3.026727E+3	9.960000E+2	0.000000E+0	-7.991032E-5	-4.697793E-3	4.376354E-2	4.035192E+2	4.328613E+1	5.950000E+2
3.028721E+3	1.002000E+3	0.000000E+0	1.118550E-4	-3.012514E-3	3.474300E-2	4.035192E+2	4.333496E+1	5.950000E+2
3.030710E+3	1.008000E+3	0.000000E+0	1.678085E-4	-2.082411E-3	4.376354E-2	4.035192E+2	4.333496E+1	5.950000E+2
3.032701E+3	1.014000E+3	0.000000E+0	3.580416E-4	-1.784928E-3	4.376354E-2	4.035192E+2	4.328613E+1	5.950000E+2
3.034691E+3	1.020000E+3	0.000000E+0	3.285080E-4	-2.227494E-3	4.376354E-2	4.035192E+2	4.328613E+1	5.950000E+2
3.036678E+3	1.026000E+3	0.000000E+0	3.039613E-4	-3.699417E-3	4.376354E-2	4.035192E+2	4.333496E+1	5.950000E+2
3.038665E+3	1.032000E+3	0.000000E+0	8.588099E-4	-5.635879E-3	4.376354E-2	4.035192E+2	4.333496E+1	5.950000E+2
3.040763E+3	1.038000E+3	0.000000E+0	1.345097E-4	-9.915802E-3	4.376354E-2	4.035192E+2	4.328613E+1	5.950000E+2
3.042751E+3	1.044000E+3	0.000000E+0	-7.600410E-5	-1.410913E-2	4.376354E-2	4.035192E+2	4.328613E+1	5.950000E+2
3.055927E+3	1.050000E+3	0.000000E+0	1.177224E-4	-1.914350E-2	4.376354E-2	4.035192E+2	4.333496E+1	5.940000E+2
3.057914E+3	1.056000E+3	0.000000E+0	1.572680E-4	-2.884896E-2	4.376354E-2	4.035192E+2	4.328613E+1	5.940000E+2
3.059916E+3	1.062000E+3	0.000000E+0	3.202368E-4	-4.058876E-2	4.376354E-2	4.035192E+2	4.333496E+1	5.940000E+2
3.061895E+3	1.068000E+3	0.000000E+0	1.806779E-4	-6.411879E-2	4.376354E-2	4.035192E+2	4.333496E+1	5.940000E+2
3.063870E+3	1.074000E+3	0.000000E+0	1.522640E-3	-1.018867E-1	4.376354E-2	4.035192E+2	4.333496E+1	5.940000E+2
3.065864E+3	1.080000E+3	0.000000E+0	1.369464E-3	-1.434709E-1	4.376354E-2	4.035192E+2	4.333496E+1	5.940000E+2
3.067798E+3	1.086000E+3	0.000000E+0	2.197915E-3	-1.633582E-1	4.376354E-2	4.035192E+2	4.333496E+1	5.940000E+2
3.069869E+3	1.092000E+3	0.000000E+0	3.131141E-4	-1.355883E-1	4.376354E-2	4.035192E+2	4.333496E+1	5.940000E+2
3.071722E+3	1.098000E+3	0.000000E+0	4.186930E-4	-7.849002E-2	4.376354E-2	4.035192E+2	4.328613E+1	5.940000E+2
3.085329E+3	1.104000E+3	0.000000E+0	3.516566E-3	-4.146923E-2	4.376354E-2	4.035192E+2	4.333496E+1	5.950000E+2
3.087300E+3	1.110000E+3	0.000000E+0	-1.414915E-3	-7.620426E-2	4.376354E-2	4.035192E+2	4.333496E+1	5.950000E+2
3.089281E+3	1.116000E+3	0.000000E+0	-7.093650E-4	-1.032225E-1	4.376354E-2	4.035192E+2	4.333496E+1	5.950000E+2
3.091259E+3	1.122000E+3	0.000000E+0	-5.705527E-3	-3.179633E-2	4.376354E-2	4.035192E+2	4.333496E+1	5.950000E+2
3.093121E+3	1.128000E+3	0.000000E+0	-8.476027E-3	1.353198E-1	4.376354E-2	4.035192E+2	4.333496E+1	5.950000E+2
3.095096E+3	1.134000E+3	0.000000E+0	-3.441929E-3	3.224845E-1	4.376354E-2	4.035192E+2	4.333496E+1	5.950000E+2
3.097071E+3	1.140000E+3	0.000000E+0	3.832989E-3	4.291571E-1	4.374596E-2	4.035192E+2	4.333496E+1	5.950000E+2
3.099036E+3	1.146000E+3	0.000000E+0	1.093425E-3	4.508969E-1	4.374596E-2	4.035192E+2	4.333496E+1	5.950000E+2
3.101007E+3	1.152000E+3	0.000000E+0	6.760968E-4	3.883404E-1	4.374596E-2	4.035192E+2	4.328613E+1	5.950000E+2
3.114401E+3	1.158000E+3	0.000000E+0	-4.789378E-3	2.686138E-1	4.374596E-2	4.035192E+2	4.328613E+1	5.950000E+2
3.116344E+3	1.164000E+3	0.000000E+0	-1.102958E-2	1.018150E-1	4.374596E-2	4.035192E+2	4.333496E+1	5.950000E+2
3.118301E+3	1.170000E+3	0.000000E+0	-7.807910E-3	-5.209834E-2	4.374596E-2	4.035192E+2	4.333496E+1	5.950000E+2
3.120267E+3	1.176000E+3	0.000000E+0	-2.378335E-3	-1.383840E-1	4.374596E-2	4.035192E+2	4.333496E+1	5.950000E+2
3.122136E+3	1.182000E+3	0.000000E+0	3.122470E-3	-9.898152E-2	5.276650E-2	4.035192E+2	4.333496E+1	5.950000E+2
3.124120E+3	1.188000E+3	0.000000E+0	1.181918E-3	-2.058874E-2	5.276650E-2	4.035192E+2	4.333496E+1	5.950000E+2
3.126100E+3	1.194000E+3	0.000000E+0	-1.146785E-3	-1.639118E-2	5.276650E-2	4.035192E+2	4.328613E+1	5.950000E+2
3.128177E+3	1.200000E+3	0.000000E+0	-6.615268E-4	-7.084080E-2	5.276650E-2	4.035192E+2	4.333496E+1	5.950000E+2
3.130149E+3	1.206000E+3	0.000000E+0	1.582311E-5	-1.324672E-1	5.276650E-2	4.035192E+2	4.333496E+1	5.950000E+2
3.143213E+3	1.212000E+3	0.000000E+0	3.183781E-3	-1.531872E-1	5.276650E-2	4.035192E+2	4.333496E+1	5.950000E+2
3.145267E+3	1.218000E+3	0.000000E+0	-7.109209E-6	-1.285364E-1	5.276650E-2	4.035192E+2	4.333496E+1	5.950000E+2
3.147126E+3	1.224000E+3	0.000000E+0	9.014003E-4	-8.813409E-2	5.276650E-2	4.035192E+2	4.333496E+1	5.950000E+2
3.149101E+3	1.230000E+3	0.000000E+0	5.243585E-4	-5.070665E-2	5.276650E-2	4.035192E+2	4.333496E+1	5.950000E+2
3.151178E+3	1.236000E+3	0.000000E+0	-6.769511E-6	-3.326642E-2	5.276650E-2	4.035192E+2	4.333496E+1	5.950000E+2
3.153143E+3	1.242000E+3	0.000000E+0	-6.212833E-5	-2.576245E-2	5.276650E-2	4.035192E+2	4.333496E+1	5.950000E+2
3.155116E+3	1.248000E+3	0.000000E+0	-6.286566E-5	-2.278247E-2	5.276650E-2	4.035192E+2	4.333496E+1	5.950000E+2
3.157190E+3	1.254000E+3	0.000000E+0	2.326319E-4	-2.851158E-2	6.176946E-2	4.035192E+2	4.333496E+1	5.950000E+2
3.159156E+3	1.260000E+3	0.000000E+0	6.278306E-4	-4.597474E-2	6.176946E-2	4.035192E+2	4.333496E+1	5.950000E+2
3.172394E+3	1.266000E+3	0.000000E+0	6.104264E-4	-5.927534E-2	6.176946E-2	4.035192E+2	4.333496E+1	5.940000E+2
3.174357E+3	1.272000E+3	0.000000E+0	-4.496700E-4	-4.969498E-2	6.176946E-2	4.035192E+2	4.333496E+1	5.940000E+2
3.176303E+3	1.278000E+3	0.000000E+0	-1.117804E-3	-1.192558E-2	6.173430E-2	4.035192E+2	4.333496E+1	5.940000E+2
3.178364E+3	1.284000E+3	0.000000E+0	-3.504158E-4	3.241466E-2	6.173430E-2	4.035192E+2	4.333496E+1	5.940000E+2
3.180325E+3	1.290000E+3	0.000000E+0	-1.795871E-4	7.162079E-2	6.173430E-2	4.035192E+2	4.333496E+1	5.940000E+2
3.182394E+3	1.296000E+3	0.000000E+0	2.692199E-4	9.167113E-2	6.173430E-2	4.035192E+2	4.333496E+1	5.940000E+2
3.184340E+3	1.302000E+3	0.000000E+0	-2.224347E-5	8.586845E-2	6.176946E-2	4.035192E+2	4.333496E+1	5.940000E+2
3.186285E+3	1.308000E+3	0.000000E+0	-5.192701E-4	5.723535E-2	6.176946E-2	4.035192E+2	4.333496E+1	5.940000E+2
3.188237E+3	1.314000E+3	0.000000E+0	-1.670987E-4	1.318596E-2	6.176946E-2	4.035192E+2	4.333496E+1	5.940000E+2
3.201715E+3	1.320000E+3	0.000000E+0	3.544043E-5	-3.115586E-2	6.176946E-2	4.035192E+2	4.333496E+1	5.940000E+2
3.203683E+3	1.326000E+3	0.000000E+0	3.637070E-4	-5.646516E-2	6.175188E-2	4.035192E+2	4.333496E+1	5.940000E+2
3.205655E+3	1.332000E+3	0.000000E+0	3.484387E-4	-5.182167E-2	6.175188E-2	4.035192E+2	4.333496E+1	5.940000E+2
3.207650E+3	1.338000E+3	0.000000E+0	3.993023E-4	-3.165009E-2	7.077242E-2	4.035192E+2	4.333496E+1	5.940000E+2
3.209644E+3	1.344000E+3	0.000000E+0	1.182907E-4	-1.670268E-2	7.077242E-2	4.035192E+2	4.335938E+1	5.940000E+2
3.211639E+3	1.350000E+3	0.000000E+0	2.014223E-5	-9.761046E-3	7.077242E-2	4.035192E+2	4.333496E+1	5.940000E+2
3.213629E+3	1.356000E+3	0.000000E+0	-1.624044E-4	-8.106132E-3	7.077242E-2	4.035192E+2	4.333496E+1	5.940000E+2
3.215611E+3	1.362000E+3	0.000000E+0	-1.797928E-4	-9.129930E-3	7.077242E-2	4.035192E+2	4.333496E+1	5.940000E+2
3.217579E+3	1.368000E+3	0.000000E+0	-4.105174E-5	-1.155912E-2	7.077242E-2	4.035192E+2	4.333496E+1	5.940000E+2
3.230853E+3	1.374000E+3	0.000000E+0	2.886183E-4	-1.622387E-2	7.077242E-2	4.035192E+2	4.333496E+1	5.950000E+2
3.232844E+3	1.380000E+3	0.000000E+0	3.635422E-4	-2.515329E-2	7.077242E-2	4.035192E+2	4.328613E+1	5.950000E+2
3.234836E+3	1.386000E+3	0.000000E+0	7.581167E-4	-4.134677E-2	7.077242E-2	4.035192E+2	4.333496E+1	5.950000E+2
3.236712E+3	1.392000E+3	0.000000E+0	1.100840E-3	-7.485783E-2	7.075484E-2	4.035192E+2	4.335938E+1	5.950000E+2
3.238701E+3	1.398000E+3	0.000000E+0	1.020646E-3	-1.345715E-1	7.077242E-2	4.035192E+2	4.333496E+1	5.950000E+2
3.240696E+3	1.404000E+3	0.000000E+0	2.227238E-3	-2.168303E-1	7.077242E-2	4.035192E+2	4.333496E+1	5.950000E+2
3.242684E+3	1.410000E+3	0.000000E+0	-2.378637E-3	-2.444453E-1	7.075484E-2	4.035192E+2	4.333496E+1	5.950000E+2
3.244561E+3	1.416000E+3	0.000000E+0	-1.112880E-3	-1.540163E-1	7.075484E-2	4.035192E+2	4.333496E+1	5.950000E+2
3.246544E+3	1.422000E+3	0.000000E+0	-4.080664E-3	2.152881E-2	7.075484E-2	4.035192E+2	4.333496E+1	5.950000E+2
3.260038E+3	1.428000E+3	0.000000E+0	-5.343041E-3	2.413108E-1	7.075484E-2	4.035192E+2	4.333496E+1	5.940000E+2
3.262029E+3	1.434000E+3	0.000000E+0	-5.756851E-4	4.061979E-1	7.075484E-2	3.936961E+2	4.333496E+1	5.940000E+2
3.264020E+3	1.440000E+3	0.000000E+0	-3.785945E-4	4.630915E-1	7.075484E-2	4.035192E+2	4.333496E+1	5.940000E+2
3.265902E+3	1.446000E+3	0.000000E+0	-2.674513E-4	4.090856E-1	7.075484E-2	4.035192E+2	4.333496E+1	5.940000E+2
3.267895E+3	1.452000E+3	0.000000E+0	3.891306E-4	2.555920E-1	7.075484E-2	4.035192E+2	4.333496E+1	5.940000E+2
3.269885E+3	1.458000E+3	0.000000E+0	-1.499583E-3	3.802227E-2	7.075484E-2	3.936961E+2	4.333496E+1	5.940000E+2
3.271876E+3	1.464000E+3	0.000000E+0	1.224597E-3	-1.537767E-1	7.075484E-2	4.035192E+2	4.333496E+1	5.940000E+2
3.273871E+3	1.470000E+3	0.000000E+0	4.975002E-3	-2.561360E-1	7.075484E-2	4.035192E+2	4.333496E+1	5.940000E+2
3.275866E+3	1.476000E+3	0.000000E+0	3.304754E-3	-2.560491E-1	7.075484E-2	4.035192E+2	4.333496E+1	5.940000E+2
3.289235E+3	1.482000E+3	0.000000E+0	2.199529E-3	-1.970992E-1	7.075484E-2	4.035192E+2	4.333496E+1	5.940000E+2
3.291230E+3	1.488000E+3	0.000000E+0	-5.527622E-4	-1.242327E-1	7.075484E-2	4.035192E+2	4.333496E+1	5.940000E+2
3.293110E+3	1.494000E+3	0.000000E+0	-2.611673E-4	-5.194975E-2	7.075484E-2	4.035192E+2	4.335938E+1	5.940000E+2
3.295102E+3	1.500000E+3	0.000000E+0	1.055334E-3	1.503862E-2	7.075484E-2	4.035192E+2	4.333496E+1	5.940000E+2
3.297204E+3	1.506000E+3	0.000000E+0	1.292126E-4	6.334115E-2	7.075484E-2	4.035192E+2	4.333496E+1	5.940000E+2
3.299195E+3	1.512000E+3	0.000000E+0	7.637024E-4	8.985458E-2	7.075484E-2	4.035192E+2	4.333496E+1	5.940000E+2
3.301185E+3	1.518000E+3	0.000000E+0	-3.387152E-4	8.951448E-2	7.075484E-2	4.035192E+2	4.333496E+1	5.940000E+2
3.303064E+3	1.524000E+3	0.000000E+0	-6.306278E-4	6.230381E-2	7.075484E-2	4.035192E+2	4.333496E+1	5.940000E+2
3.305057E+3	1.530000E+3	0.000000E+0	-2.096351E-3	1.844728E-2	7.075484E-2	4.035192E+2	4.333496E+1	5.940000E+2
3.318351E+3	1.536000E+3	0.000000E+0	-1.094984E-3	-2.894133E-2	7.075484E-2	4.035192E+2	4.333496E+1	5.950000E+2
3.320343E+3	1.542000E+3	0.000000E+0	8.441468E-4	-5.952615E-2	7.977538E-2	4.035192E+2	4.333496E+1	5.950000E+2
3.322223E+3	1.548000E+3	0.000000E+0	1.957452E-4	-5.480830E-2	7.075484E-2	4.035192E+2	4.333496E+1	5.950000E+2
3.324215E+3	1.554000E+3	0.000000E+0	1.967237E-4	-3.087654E-2	7.075484E-2	4.035192E+2	4.333496E+1	5.950000E+2
3.326207E+3	1.560000E+3	0.000000E+0	4.350712E-4	-1.521853E-2	7.977538E-2	4.035192E+2	4.333496E+1	5.950000E+2
3.328200E+3	1.566000E+3	0.000000E+0	6.505603E-4	-9.255265E-3	7.977538E-2	4.035192E+2	4.333496E+1	5.950000E+2
3.330076E+3	1.572000E+3	0.000000E+0	5.765679E-4	-5.059075E-3	7.977538E-2	4.035192E+2	4.333496E+1	5.950000E+2
3.332068E+3	1.578000E+3	0.000000E+0	5.323639E-4	-1.262821E-3	7.977538E-2	3.936961E+2	4.333496E+1	5.950000E+2
3.334052E+3	1.584000E+3	0.000000E+0	2.740003E-4	-7.490115E-4	7.977538E-2	4.035192E+2	4.333496E+1	5.950000E+2
3.348175E+3	1.590000E+3	0.000000E+0	-2.247272E-5	-1.662201E-3	7.974022E-2	4.035192E+2	4.333496E+1	5.960000E+2
3.350164E+3	1.596000E+3	0.000000E+0	-3.122121E-4	-2.980638E-3	7.977538E-2	3.936961E+2	4.333496E+1	5.960000E+2
3.352160E+3	1.602000E+3	0.000000E+0	-3.371617E-4	-3.651950E-3	7.977538E-2	4.035192E+2	4.333496E+1	5.960000E+2
3.354148E+3	1.608000E+3	0.000000E+0	-1.740104E-4	-3.158886E-3	7.975780E-2	4.035192E+2	4.333496E+1	5.960000E+2
3.356142E+3	1.614000E+3	0.000000E+0	-6.025419E-5	-2.327633E-3	7.975780E-2	4.035192E+2	4.333496E+1	5.960000E+2
3.358135E+3	1.620000E+3	0.000000E+0	-4.894736E-5	-1.803896E-3	7.975780E-2	3.936961E+2	4.333496E+1	5.960000E+2
3.360125E+3	1.626000E+3	0.000000E+0	-3.372222E-5	-1.524854E-3	8.877834E-2	4.035192E+2	4.333496E+1	5.960000E+2
3.362117E+3	1.632000E+3	0.000000E+0	5.282257E-5	-1.391178E-3	8.877834E-2	4.035192E+2	4.333496E+1	5.960000E+2
3.364103E+3	1.638000E+3	0.000000E+0	7.977244E-6	-1.195587E-3	8.874318E-2	4.035192E+2	4.333496E+1	5.960000E+2
3.377268E+3	1.644000E+3	0.000000E+0	2.171451E-5	-1.196069E-3	8.874318E-2	4.035192E+2	4.333496E+1	5.940000E+2
3.379259E+3	1.650000E+3	0.000000E+0	3.384583E-5	-1.066211E-3	8.874318E-2	4.035192E+2	4.328613E+1	5.940000E+2
3.381253E+3	1.656000E+3	0.000000E+0	4.206807E-7	-9.854326E-4	8.874318E-2	3.936961E+2	4.333496E+1	5.940000E+2
3.383241E+3	1.662000E+3	0.000000E+0	1.061253E-4	-7.879681E-4	8.877834E-2	4.035192E+2	4.328613E+1	5.940000E+2
3.385231E+3	1.668000E+3	0.000000E+0	2.517864E-5	-6.910633E-4	8.876076E-2	4.035192E+2	4.333496E+1	5.940000E+2
3.387223E+3	1.674000E+3	0.000000E+0	-4.913726E-6	-7.252352E-4	8.876076E-2	3.936961E+2	4.333496E+1	5.940000E+2
3.389210E+3	1.680000E+3	0.000000E+0	1.409411E-5	-8.200255E-4	8.876076E-2	4.035192E+2	4.333496E+1	5.940000E+2
3.391094E+3	1.686000E+3	0.000000E+0	-7.874015E-5	-1.100161E-3	8.876076E-2	4.035192E+2	4.333496E+1	5.940000E+2
3.393083E+3	1.692000E+3	0.000000E+0	-7.085436E-5	-1.456480E-3	9.778130E-2	4.035192E+2	4.333496E+1	5.940000E+2
3.406474E+3	1.698000E+3	0.000000E+0	2.496105E-6	-2.059210E-3	9.778130E-2	4.035192E+2	4.333496E+1	5.940000E+2
3.408581E+3	1.704000E+3	0.000000E+0	-1.686657E-4	-3.150899E-3	9.778130E-2	4.035192E+2	4.333496E+1	5.940000E+2
3.410467E+3	1.710000E+3	0.000000E+0	-1.865234E-4	-4.545730E-3	9.778130E-2	4.035192E+2	4.333496E+1	5.940000E+2
3.412457E+3	1.716000E+3	0.000000E+0	-3.734236E-4	-5.008985E-3	9.778130E-2	4.035192E+2	4.333496E+1	5.940000E+2
3.414445E+3	1.722000E+3	0.000000E+0	-2.611747E-4	-3.971878E-3	9.778130E-2	4.035192E+2	4.338379E+1	5.940000E+2
3.416434E+3	1.728000E+3	0.000000E+0	1.675677E-4	-1.942044E-3	9.778130E-2	4.035192E+2	4.333496E+1	5.940000E+2
3.418426E+3	1.734000E+3	0.000000E+0	4.392877E-4	-3.165097E-4	9.778130E-2	3.936961E+2	4.333496E+1	5.940000E+2
3.420421E+3	1.740000E+3	0.000000E+0	5.900855E-4	-2.580350E-4	9.778130E-2	4.035192E+2	4.333496E+1	5.940000E+2
3.422413E+3	1.746000E+3	0.000000E+0	8.551414E-4	-2.576355E-3	9.778130E-2	3.936961E+2	4.333496E+1	5.940000E+2
3.435676E+3	1.752000E+3	0.000000E+0	6.135161E-4	-9.038507E-3	9.778130E-2	4.035192E+2	4.333496E+1	5.940000E+2
3.437666E+3	1.758000E+3	0.000000E+0	2.605129E-4	-1.637508E-2	9.778130E-2	3.936961E+2	4.333496E+1	5.940000E+2
3.439659E+3	1.764000E+3	0.000000E+0	-1.814062E-4	-1.754382E-2	9.778130E-2	4.035192E+2	4.333496E+1	5.940000E+2
3.441541E+3	1.770000E+3	0.000000E+0	-3.261811E-4	-1.678040E-2	9.776372E-2	4.035192E+2	4.333496E+1	5.940000E+2
3.443527E+3	1.776000E+3	0.000000E+0	-4.986385E-4	-1.816167E-2	9.778130E-2	4.035192E+2	4.333496E+1	5.940000E+2
3.445514E+3	1.782000E+3	0.000000E+0	2.269087E-4	-2.791387E-2	9.778130E-2	4.035192E+2	4.333496E+1	5.940000E+2
3.447506E+3	1.788000E+3	0.000000E+0	9.727699E-4	-6.178075E-2	9.778130E-2	4.035192E+2	4.333496E+1	5.940000E+2
3.449388E+3	1.794000E+3	0.000000E+0	4.136207E-3	-1.697394E-1	9.778130E-2	4.035192E+2	4.333496E+1	5.940000E+2
3.451381E+3	1.800000E+3	0.000000E+0	6.953367E-3	-4.785665E-1	9.778130E-2	4.035192E+2	4.333496E+1	5.940000E+2
3.464766E+3	1.806000E+3	0.000000E+0	8.415172E-3	-7.848030E-1	9.778130E-2	4.035192E+2	4.333496E+1	5.940000E+2
3.466647E+3	1.812000E+3	0.000000E+0	-5.203689E-3	-5.890135E-1	9.778130E-2	4.035192E+2	4.333496E+1	5.940000E+2
3.468638E+3	1.818000E+3	0.000000E+0	-1.764349E-2	-9.161757E-2	9.778130E-2	4.035192E+2	4.333496E+1	5.940000E+2
3.470626E+3	1.824000E+3	0.000000E+0	-1.760655E-2	4.933762E-1	9.778130E-2	4.035192E+2	4.338379E+1	5.940000E+2
3.472509E+3	1.830000E+3	0.000000E+0	-7.383968E-3	9.272755E-1	9.778130E-2	4.035192E+2	4.335938E+1	5.940000E+2
3.474497E+3	1.836000E+3	0.000000E+0	2.658459E-3	1.138337E+0	9.778130E-2	4.035192E+2	4.333496E+1	5.940000E+2
3.476488E+3	1.842000E+3	0.000000E+0	5.012550E-3	9.977875E-1	9.778130E-2	3.936961E+2	4.333496E+1	5.940000E+2
3.478472E+3	1.848000E+3	0.000000E+0	-1.098995E-2	5.368593E-1	8.876076E-2	4.035192E+2	4.333496E+1	5.940000E+2
3.480345E+3	1.854000E+3	0.000000E+0	-6.258063E-3	-1.159617E-1	9.778130E-2	4.035192E+2	4.333496E+1	5.940000E+2
3.493965E+3	1.860000E+3	0.000000E+0	-4.679909E-3	-8.872005E-1	8.876076E-2	4.035192E+2	4.333496E+1	5.940000E+2
3.495957E+3	1.866000E+3	0.000000E+0	2.917662E-2	-1.530051E+0	8.876076E-2	4.035192E+2	4.333496E+1	5.940000E+2
3.497838E+3	1.872000E+3	0.000000E+0	1.210544E-2	-1.799685E+0	9.778130E-2	4.035192E+2	4.333496E+1	5.940000E+2
3.499830E+3	1.878000E+3	0.000000E+0	-1.267839E-2	-1.337075E+0	8.876076E-2	4.035192E+2	4.333496E+1	5.940000E+2
3.501826E+3	1.884000E+3	0.000000E+0	-1.701776E-2	-4.665295E-1	9.778130E-2	4.035192E+2	4.333496E+1	5.940000E+2
3.503928E+3	1.890000E+3	0.000000E+0	4.336447E-3	6.311715E-1	9.778130E-2	4.035192E+2	4.333496E+1	5.940000E+2
3.505809E+3	1.896000E+3	0.000000E+0	-1.151516E-2	1.577325E+0	9.778130E-2	4.035192E+2	4.328613E+1	5.940000E+2
3.507801E+3	1.902000E+3	0.000000E+0	-3.058366E-3	2.201551E+0	9.774614E-2	4.035192E+2	4.333496E+1	5.940000E+2
3.509791E+3	1.908000E+3	0.000000E+0	-7.041086E-3	2.190505E+0	9.774614E-2	4.035192E+2	4.333496E+1	5.940000E+2
3.523087E+3	1.914000E+3	0.000000E+0	-7.917395E-3	1.605248E+0	9.776372E-2	4.035192E+2	4.333496E+1	5.950000E+2
3.524969E+3	1.920000E+3	0.000000E+0	-2.307524E-2	5.888417E-1	9.776372E-2	4.035192E+2	4.333496E+1	5.950000E+2
3.526964E+3	1.926000E+3	0.000000E+0	-8.955774E-3	-4.822866E-1	9.776372E-2	4.035192E+2	4.333496E+1	5.950000E+2
3.528955E+3	1.932000E+3	0.000000E+0	8.528932E-3	-1.383743E+0	9.776372E-2	4.035192E+2	4.333496E+1	5.950000E+2
3.530835E+3	1.938000E+3	0.000000E+0	1.272644E-2	-1.469867E+0	9.776372E-2	4.035192E+2	4.333496E+1	5.950000E+2
3.532823E+3	1.944000E+3	0.000000E+0	7.784921E-3	-9.384046E-1	9.776372E-2	4.035192E+2	4.333496E+1	5.950000E+2
3.534818E+3	1.950000E+3	0.000000E+0	-1.142644E-3	-4.386075E-1	9.776372E-2	4.035192E+2	4.333496E+1	5.950000E+2
3.536700E+3	1.956000E+3	0.000000E+0	5.585669E-3	-1.790878E-1	9.776372E-2	4.035192E+2	4.333496E+1	5.950000E+2
3.538689E+3	1.962000E+3	0.000000E+0	1.133947E-2	-2.342797E-1	1.067491E-1	4.035192E+2	4.333496E+1	5.950000E+2
3.552174E+3	1.968000E+3	0.000000E+0	9.792145E-3	-2.840770E-1	1.067843E-1	4.035192E+2	4.328613E+1	5.940000E+2
3.554164E+3	1.974000E+3	0.000000E+0	-7.960882E-3	-1.638237E-1	1.067843E-1	4.035192E+2	4.333496E+1	5.940000E+2
3.556153E+3	1.980000E+3	0.000000E+0	-6.129817E-3	1.087019E-1	1.067870E-1	4.035192E+2	4.333496E+1	5.940000E+2
3.558154E+3	1.986000E+3	0.000000E+0	6.936343E-3	4.016710E-1	1.158177E-1	4.035192E+2	4.333496E+1	5.940000E+2
3.560147E+3	1.992000E+3	0.000000E+0	-2.392603E-4	6.463339E-1	1.158177E-1	4.035192E+2	4.333496E+1	5.940000E+2
3.562143E+3	1.998000E+3	0.000000E+0	5.014656E-3	7.954699E-1	1.158177E-1	3.936961E+2	4.333496E+1	5.940000E+2
3.564134E+3	2.004000E+3	0.000000E+0	-8.429031E-4	7.960830E-1	1.157825E-1	4.035192E+2	4.333496E+1	5.940000E+2
3.566125E+3	2.010000E+3	0.000000E+0	4.676907E-3	4.837756E-1	1.157825E-1	4.035192E+2	4.333496E+1	5.940000E+2
3.568121E+3	2.016000E+3	0.000000E+0	8.935845E-3	-4.019981E-2	1.157825E-1	4.035192E+2	4.333496E+1	5.940000E+2
3.581396E+3	2.022000E+3	0.000000E+0	-8.279368E-3	-4.414651E-1	1.157825E-1	4.035192E+2	4.333496E+1	5.940000E+2
3.583384E+3	2.028000E+3	0.000000E+0	3.276503E-3	-6.020958E-1	1.157825E-1	3.936961E+2	4.333496E+1	5.940000E+2
3.585380E+3	2.034000E+3	0.000000E+0	6.312656E-3	-4.566665E-1	1.157825E-1	4.035192E+2	4.335938E+1	5.940000E+2
3.587265E+3	2.040000E+3	0.000000E+0	9.513855E-4	-2.534975E-1	1.158177E-1	4.035192E+2	4.335938E+1	5.940000E+2
3.589250E+3	2.046000E+3	0.000000E+0	1.505869E-3	-1.604464E-1	1.158177E-1	4.035192E+2	4.335938E+1	5.940000E+2
3.591243E+3	2.052000E+3	0.000000E+0	1.298803E-3	-1.450772E-1	1.158177E-1	4.035192E+2	4.333496E+1	5.940000E+2
3.593119E+3	2.058000E+3	0.000000E+0	2.473705E-4	-1.188553E-1	1.158177E-1	4.035192E+2	4.338379E+1	5.940000E+2
3.595116E+3	2.064000E+3	0.000000E+0	-1.987550E-3	-7.808408E-2	1.158177E-1	3.936961E+2	4.338379E+1	5.940000E+2
3.597111E+3	2.070000E+3	0.000000E+0	-7.388911E-4	-4.839642E-2	1.158177E-1	4.035192E+2	4.333496E+1	5.940000E+2
3.610590E+3	2.076000E+3	0.000000E+0	2.160321E-3	-5.364498E-3	1.158177E-1	4.035192E+2	4.333496E+1	5.950000E+2
3.612585E+3	2.082000E+3	0.000000E+0	8.235821E-4	5.366236E-2	1.158177E-1	4.035192E+2	4.338379E+1	5.950000E+2
3.614572E+3	2.088000E+3	0.000000E+0	1.136770E-3	8.767753E-2	1.158177E-1	4.035192E+2	4.338379E+1	5.950000E+2
3.616448E+3	2.094000E+3	0.000000E+0	2.244035E-4	1.069842E-1	1.158177E-1	4.035192E+2	4.338379E+1	5.950000E+2
3.618442E+3	2.100000E+3	0.000000E+0	-3.787049E-4	1.163323E-1	1.158177E-1	4.035192E+2	4.338379E+1	5.950000E+2
3.620437E+3	2.106000E+3	0.000000E+0	-1.899765E-3	9.869894E-2	1.158177E-1	4.035192E+2	4.338379E+1	5.950000E+2
3.622426E+3	2.112000E+3	0.000000E+0	-1.763114E-3	7.312337E-2	1.158177E-1	4.035192E+2	4.338379E+1	5.950000E+2
3.624419E+3	2.118000E+3	0.000000E+0	8.204972E-4	5.513293E-2	1.158177E-1	4.035192E+2	4.338379E+1	5.950000E+2
3.626300E+3	2.124000E+3	0.000000E+0	-1.261211E-3	3.224938E-2	1.158177E-1	4.035192E+2	4.338379E+1	5.950000E+2
3.639689E+3	2.130000E+3	0.000000E+0	6.783970E-4	-2.526400E-2	1.158177E-1	4.035192E+2	4.333496E+1	5.950000E+2
