3.939727E+3	7.680000E+2	0.000000E+0	-1.628570E-3	-6.935842E-2	2.575762E-2	4.035192E+2	4.338379E+1	8.980000E+2
3.961391E+3	7.680000E+2	0.000000E+0	-1.687845E-5	-3.640519E-4	2.575762E-2	4.035192E+2	4.338379E+1	8.980000E+2
3.963195E+3	7.740000E+2	0.000000E+0	3.274305E-5	-4.119699E-4	2.575762E-2	3.936961E+2	4.338379E+1	8.980000E+2
3.964998E+3	7.800000E+2	0.000000E+0	-2.337019E-7	-1.325098E-4	2.575762E-2	4.035192E+2	4.338379E+1	8.980000E+2
3.966706E+3	7.860000E+2	0.000000E+0	8.550795E-6	-3.527132E-5	2.575762E-2	4.035192E+2	4.338379E+1	8.980000E+2
3.968515E+3	7.920000E+2	0.000000E+0	3.618298E-6	1.819897E-4	2.572245E-2	3.936961E+2	4.338379E+1	8.980000E+2
3.970318E+3	7.980000E+2	0.000000E+0	3.668035E-5	3.886855E-4	2.572245E-2	4.035192E+2	4.338379E+1	8.980000E+2
3.972120E+3	8.040000E+2	0.000000E+0	1.061152E-4	4.654788E-4	2.572245E-2	4.035192E+2	4.338379E+1	8.980000E+2
3.973921E+3	8.100000E+2	0.000000E+0	1.811002E-5	6.259172E-4	2.572245E-2	4.035192E+2	4.338379E+1	8.980000E+2
3.975722E+3	8.160000E+2	0.000000E+0	4.442778E-5	5.706837E-4	2.575762E-2	4.035192E+2	4.338379E+1	8.980000E+2
3.991465E+3	8.220000E+2	0.000000E+0	1.085639E-4	3.724737E-4	2.575762E-2	4.035192E+2	4.338379E+1	8.980000E+2
3.993272E+3	8.280000E+2	0.000000E+0	5.881262E-5	1.846633E-4	2.575762E-2	4.035192E+2	4.338379E+1	8.980000E+2
3.995078E+3	8.340000E+2	0.000000E+0	4.049791E-5	-1.295049E-4	2.575762E-2	4.035192E+2	4.338379E+1	8.980000E+2
3.996881E+3	8.400000E+2	0.000000E+0	-2.149772E-5	-3.826417E-4	2.575762E-2	4.035192E+2	4.338379E+1	8.980000E+2
3.998586E+3	8.460000E+2	0.000000E+0	-4.200171E-5	-7.316268E-4	2.575762E-2	4.035192E+2	4.340820E+1	8.980000E+2
4.000393E+3	8.520000E+2	0.000000E+0	-5.829492E-5	-9.340576E-4	2.575762E-2	4.035192E+2	4.340820E+1	8.980000E+2
4.002201E+3	8.580000E+2	0.000000E+0	2.898719E-5	-1.113715E-3	2.574004E-2	4.035192E+2	4.340820E+1	8.980000E+2
4.004007E+3	8.640000E+2	0.000000E+0	1.043653E-5	-1.343186E-3	2.574004E-2	4.035192E+2	4.338379E+1	8.980000E+2
4.005812E+3	8.700000E+2	0.000000E+0	-8.900062E-5	-1.577092E-3	3.476058E-2	4.035192E+2	4.338379E+1	8.980000E+2
4.007618E+3	8.760000E+2	0.000000E+0	-2.306907E-5	-1.898751E-3	3.476058E-2	4.035192E+2	4.340820E+1	8.980000E+2
4.022667E+3	8.820000E+2	0.000000E+0	1.344212E-4	-2.427403E-3	3.476058E-2	4.035192E+2	4.340820E+1	8.980000E+2
4.024471E+3	8.880000E+2	0.000000E+0	1.431783E-4	-3.290535E-3	3.476058E-2	3.936961E+2	4.340820E+1	8.980000E+2
4.026177E+3	8.940000E+2	0.000000E+0	5.590827E-5	-4.397602E-3	3.476058E-2	3.936961E+2	4.340820E+1	8.980000E+2
4.027983E+3	9.000000E+2	0.000000E+0	4.196916E-5	-5.693770E-3	3.476058E-2	4.035192E+2	4.343262E+1	8.980000E+2
4.029789E+3	9.060000E+2	0.000000E+0	8.883742E-5	-6.156378E-3	3.476058E-2	4.035192E+2	4.340820E+1	8.980000E+2
4.031591E+3	9.120000E+2	0.000000E+0	-1.723993E-5	-5.469731E-3	3.476058E-2	4.035192E+2	4.340820E+1	8.980000E+2
4.033398E+3	9.180000E+2	0.000000E+0	-5.851757E-5	-3.570649E-3	3.476058E-2	4.035192E+2	4.343262E+1	8.980000E+2
4.035206E+3	9.240000E+2	0.000000E+0	-1.282891E-5	-5.812923E-4	3.476058E-2	4.035192E+2	4.340820E+1	8.980000E+2
4.037017E+3	9.300000E+2	0.000000E+0	6.981822E-5	2.395118E-3	3.476058E-2	4.035192E+2	4.340820E+1	8.980000E+2
4.038822E+3	9.360000E+2	0.000000E+0	1.010798E-4	5.362011E-3	3.476058E-2	4.035192E+2	4.340820E+1	8.980000E+2
4.053873E+3	9.420000E+2	0.000000E+0	8.661806E-5	7.262446E-3	3.474300E-2	4.035192E+2	4.340820E+1	8.970000E+2
4.055577E+3	9.480000E+2	0.000000E+0	4.226689E-5	8.139251E-3	3.474300E-2	4.035192E+2	4.340820E+1	8.970000E+2
4.057384E+3	9.540000E+2	0.000000E+0	2.579098E-5	7.365471E-3	3.476058E-2	4.035192E+2	4.340820E+1	8.970000E+2
4.059191E+3	9.600000E+2	0.000000E+0	-3.564988E-5	5.327623E-3	3.474300E-2	4.035192E+2	4.343262E+1	8.970000E+2
4.060996E+3	9.660000E+2	0.000000E+0	-3.832135E-5	2.110225E-3	3.474300E-2	4.035192E+2	4.343262E+1	8.970000E+2
4.062802E+3	9.720000E+2	0.000000E+0	-9.111141E-5	-1.599610E-3	3.474300E-2	4.035192E+2	4.343262E+1	8.970000E+2
4.064607E+3	9.780000E+2	0.000000E+0	-3.669469E-5	-5.501278E-3	3.474300E-2	4.035192E+2	4.340820E+1	8.970000E+2
4.066408E+3	9.840000E+2	0.000000E+0	-7.587701E-5	-8.695339E-3	3.474300E-2	4.035192E+2	4.343262E+1	8.970000E+2
4.068216E+3	9.900000E+2	0.000000E+0	-4.237053E-5	-1.069245E-2	3.474300E-2	4.035192E+2	4.343262E+1	8.970000E+2
4.070021E+3	9.960000E+2	0.000000E+0	1.551161E-4	-1.144838E-2	4.376354E-2	4.035192E+2	4.343262E+1	8.970000E+2
4.085069E+3	1.002000E+3	0.000000E+0	2.227431E-4	-1.159037E-2	4.376354E-2	4.035192E+2	4.340820E+1	8.980000E+2
4.086778E+3	1.008000E+3	0.000000E+0	3.106529E-4	-1.166286E-2	4.376354E-2	3.936961E+2	4.340820E+1	8.980000E+2
4.088587E+3	1.014000E+3	0.000000E+0	3.024409E-4	-1.261910E-2	4.376354E-2	3.936961E+2	4.343262E+1	8.980000E+2
4.090394E+3	1.020000E+3	0.000000E+0	3.625578E-4	-1.494969E-2	4.376354E-2	4.035192E+2	4.343262E+1	8.980000E+2
4.092197E+3	1.026000E+3	0.000000E+0	4.030468E-4	-1.873143E-2	4.376354E-2	3.936961E+2	4.340820E+1	8.980000E+2
4.094008E+3	1.032000E+3	0.000000E+0	2.967897E-4	-2.509850E-2	4.376354E-2	4.035192E+2	4.343262E+1	8.980000E+2
4.095814E+3	1.038000E+3	0.000000E+0	6.244242E-4	-3.185982E-2	4.376354E-2	4.035192E+2	4.343262E+1	8.980000E+2
4.097622E+3	1.044000E+3	0.000000E+0	3.738388E-4	-4.474782E-2	4.376354E-2	4.035192E+2	4.343262E+1	8.980000E+2
4.099328E+3	1.050000E+3	0.000000E+0	6.428427E-4	-6.182296E-2	4.376354E-2	4.035192E+2	4.343262E+1	8.980000E+2
4.101135E+3	1.056000E+3	0.000000E+0	7.933672E-4	-8.493483E-2	4.376354E-2	4.035192E+2	4.343262E+1	8.980000E+2
4.116264E+3	1.062000E+3	0.000000E+0	1.353007E-3	-1.133670E-1	4.376354E-2	4.035192E+2	4.343262E+1	8.970000E+2
4.118067E+3	1.068000E+3	0.000000E+0	1.349019E-3	-1.413098E-1	4.376354E-2	4.035192E+2	4.340820E+1	8.970000E+2
4.119870E+3	1.074000E+3	0.000000E+0	2.179977E-3	-1.635266E-1	4.376354E-2	4.035192E+2	4.343262E+1	8.970000E+2
4.121677E+3	1.080000E+3	0.000000E+0	2.447806E-3	-1.702203E-1	4.376354E-2	4.035192E+2	4.340820E+1	8.970000E+2
4.123484E+3	1.086000E+3	0.000000E+0	3.217552E-3	-1.692664E-1	4.376354E-2	4.035192E+2	4.343262E+1	8.970000E+2
4.125289E+3	1.092000E+3	0.000000E+0	4.850126E-3	-1.682760E-1	4.376354E-2	4.035192E+2	4.343262E+1	8.970000E+2
4.127092E+3	1.098000E+3	0.000000E+0	5.619207E-3	-1.660512E-1	4.376354E-2	3.936961E+2	4.343262E+1	8.970000E+2
4.128898E+3	1.104000E+3	0.000000E+0	5.224219E-3	-1.480971E-1	4.376354E-2	4.035192E+2	4.343262E+1	8.970000E+2
4.130702E+3	1.110000E+3	0.000000E+0	4.288008E-3	-6.719431E-2	4.376354E-2	3.936961E+2	4.343262E+1	8.970000E+2
4.132507E+3	1.116000E+3	0.000000E+0	4.208650E-3	5.123068E-2	4.376354E-2	3.936961E+2	4.343262E+1	8.970000E+2
4.147558E+3	1.122000E+3	0.000000E+0	1.132817E-3	1.839450E-1	4.376354E-2	4.035192E+2	4.343262E+1	8.970000E+2
4.149265E+3	1.128000E+3	0.000000E+0	4.279264E-3	2.905569E-1	4.376354E-2	4.035192E+2	4.343262E+1	8.970000E+2
4.151069E+3	1.134000E+3	0.000000E+0	1.812189E-3	3.961230E-1	4.374596E-2	3.936961E+2	4.343262E+1	8.970000E+2
4.152873E+3	1.140000E+3	0.000000E+0	1.780171E-3	4.459024E-1	4.376354E-2	4.035192E+2	4.340820E+1	8.970000E+2
4.154678E+3	1.146000E+3	0.000000E+0	-7.780091E-4	4.623671E-1	4.376354E-2	4.035192E+2	4.343262E+1	8.970000E+2
4.156485E+3	1.152000E+3	0.000000E+0	-6.219533E-4	4.453487E-1	4.374596E-2	4.035192E+2	4.343262E+1	8.970000E+2
4.158290E+3	1.158000E+3	0.000000E+0	-6.939092E-4	3.919475E-1	4.376354E-2	4.035192E+2	4.343262E+1	8.970000E+2
4.160095E+3	1.164000E+3	0.000000E+0	8.587167E-5	3.127122E-1	5.276650E-2	4.035192E+2	4.343262E+1	8.970000E+2
4.161799E+3	1.170000E+3	0.000000E+0	2.052988E-3	2.084893E-1	5.276650E-2	4.035192E+2	4.343262E+1	8.970000E+2
4.163606E+3	1.176000E+3	0.000000E+0	2.297458E-3	9.051195E-2	5.276650E-2	4.035192E+2	4.343262E+1	8.970000E+2
4.178750E+3	1.182000E+3	0.000000E+0	1.492444E-3	-2.096448E-2	4.374596E-2	4.035192E+2	4.343262E+1	8.980000E+2
4.180554E+3	1.188000E+3	0.000000E+0	3.765037E-3	-1.089701E-1	5.276650E-2	4.035192E+2	4.343262E+1	8.980000E+2
4.182361E+3	1.194000E+3	0.000000E+0	3.212574E-3	-1.421462E-1	4.374596E-2	4.035192E+2	4.343262E+1	8.980000E+2
4.184169E+3	1.200000E+3	0.000000E+0	3.932360E-3	-1.446487E-1	5.276650E-2	4.035192E+2	4.343262E+1	8.980000E+2
4.185975E+3	1.206000E+3	0.000000E+0	1.971168E-3	-1.421790E-1	5.276650E-2	4.035192E+2	4.343262E+1	8.980000E+2
4.187777E+3	1.212000E+3	0.000000E+0	1.679208E-3	-1.501146E-1	5.273134E-2	4.035192E+2	4.343262E+1	8.980000E+2
4.189487E+3	1.218000E+3	0.000000E+0	8.388362E-4	-1.616636E-1	5.273134E-2	4.035192E+2	4.343262E+1	8.980000E+2
4.191292E+3	1.224000E+3	0.000000E+0	8.524713E-4	-1.619530E-1	5.273134E-2	4.035192E+2	4.343262E+1	8.980000E+2
4.193099E+3	1.230000E+3	0.000000E+0	8.015814E-4	-1.452018E-1	5.273134E-2	4.035192E+2	4.343262E+1	8.980000E+2
4.194901E+3	1.236000E+3	0.000000E+0	1.519170E-3	-1.178153E-1	5.276650E-2	4.035192E+2	4.343262E+1	8.980000E+2
4.210056E+3	1.242000E+3	0.000000E+0	7.483995E-4	-9.901741E-2	5.276650E-2	3.936961E+2	4.343262E+1	8.980000E+2
4.211863E+3	1.248000E+3	0.000000E+0	5.591700E-4	-9.196562E-2	5.274892E-2	4.035192E+2	4.343262E+1	8.980000E+2
4.213666E+3	1.254000E+3	0.000000E+0	4.479779E-4	-8.816239E-2	5.274892E-2	4.035192E+2	4.343262E+1	8.980000E+2
4.215469E+3	1.260000E+3	0.000000E+0	-1.961338E-4	-7.703518E-2	5.274892E-2	4.035192E+2	4.343262E+1	8.980000E+2
4.217272E+3	1.266000E+3	0.000000E+0	-4.502399E-4	-5.573525E-2	6.176946E-2	4.035192E+2	4.343262E+1	8.980000E+2
4.218976E+3	1.272000E+3	0.000000E+0	-8.773725E-5	-2.686354E-2	6.173430E-2	4.035192E+2	4.343262E+1	8.980000E+2
4.220782E+3	1.278000E+3	0.000000E+0	3.742443E-5	7.448249E-3	6.173430E-2	4.035192E+2	4.340820E+1	8.980000E+2
4.222591E+3	1.284000E+3	0.000000E+0	2.453229E-5	3.791253E-2	6.173430E-2	3.936961E+2	4.343262E+1	8.980000E+2
4.224398E+3	1.290000E+3	0.000000E+0	2.118733E-5	6.023619E-2	6.173430E-2	4.035192E+2	4.343262E+1	8.980000E+2
4.226201E+3	1.296000E+3	0.000000E+0	3.695527E-4	7.101358E-2	6.173430E-2	4.035192E+2	4.343262E+1	8.980000E+2
4.241341E+3	1.302000E+3	0.000000E+0	2.892565E-4	7.105166E-2	6.175188E-2	4.035192E+2	4.343262E+1	8.970000E+2
4.243148E+3	1.308000E+3	0.000000E+0	6.948897E-5	5.997966E-2	6.175188E-2	4.035192E+2	4.343262E+1	8.970000E+2
4.244954E+3	1.314000E+3	0.000000E+0	-1.404392E-4	4.046820E-2	6.176946E-2	4.035192E+2	4.343262E+1	8.970000E+2
4.246662E+3	1.320000E+3	0.000000E+0	-8.133049E-4	1.283950E-2	6.176946E-2	4.035192E+2	4.343262E+1	8.970000E+2
4.248469E+3	1.326000E+3	0.000000E+0	-6.440427E-4	-1.851811E-2	6.176946E-2	4.035192E+2	4.343262E+1	8.970000E+2
4.250273E+3	1.332000E+3	0.000000E+0	-6.208073E-4	-4.223584E-2	6.175188E-2	4.035192E+2	4.343262E+1	8.970000E+2
4.252077E+3	1.338000E+3	0.000000E+0	-7.545850E-6	-5.789154E-2	6.175188E-2	4.035192E+2	4.343262E+1	8.970000E+2
4.253884E+3	1.344000E+3	0.000000E+0	4.422621E-4	-6.044649E-2	6.175188E-2	4.035192E+2	4.343262E+1	8.970000E+2
4.255689E+3	1.350000E+3	0.000000E+0	2.676483E-4	-5.292428E-2	7.077242E-2	4.035192E+2	4.343262E+1	8.970000E+2
4.257492E+3	1.356000E+3	0.000000E+0	3.859725E-4	-4.278815E-2	7.077242E-2	4.035192E+2	4.343262E+1	8.970000E+2
4.272542E+3	1.362000E+3	0.000000E+0	2.708317E-4	-4.119116E-2	7.077242E-2	4.035192E+2	4.343262E+1	8.980000E+2
4.274251E+3	1.368000E+3	0.000000E+0	4.033491E-4	-4.934866E-2	7.077242E-2	4.035192E+2	4.343262E+1	8.980000E+2
4.276058E+3	1.374000E+3	0.000000E+0	5.653145E-4	-6.611408E-2	7.077242E-2	4.035192E+2	4.343262E+1	8.980000E+2
4.277864E+3	1.380000E+3	0.000000E+0	1.295351E-3	-9.558526E-2	7.077242E-2	4.035192E+2	4.343262E+1	8.980000E+2
4.279668E+3	1.386000E+3	0.000000E+0	1.983141E-3	-1.390045E-1	7.077242E-2	4.035192E+2	4.343262E+1	8.980000E+2
4.281472E+3	1.392000E+3	0.000000E+0	1.481190E-3	-1.806449E-1	7.077242E-2	4.035192E+2	4.343262E+1	8.980000E+2
4.283281E+3	1.398000E+3	0.000000E+0	1.421552E-3	-1.977720E-1	7.077242E-2	4.035192E+2	4.343262E+1	8.980000E+2
4.285085E+3	1.404000E+3	0.000000E+0	1.313599E-3	-1.718518E-1	7.077242E-2	4.035192E+2	4.343262E+1	8.980000E+2
4.286888E+3	1.410000E+3	0.000000E+0	1.315082E-3	-9.126453E-2	7.077242E-2	4.035192E+2	4.343262E+1	8.980000E+2
4.288688E+3	1.416000E+3	0.000000E+0	6.136713E-4	2.933616E-2	7.075484E-2	4.035192E+2	4.343262E+1	8.980000E+2
4.303842E+3	1.422000E+3	0.000000E+0	2.936125E-3	1.384084E-1	7.075484E-2	4.035192E+2	4.343262E+1	8.980000E+2
4.305546E+3	1.428000E+3	0.000000E+0	2.146924E-3	2.685153E-1	7.075484E-2	4.035192E+2	4.343262E+1	8.980000E+2
4.307355E+3	1.434000E+3	0.000000E+0	1.772207E-3	3.414538E-1	7.075484E-2	3.936961E+2	4.343262E+1	8.980000E+2
4.309158E+3	1.440000E+3	0.000000E+0	1.577639E-3	3.759243E-1	7.075484E-2	4.035192E+2	4.343262E+1	8.980000E+2
4.310965E+3	1.446000E+3	0.000000E+0	1.363953E-3	3.608938E-1	7.075484E-2	4.035192E+2	4.343262E+1	8.980000E+2
4.312774E+3	1.452000E+3	0.000000E+0	-2.527915E-4	2.964265E-1	7.075484E-2	3.936961E+2	4.343262E+1	8.980000E+2
4.314580E+3	1.458000E+3	0.000000E+0	-6.548889E-4	1.733508E-1	7.075484E-2	4.035192E+2	4.343262E+1	8.980000E+2
4.316388E+3	1.464000E+3	0.000000E+0	-1.182194E-3	3.596301E-2	7.075484E-2	4.035192E+2	4.343262E+1	8.980000E+2
4.318196E+3	1.470000E+3	0.000000E+0	-4.267953E-4	-9.799514E-2	7.075484E-2	4.035192E+2	4.348145E+1	8.980000E+2
4.320001E+3	1.476000E+3	0.000000E+0	8.824876E-4	-1.896953E-1	7.075484E-2	4.035192E+2	4.343262E+1	8.980000E+2
4.335154E+3	1.482000E+3	0.000000E+0	4.094463E-4	-2.174959E-1	7.075484E-2	4.035192E+2	4.343262E+1	8.970000E+2
4.336861E+3	1.488000E+3	0.000000E+0	-1.420927E-4	-1.894064E-1	7.075484E-2	4.035192E+2	4.343262E+1	8.970000E+2
4.338666E+3	1.494000E+3	0.000000E+0	-1.972829E-4	-1.245056E-1	7.075484E-2	4.035192E+2	4.343262E+1	8.970000E+2
4.340468E+3	1.500000E+3	0.000000E+0	8.563838E-4	-5.342195E-2	7.075484E-2	4.035192E+2	4.343262E+1	8.970000E+2
4.342273E+3	1.506000E+3	0.000000E+0	2.346484E-4	1.231886E-3	7.075484E-2	4.035192E+2	4.343262E+1	8.970000E+2
4.344080E+3	1.512000E+3	0.000000E+0	3.529383E-4	3.890132E-2	7.075484E-2	4.035192E+2	4.343262E+1	8.970000E+2
4.345887E+3	1.518000E+3	0.000000E+0	5.192828E-4	5.488893E-2	7.075484E-2	4.035192E+2	4.343262E+1	8.970000E+2
4.347691E+3	1.524000E+3	0.000000E+0	5.613595E-5	5.257733E-2	7.075484E-2	4.035192E+2	4.343262E+1	8.970000E+2
4.349500E+3	1.530000E+3	0.000000E+0	2.608804E-4	3.659023E-2	7.075484E-2	4.035192E+2	4.343262E+1	8.970000E+2
4.351206E+3	1.536000E+3	0.000000E+0	1.622917E-4	1.232109E-2	7.075484E-2	4.035192E+2	4.343262E+1	8.970000E+2
4.366359E+3	1.542000E+3	0.000000E+0	-2.570239E-4	-1.434548E-2	7.075484E-2	4.035192E+2	4.343262E+1	8.980000E+2
4.368166E+3	1.548000E+3	0.000000E+0	-1.085786E-4	-3.821013E-2	7.977538E-2	4.035192E+2	4.343262E+1	8.980000E+2
4.369971E+3	1.554000E+3	0.000000E+0	3.477838E-5	-5.269714E-2	7.977538E-2	3.936961E+2	4.343262E+1	8.980000E+2
4.371776E+3	1.560000E+3	0.000000E+0	5.052756E-4	-5.142873E-2	7.977538E-2	4.035192E+2	4.348145E+1	8.980000E+2
4.373584E+3	1.566000E+3	0.000000E+0	6.436490E-4	-4.086704E-2	7.977538E-2	4.035192E+2	4.348145E+1	8.980000E+2
4.375393E+3	1.572000E+3	0.000000E+0	6.348677E-4	-2.396819E-2	7.977538E-2	4.035192E+2	4.343262E+1	8.980000E+2
4.377103E+3	1.578000E+3	0.000000E+0	4.957542E-4	-1.625750E-2	7.974022E-2	4.035192E+2	4.343262E+1	8.980000E+2
4.378909E+3	1.584000E+3	0.000000E+0	3.432498E-4	-1.137685E-2	7.974022E-2	4.035192E+2	4.343262E+1	8.980000E+2
4.380712E+3	1.590000E+3	0.000000E+0	1.757474E-4	-8.249335E-3	7.974022E-2	4.035192E+2	4.343262E+1	8.980000E+2
4.382516E+3	1.596000E+3	0.000000E+0	5.259829E-5	-6.285181E-3	7.974022E-2	4.035192E+2	4.348145E+1	8.980000E+2
4.397763E+3	1.602000E+3	0.000000E+0	-8.380876E-5	-5.894216E-3	7.975780E-2	4.035192E+2	4.348145E+1	8.990000E+2
4.399569E+3	1.608000E+3	0.000000E+0	-1.473141E-4	-5.968631E-3	7.975780E-2	4.035192E+2	4.343262E+1	8.990000E+2
4.401375E+3	1.614000E+3	0.000000E+0	-1.154292E-4	-5.879911E-3	7.975780E-2	4.035192E+2	4.343262E+1	8.990000E+2
4.403080E+3	1.620000E+3	0.000000E+0	-2.749656E-5	-5.427095E-3	7.975780E-2	4.035192E+2	4.348145E+1	8.990000E+2
4.404892E+3	1.626000E+3	0.000000E+0	-7.101691E-5	-4.825099E-3	7.975780E-2	4.035192E+2	4.343262E+1	8.990000E+2
4.406699E+3	1.632000E+3	0.000000E+0	-1.434777E-5	-4.292488E-3	8.874318E-2	4.035192E+2	4.343262E+1	8.990000E+2
4.408501E+3	1.638000E+3	0.000000E+0	8.152310E-5	-3.667252E-3	8.874318E-2	4.035192E+2	4.343262E+1	8.990000E+2
4.410307E+3	1.644000E+3	0.000000E+0	7.519919E-5	-3.473031E-3	8.874318E-2	4.035192E+2	4.348145E+1	8.990000E+2
4.412112E+3	1.650000E+3	0.000000E+0	1.082951E-4	-3.235715E-3	8.874318E-2	4.035192E+2	4.343262E+1	8.990000E+2
4.413917E+3	1.656000E+3	0.000000E+0	4.897985E-5	-3.012982E-3	8.876076E-2	4.035192E+2	4.343262E+1	8.990000E+2
4.428966E+3	1.662000E+3	0.000000E+0	9.076103E-5	-2.864593E-3	8.874318E-2	4.035192E+2	4.343262E+1	8.980000E+2
4.430670E+3	1.668000E+3	0.000000E+0	5.759193E-5	-3.050061E-3	8.874318E-2	4.035192E+2	4.343262E+1	8.980000E+2
4.432473E+3	1.674000E+3	0.000000E+0	1.257599E-4	-3.217819E-3	8.876076E-2	4.035192E+2	4.343262E+1	8.980000E+2
4.434279E+3	1.680000E+3	0.000000E+0	1.203186E-5	-3.703221E-3	8.876076E-2	4.035192E+2	4.343262E+1	8.980000E+2
4.436085E+3	1.686000E+3	0.000000E+0	-1.306356E-5	-4.512724E-3	8.876076E-2	4.035192E+2	4.343262E+1	8.980000E+2
4.437888E+3	1.692000E+3	0.000000E+0	-1.130207E-4	-5.615913E-3	8.876076E-2	4.035192E+2	4.348145E+1	8.980000E+2
4.439693E+3	1.698000E+3	0.000000E+0	-7.765746E-5	-7.018319E-3	8.876076E-2	4.035192E+2	4.348145E+1	8.980000E+2
4.441496E+3	1.704000E+3	0.000000E+0	-1.288388E-4	-7.936160E-3	9.778130E-2	4.035192E+2	4.343262E+1	8.980000E+2
4.443302E+3	1.710000E+3	0.000000E+0	-2.245040E-4	-8.076713E-3	9.778130E-2	4.035192E+2	4.348145E+1	8.980000E+2
4.445106E+3	1.716000E+3	0.000000E+0	-1.397598E-4	-8.225823E-3	9.778130E-2	4.035192E+2	4.343262E+1	8.980000E+2
4.460246E+3	1.722000E+3	0.000000E+0	1.449427E-4	-8.184986E-3	9.778130E-2	4.035192E+2	4.343262E+1	8.980000E+2
4.461954E+3	1.728000E+3	0.000000E+0	2.085063E-4	-9.383297E-3	9.778130E-2	4.035192E+2	4.343262E+1	8.980000E+2
4.463760E+3	1.734000E+3	0.000000E+0	3.908754E-4	-1.214179E-2	9.778130E-2	4.035192E+2	4.348145E+1	8.980000E+2
4.465565E+3	1.740000E+3	0.000000E+0	4.915604E-4	-1.665724E-2	9.778130E-2	4.035192E+2	4.348145E+1	8.980000E+2
4.467369E+3	1.746000E+3	0.000000E+0	5.262162E-4	-2.165221E-2	9.778130E-2	4.035192E+2	4.348145E+1	8.980000E+2
4.469178E+3	1.752000E+3	0.000000E+0	6.115299E-4	-2.690705E-2	9.778130E-2	4.035192E+2	4.348145E+1	8.980000E+2
4.470986E+3	1.758000E+3	0.000000E+0	4.483002E-4	-3.368354E-2	9.778130E-2	4.035192E+2	4.348145E+1	8.980000E+2
4.472789E+3	1.764000E+3	0.000000E+0	6.029247E-4	-4.551327E-2	9.778130E-2	4.035192E+2	4.348145E+1	8.980000E+2
4.474595E+3	1.770000E+3	0.000000E+0	9.815625E-4	-6.885605E-2	9.778130E-2	4.035192E+2	4.348145E+1	8.980000E+2
4.476402E+3	1.776000E+3	0.000000E+0	1.903559E-3	-1.205884E-1	9.778130E-2	4.035192E+2	4.348145E+1	8.980000E+2
4.491553E+3	1.782000E+3	0.000000E+0	1.849227E-3	-2.446449E-1	9.778130E-2	4.035192E+2	4.348145E+1	8.980000E+2
4.493360E+3	1.788000E+3	0.000000E+0	9.135853E-3	-4.642178E-1	9.778130E-2	4.035192E+2	4.348145E+1	8.980000E+2
4.495165E+3	1.794000E+3	0.000000E+0	7.824115E-3	-6.528845E-1	9.778130E-2	4.035192E+2	4.348145E+1	8.980000E+2
4.496972E+3	1.800000E+3	0.000000E+0	7.020859E-3	-6.178390E-1	9.778130E-2	4.035192E+2	4.348145E+1	8.980000E+2
4.498779E+3	1.806000E+3	0.000000E+0	7.937634E-3	-4.076920E-1	9.778130E-2	4.035192E+2	4.348145E+1	8.980000E+2
4.500587E+3	1.812000E+3	0.000000E+0	-1.495287E-3	-9.104775E-2	9.778130E-2	4.035192E+2	4.348145E+1	8.980000E+2
4.502397E+3	1.818000E+3	0.000000E+0	9.452952E-3	2.486307E-1	9.778130E-2	4.035192E+2	4.348145E+1	8.980000E+2
4.504202E+3	1.824000E+3	0.000000E+0	1.921296E-3	5.403015E-1	9.778130E-2	4.035192E+2	4.348145E+1	8.980000E+2
4.506008E+3	1.830000E+3	0.000000E+0	6.848598E-3	7.134576E-1	9.778130E-2	4.035192E+2	4.348145E+1	8.980000E+2
4.507817E+3	1.836000E+3	0.000000E+0	4.659303E-3	7.666894E-1	9.778130E-2	4.035192E+2	4.348145E+1	8.980000E+2
4.522868E+3	1.842000E+3	0.000000E+0	3.856855E-3	6.200027E-1	9.778130E-2	4.035192E+2	4.348145E+1	8.980000E+2
4.524674E+3	1.848000E+3	0.000000E+0	2.416816E-5	2.656424E-1	9.778130E-2	4.035192E+2	4.348145E+1	8.980000E+2
4.526480E+3	1.854000E+3	0.000000E+0	4.055925E-3	-2.654577E-1	9.778130E-2	4.035192E+2	4.348145E+1	8.980000E+2
4.528289E+3	1.860000E+3	0.000000E+0	-7.881404E-3	-8.140326E-1	9.778130E-2	4.035192E+2	4.348145E+1	8.980000E+2
4.530098E+3	1.866000E+3	0.000000E+0	-1.280548E-2	-1.145746E+0	8.876076E-2	4.035192E+2	4.348145E+1	8.980000E+2
4.531903E+3	1.872000E+3	0.000000E+0	-9.188263E-3	-1.128013E+0	9.778130E-2	4.035192E+2	4.348145E+1	8.980000E+2
4.533707E+3	1.878000E+3	0.000000E+0	-1.461820E-2	-7.724140E-1	9.778130E-2	4.035192E+2	4.348145E+1	8.980000E+2
4.535411E+3	1.884000E+3	0.000000E+0	9.688660E-3	-1.081349E-1	9.778130E-2	4.035192E+2	4.348145E+1	8.980000E+2
4.537216E+3	1.890000E+3	0.000000E+0	-4.624674E-4	6.866168E-1	9.774614E-2	4.035192E+2	4.348145E+1	8.980000E+2
4.539019E+3	1.896000E+3	0.000000E+0	-9.099282E-4	1.329211E+0	9.774614E-2	4.035192E+2	4.348145E+1	8.980000E+2
4.554172E+3	1.902000E+3	0.000000E+0	6.332877E-3	1.644429E+0	9.776372E-2	4.035192E+2	4.348145E+1	8.980000E+2
4.555982E+3	1.908000E+3	0.000000E+0	1.260956E-3	1.677383E+0	9.776372E-2	4.035192E+2	4.348145E+1	8.980000E+2
4.557789E+3	1.914000E+3	0.000000E+0	2.206976E-3	1.427990E+0	9.776372E-2	4.035192E+2	4.348145E+1	8.980000E+2
4.559596E+3	1.920000E+3	0.000000E+0	-9.360473E-3	8.105671E-1	9.776372E-2	4.035192E+2	4.348145E+1	8.980000E+2
4.561304E+3	1.926000E+3	0.000000E+0	2.166660E-3	2.483226E-1	9.776372E-2	4.035192E+2	4.348145E+1	8.980000E+2
4.563110E+3	1.932000E+3	0.000000E+0	-3.856173E-3	-3.404165E-1	9.776372E-2	4.035192E+2	4.348145E+1	8.980000E+2
4.564920E+3	1.938000E+3	0.000000E+0	-4.502377E-3	-8.108290E-1	9.776372E-2	4.035192E+2	4.348145E+1	8.980000E+2
4.566727E+3	1.944000E+3	0.000000E+0	1.396767E-2	-1.142792E+0	9.776372E-2	4.035192E+2	4.348145E+1	8.980000E+2
4.568532E+3	1.950000E+3	0.000000E+0	1.490925E-2	-1.224258E+0	9.776372E-2	4.035192E+2	4.348145E+1	8.980000E+2
4.570338E+3	1.956000E+3	0.000000E+0	1.188274E-2	-9.786302E-1	9.776372E-2	4.035192E+2	4.348145E+1	8.980000E+2
4.585589E+3	1.962000E+3	0.000000E+0	7.816308E-3	-5.753426E-1	9.776372E-2	4.035192E+2	4.348145E+1	8.980000E+2
4.587296E+3	1.968000E+3	0.000000E+0	2.153595E-3	-1.620159E-1	1.067368E-1	4.035192E+2	4.348145E+1	8.980000E+2
4.589103E+3	1.974000E+3	0.000000E+0	-1.063030E-3	1.555924E-1	1.067870E-1	4.035192E+2	4.348145E+1	8.980000E+2
4.590912E+3	1.980000E+3	0.000000E+0	-1.463923E-3	4.223863E-1	1.067870E-1	4.035192E+2	4.348145E+1	8.980000E+2
4.592721E+3	1.986000E+3	0.000000E+0	-2.288806E-3	5.954970E-1	1.067870E-1	4.035192E+2	4.348145E+1	8.980000E+2
4.594529E+3	1.992000E+3	0.000000E+0	2.095612E-3	6.626377E-1	1.067870E-1	4.035192E+2	4.348145E+1	8.980000E+2
4.596334E+3	1.998000E+3	0.000000E+0	4.780099E-3	6.303178E-1	1.158177E-1	4.035192E+2	4.348145E+1	8.980000E+2
4.598140E+3	2.004000E+3	0.000000E+0	7.186927E-3	5.197336E-1	1.158177E-1	4.035192E+2	4.348145E+1	8.980000E+2
4.599947E+3	2.010000E+3	0.000000E+0	7.066572E-3	3.853118E-1	1.157825E-1	4.035192E+2	4.348145E+1	8.980000E+2
4.601755E+3	2.016000E+3	0.000000E+0	-9.335605E-4	2.240400E-1	1.157825E-1	4.035192E+2	4.348145E+1	8.980000E+2
4.616909E+3	2.022000E+3	0.000000E+0	-2.487937E-4	-4.667199E-3	1.157825E-1	4.035192E+2	4.348145E+1	8.980000E+2
4.618613E+3	2.028000E+3	0.000000E+0	-9.255401E-4	-2.134981E-1	1.157825E-1	4.035192E+2	4.348145E+1	8.980000E+2
4.620419E+3	2.034000E+3	0.000000E+0	-1.258270E-3	-4.489562E-1	1.158177E-1	4.035192E+2	4.348145E+1	8.980000E+2
4.622226E+3	2.040000E+3	0.000000E+0	1.742894E-3	-5.584708E-1	1.157825E-1	4.035192E+2	4.348145E+1	8.980000E+2
4.624030E+3	2.046000E+3	0.000000E+0	5.348874E-3	-5.329096E-1	1.157825E-1	4.035192E+2	4.348145E+1	8.980000E+2
4.625835E+3	2.052000E+3	0.000000E+0	2.445593E-3	-3.852024E-1	1.158177E-1	4.035192E+2	4.348145E+1	8.980000E+2
4.627638E+3	2.058000E+3	0.000000E+0	1.308479E-3	-2.597236E-1	1.158177E-1	4.035192E+2	4.348145E+1	8.980000E+2
4.629441E+3	2.064000E+3	0.000000E+0	2.566377E-4	-1.693083E-1	1.158177E-1	4.035192E+2	4.350586E+1	8.980000E+2
4.631244E+3	2.070000E+3	0.000000E+0	2.317791E-4	-1.031752E-1	1.158177E-1	4.035192E+2	4.350586E+1	8.980000E+2
4.633050E+3	2.076000E+3	0.000000E+0	5.441153E-4	-3.722629E-2	1.158177E-1	4.035192E+2	4.348145E+1	8.980000E+2
4.648197E+3	2.082000E+3	0.000000E+0	4.608198E-4	2.347833E-2	1.158177E-1	4.035192E+2	4.348145E+1	8.970000E+2
4.649902E+3	2.088000E+3	0.000000E+0	4.564774E-4	9.262726E-2	1.158177E-1	4.035192E+2	4.348145E+1	8.970000E+2
4.651710E+3	2.094000E+3	0.000000E+0	-2.953080E-5	1.367180E-1	1.158177E-1	4.035192E+2	4.350586E+1	8.970000E+2
4.653514E+3	2.100000E+3	0.000000E+0	-5.115414E-4	1.593277E-1	1.158177E-1	4.035192E+2	4.348145E+1	8.970000E+2
4.655319E+3	2.106000E+3	0.000000E+0	-3.052136E-4	1.533486E-1	1.158177E-1	4.035192E+2	4.350586E+1	8.970000E+2
4.657123E+3	2.112000E+3	0.000000E+0	-7.163497E-4	1.269788E-1	1.158177E-1	4.035192E+2	4.350586E+1	8.970000E+2
4.658932E+3	2.118000E+3	0.000000E+0	-3.910112E-4	7.920995E-2	1.158177E-1	3.936961E+2	4.350586E+1	8.970000E+2
4.660742E+3	2.124000E+3	0.000000E+0	5.835935E-5	2.976136E-2	1.158177E-1	4.035192E+2	4.348145E+1	8.970000E+2
4.662549E+3	2.130000E+3	0.000000E+0	-9.326399E-4	-1.087750E-2	1.158177E-1	4.035192E+2	4.350586E+1	8.970000E+2
