9.368240E+2	2.136000E+3	0.000000E+0	1.621351E-3	-2.995672E-2	1.158177E-1	4.035192E+2	3.271484E+1	2.980000E+2
9.528790E+2	7.680000E+2	0.000000E+0	5.980080E-5	-8.222005E-5	2.575762E-2	4.035192E+2	3.271484E+1	2.980000E+2
9.546820E+2	7.740000E+2	0.000000E+0	-1.666003E-6	1.358953E-4	2.575762E-2	4.035192E+2	3.271484E+1	2.980000E+2
9.563900E+2	7.800000E+2	0.000000E+0	1.849240E-5	1.008502E-5	2.575762E-2	4.035192E+2	3.271484E+1	2.980000E+2
9.581960E+2	7.860000E+2	0.000000E+0	-1.263650E-4	-2.815652E-4	2.575762E-2	4.035192E+2	3.271484E+1	2.980000E+2
9.600030E+2	7.920000E+2	0.000000E+0	-1.496436E-4	-4.140048E-4	2.575762E-2	4.035192E+2	3.271484E+1	2.980000E+2
9.618070E+2	7.980000E+2	0.000000E+0	1.820214E-5	6.045139E-5	2.575762E-2	3.936961E+2	3.271484E+1	2.980000E+2
9.636140E+2	8.040000E+2	0.000000E+0	2.392909E-4	7.676509E-4	2.575762E-2	4.035192E+2	3.271484E+1	2.980000E+2
9.654220E+2	8.100000E+2	0.000000E+0	2.871987E-4	4.792672E-4	2.575762E-2	3.936961E+2	3.271484E+1	2.980000E+2
9.672270E+2	8.160000E+2	0.000000E+0	6.926231E-5	-2.303302E-5	2.575762E-2	4.035192E+2	3.271484E+1	2.980000E+2
9.690330E+2	8.220000E+2	0.000000E+0	-1.068521E-4	-1.575284E-4	2.575762E-2	4.035192E+2	3.271484E+1	2.980000E+2
9.850720E+2	8.280000E+2	0.000000E+0	-1.244119E-4	-2.656476E-5	2.575762E-2	4.035192E+2	3.271484E+1	2.980000E+2
9.868770E+2	8.340000E+2	0.000000E+0	-8.653732E-5	8.202999E-5	2.574004E-2	4.035192E+2	3.271484E+1	2.980000E+2
9.885840E+2	8.400000E+2	0.000000E+0	4.885478E-5	-1.461549E-4	2.574004E-2	4.035192E+2	3.271484E+1	2.980000E+2
9.903920E+2	8.460000E+2	0.000000E+0	-8.328941E-5	-2.043878E-4	2.574004E-2	4.035192E+2	3.271484E+1	2.980000E+2
9.921990E+2	8.520000E+2	0.000000E+0	4.952372E-5	-1.318093E-4	2.574004E-2	3.936961E+2	3.271484E+1	2.980000E+2
9.940060E+2	8.580000E+2	0.000000E+0	-2.555500E-6	-2.048355E-4	2.574004E-2	4.035192E+2	3.271484E+1	2.980000E+2
9.958200E+2	8.640000E+2	0.000000E+0	-3.405515E-5	-1.163818E-4	2.574004E-2	4.035192E+2	3.271484E+1	2.980000E+2
9.976310E+2	8.700000E+2	0.000000E+0	-5.767496E-5	5.240706E-5	2.574004E-2	4.035192E+2	3.271484E+1	2.980000E+2
9.994350E+2	8.760000E+2	0.000000E+0	1.373799E-5	1.206994E-4	2.574004E-2	4.035192E+2	3.271484E+1	2.980000E+2
1.001242E+3	8.820000E+2	0.000000E+0	-8.057041E-5	7.407597E-6	2.575762E-2	4.035192E+2	3.271484E+1	2.980000E+2
1.017185E+3	8.880000E+2	0.000000E+0	-8.025374E-5	-1.547382E-4	3.476058E-2	4.035192E+2	3.271484E+1	2.980000E+2
1.018992E+3	8.940000E+2	0.000000E+0	-6.244257E-5	-9.240026E-5	3.476058E-2	4.035192E+2	3.271484E+1	2.980000E+2
1.020797E+3	9.000000E+2	0.000000E+0	2.158684E-5	-2.819210E-4	3.476058E-2	4.035192E+2	3.271484E+1	2.980000E+2
1.022607E+3	9.060000E+2	0.000000E+0	-7.018630E-5	-2.878607E-4	3.476058E-2	4.035192E+2	3.271484E+1	2.980000E+2
1.024415E+3	9.120000E+2	0.000000E+0	8.718415E-5	-2.557168E-4	3.476058E-2	4.035192E+2	3.271484E+1	2.980000E+2
1.026221E+3	9.180000E+2	0.000000E+0	3.190677E-5	-7.519256E-4	3.476058E-2	4.035192E+2	3.271484E+1	2.980000E+2
1.028026E+3	9.240000E+2	0.000000E+0	6.180715E-6	-2.518379E-3	3.476058E-2	4.035192E+2	3.271484E+1	2.980000E+2
1.029832E+3	9.300000E+2	0.000000E+0	1.146158E-4	-3.192371E-3	3.476058E-2	4.035192E+2	3.271484E+1	2.980000E+2
1.031636E+3	9.360000E+2	0.000000E+0	-9.579547E-6	5.691253E-4	3.474300E-2	4.035192E+2	3.269043E+1	2.980000E+2
1.033443E+3	9.420000E+2	0.000000E+0	-1.456882E-4	5.401228E-3	3.474300E-2	4.035192E+2	3.269043E+1	2.980000E+2
1.049393E+3	9.480000E+2	0.000000E+0	6.474854E-5	6.838600E-3	3.474300E-2	4.035192E+2	3.269043E+1	2.980000E+2
1.051197E+3	9.540000E+2	0.000000E+0	-4.854630E-5	2.452266E-3	3.474300E-2	4.035192E+2	3.271484E+1	2.980000E+2
1.053006E+3	9.600000E+2	0.000000E+0	5.723313E-5	-2.042711E-3	3.474300E-2	4.035192E+2	3.271484E+1	2.980000E+2
1.054812E+3	9.660000E+2	0.000000E+0	2.836652E-5	-2.626448E-3	3.474300E-2	4.035192E+2	3.271484E+1	2.980000E+2
1.056622E+3	9.720000E+2	0.000000E+0	-4.222451E-5	-1.791332E-3	3.474300E-2	4.035192E+2	3.271484E+1	2.980000E+2
1.058429E+3	9.780000E+2	0.000000E+0	-4.165267E-5	-8.157677E-4	3.474300E-2	4.035192E+2	3.271484E+1	2.980000E+2
1.060231E+3	9.840000E+2	0.000000E+0	9.758412E-6	-4.026876E-4	3.474300E-2	4.035192E+2	3.271484E+1	2.980000E+2
1.061938E+3	9.900000E+2	0.000000E+0	-1.579626E-4	-5.191751E-4	3.474300E-2	4.035192E+2	3.271484E+1	2.980000E+2
1.063745E+3	9.960000E+2	0.000000E+0	-1.797552E-4	-6.923203E-4	3.474300E-2	4.035192E+2	3.271484E+1	2.980000E+2
1.065548E+3	1.002000E+3	0.000000E+0	-2.828036E-4	-9.794523E-4	3.474300E-2	4.035192E+2	3.271484E+1	2.980000E+2
1.081599E+3	1.008000E+3	0.000000E+0	2.868952E-5	-6.763533E-5	3.476058E-2	4.035192E+2	3.271484E+1	2.970000E+2
1.083307E+3	1.014000E+3	0.000000E+0	4.823830E-4	1.278732E-3	3.476058E-2	4.035192E+2	3.271484E+1	2.970000E+2
1.085113E+3	1.020000E+3	0.000000E+0	5.582166E-4	1.489180E-3	3.476058E-2	4.035192E+2	3.271484E+1	2.970000E+2
1.086822E+3	1.026000E+3	0.000000E+0	1.841720E-4	1.217911E-4	3.476058E-2	4.035192E+2	3.271484E+1	2.970000E+2
1.088728E+3	1.032000E+3	0.000000E+0	-2.406460E-4	-1.067635E-3	4.376354E-2	4.035192E+2	3.271484E+1	2.970000E+2
1.090436E+3	1.038000E+3	0.000000E+0	-1.969439E-4	-1.084478E-3	4.376354E-2	4.035192E+2	3.271484E+1	2.970000E+2
1.092241E+3	1.044000E+3	0.000000E+0	-7.745902E-5	-1.015954E-3	4.376354E-2	4.035192E+2	3.271484E+1	2.970000E+2
1.094046E+3	1.050000E+3	0.000000E+0	-1.029878E-4	-1.009258E-3	4.376354E-2	4.035192E+2	3.271484E+1	2.970000E+2
1.095856E+3	1.056000E+3	0.000000E+0	8.719402E-6	-1.313620E-3	4.376354E-2	4.035192E+2	3.271484E+1	2.970000E+2
1.097665E+3	1.062000E+3	0.000000E+0	-8.561409E-6	-1.483542E-3	4.376354E-2	4.035192E+2	3.271484E+1	2.970000E+2
1.113717E+3	1.068000E+3	0.000000E+0	5.593522E-5	-3.030882E-3	4.376354E-2	3.936961E+2	3.271484E+1	2.980000E+2
1.115428E+3	1.074000E+3	0.000000E+0	1.127388E-4	-5.175109E-3	4.376354E-2	4.035192E+2	3.271484E+1	2.980000E+2
1.117235E+3	1.080000E+3	0.000000E+0	-2.126327E-5	-9.539169E-3	4.376354E-2	4.035192E+2	3.271484E+1	2.980000E+2
1.119042E+3	1.086000E+3	0.000000E+0	3.013856E-4	-2.189259E-2	4.376354E-2	4.035192E+2	3.271484E+1	2.980000E+2
1.120849E+3	1.092000E+3	0.000000E+0	4.373676E-4	-5.542012E-2	4.376354E-2	4.035192E+2	3.271484E+1	2.980000E+2
1.122652E+3	1.098000E+3	0.000000E+0	2.772868E-3	-9.038536E-2	4.376354E-2	4.035192E+2	3.271484E+1	2.980000E+2
1.124459E+3	1.104000E+3	0.000000E+0	-3.544325E-4	-2.770014E-2	4.376354E-2	4.035192E+2	3.271484E+1	2.980000E+2
1.126266E+3	1.110000E+3	0.000000E+0	1.489351E-3	1.143514E-1	4.376354E-2	3.936961E+2	3.271484E+1	2.980000E+2
1.128074E+3	1.116000E+3	0.000000E+0	-1.042393E-4	1.527674E-1	4.376354E-2	4.035192E+2	3.271484E+1	2.980000E+2
1.129879E+3	1.122000E+3	0.000000E+0	-6.756716E-3	-2.698732E-2	4.376354E-2	4.035192E+2	3.271484E+1	2.980000E+2
1.145934E+3	1.128000E+3	0.000000E+0	1.713573E-4	-2.884907E-1	4.376354E-2	4.035192E+2	3.269043E+1	2.970000E+2
1.147643E+3	1.134000E+3	0.000000E+0	5.529025E-4	-1.943514E-1	4.376354E-2	4.035192E+2	3.271484E+1	2.970000E+2
1.149447E+3	1.140000E+3	0.000000E+0	-1.887200E-2	2.355628E-1	4.374596E-2	4.035192E+2	3.271484E+1	2.970000E+2
1.151251E+3	1.146000E+3	0.000000E+0	-2.025257E-3	4.740463E-1	4.376354E-2	4.035192E+2	3.271484E+1	2.970000E+2
1.153058E+3	1.152000E+3	0.000000E+0	8.024544E-3	2.577311E-1	4.374596E-2	4.035192E+2	3.271484E+1	2.970000E+2
1.154863E+3	1.158000E+3	0.000000E+0	1.052539E-3	-1.686723E-1	4.374596E-2	3.936961E+2	3.271484E+1	2.970000E+2
1.156667E+3	1.164000E+3	0.000000E+0	6.461322E-3	-3.142889E-1	4.374596E-2	4.035192E+2	3.271484E+1	2.970000E+2
1.158474E+3	1.170000E+3	0.000000E+0	2.434834E-3	-1.115179E-1	4.374596E-2	4.035192E+2	3.271484E+1	2.970000E+2
1.160282E+3	1.176000E+3	0.000000E+0	1.717590E-3	9.951628E-2	4.374596E-2	4.035192E+2	3.271484E+1	2.970000E+2
1.161989E+3	1.182000E+3	0.000000E+0	-7.542111E-4	1.507708E-1	4.374596E-2	4.035192E+2	3.271484E+1	2.970000E+2
1.178023E+3	1.188000E+3	0.000000E+0	1.740714E-3	4.307114E-2	4.374596E-2	4.035192E+2	3.271484E+1	2.980000E+2
1.179728E+3	1.194000E+3	0.000000E+0	9.941882E-4	-7.183255E-2	5.276650E-2	4.035192E+2	3.271484E+1	2.980000E+2
1.181535E+3	1.200000E+3	0.000000E+0	1.383948E-4	-6.820065E-2	5.276650E-2	4.035192E+2	3.271484E+1	2.980000E+2
1.183341E+3	1.206000E+3	0.000000E+0	1.442903E-3	-2.717457E-2	5.276650E-2	4.035192E+2	3.271484E+1	2.980000E+2
1.185147E+3	1.212000E+3	0.000000E+0	1.208420E-3	-9.733333E-3	5.276650E-2	4.035192E+2	3.271484E+1	2.980000E+2
1.186952E+3	1.218000E+3	0.000000E+0	1.387901E-4	-5.070921E-3	5.276650E-2	4.035192E+2	3.271484E+1	2.980000E+2
1.188753E+3	1.224000E+3	0.000000E+0	-3.450531E-4	-4.197785E-3	5.276650E-2	4.035192E+2	3.271484E+1	2.980000E+2
1.190559E+3	1.230000E+3	0.000000E+0	-2.805562E-4	-2.716865E-3	5.276650E-2	4.035192E+2	3.271484E+1	2.980000E+2
1.192367E+3	1.236000E+3	0.000000E+0	-1.583439E-4	-1.705307E-3	5.274892E-2	4.035192E+2	3.271484E+1	2.980000E+2
1.194073E+3	1.242000E+3	0.000000E+0	-6.195541E-5	-1.250180E-3	5.274892E-2	4.035192E+2	3.271484E+1	2.980000E+2
1.210132E+3	1.248000E+3	0.000000E+0	8.675690E-6	-1.093904E-3	5.274892E-2	4.035192E+2	3.271484E+1	2.980000E+2
1.211935E+3	1.254000E+3	0.000000E+0	2.956906E-5	-1.023701E-3	5.274892E-2	4.035192E+2	3.271484E+1	2.980000E+2
1.213743E+3	1.260000E+3	0.000000E+0	8.935177E-6	-1.127076E-3	6.176946E-2	4.035192E+2	3.276367E+1	2.980000E+2
1.215549E+3	1.266000E+3	0.000000E+0	-9.190894E-6	-3.087795E-3	6.176946E-2	4.035192E+2	3.271484E+1	2.980000E+2
1.217256E+3	1.272000E+3	0.000000E+0	1.089519E-4	-1.069359E-2	6.176946E-2	4.035192E+2	3.271484E+1	2.980000E+2
1.219063E+3	1.278000E+3	0.000000E+0	5.500705E-4	-2.899741E-2	6.176946E-2	4.035192E+2	3.271484E+1	2.980000E+2
1.220872E+3	1.284000E+3	0.000000E+0	2.162519E-5	-2.220757E-2	6.176946E-2	4.035192E+2	3.271484E+1	2.980000E+2
1.222680E+3	1.290000E+3	0.000000E+0	5.582377E-4	2.936971E-2	6.176946E-2	4.035192E+2	3.271484E+1	2.980000E+2
1.224488E+3	1.296000E+3	0.000000E+0	5.843022E-4	5.983973E-2	6.176946E-2	4.035192E+2	3.271484E+1	2.980000E+2
1.226297E+3	1.302000E+3	0.000000E+0	-2.225178E-3	3.874227E-2	6.176946E-2	4.035192E+2	3.276367E+1	2.980000E+2
1.242255E+3	1.308000E+3	0.000000E+0	3.736151E-4	-8.077791E-3	6.175188E-2	4.035192E+2	3.271484E+1	2.980000E+2
1.243959E+3	1.314000E+3	0.000000E+0	1.169938E-4	-2.646863E-2	6.175188E-2	4.035192E+2	3.271484E+1	2.980000E+2
1.245765E+3	1.320000E+3	0.000000E+0	2.538297E-4	-1.523860E-2	6.175188E-2	4.035192E+2	3.276367E+1	2.980000E+2
1.247572E+3	1.326000E+3	0.000000E+0	-5.162306E-5	-5.358633E-3	6.175188E-2	4.035192E+2	3.276367E+1	2.980000E+2
1.249379E+3	1.332000E+3	0.000000E+0	3.845018E-5	-2.684547E-3	6.175188E-2	4.035192E+2	3.276367E+1	2.980000E+2
1.251187E+3	1.338000E+3	0.000000E+0	1.352881E-5	-9.674383E-4	6.175188E-2	4.035192E+2	3.276367E+1	2.980000E+2
1.252993E+3	1.344000E+3	0.000000E+0	-1.851196E-5	8.325688E-4	7.077242E-2	4.035192E+2	3.271484E+1	2.980000E+2
1.254800E+3	1.350000E+3	0.000000E+0	2.715667E-5	9.122771E-4	7.077242E-2	4.035192E+2	3.276367E+1	2.980000E+2
1.256607E+3	1.356000E+3	0.000000E+0	-4.460662E-5	-5.028328E-4	7.077242E-2	4.035192E+2	3.276367E+1	2.980000E+2
1.258413E+3	1.362000E+3	0.000000E+0	-1.043180E-4	-9.224646E-4	7.077242E-2	4.035192E+2	3.271484E+1	2.980000E+2
1.274358E+3	1.368000E+3	0.000000E+0	-2.630841E-4	-3.350398E-4	7.077242E-2	4.035192E+2	3.271484E+1	2.980000E+2
1.276064E+3	1.374000E+3	0.000000E+0	-4.992983E-4	-1.516911E-3	7.077242E-2	4.035192E+2	3.271484E+1	2.980000E+2
1.277874E+3	1.380000E+3	0.000000E+0	-2.510617E-4	-2.026686E-3	7.077242E-2	4.035192E+2	3.276367E+1	2.980000E+2
1.279675E+3	1.386000E+3	0.000000E+0	7.347391E-4	-3.672084E-4	7.075484E-2	4.035192E+2	3.276367E+1	2.980000E+2
1.281477E+3	1.392000E+3	0.000000E+0	1.081138E-3	-2.936543E-4	7.075484E-2	4.035192E+2	3.276367E+1	2.980000E+2
1.283284E+3	1.398000E+3	0.000000E+0	6.216615E-4	-4.164424E-3	7.075484E-2	4.035192E+2	3.276367E+1	2.980000E+2
1.285092E+3	1.404000E+3	0.000000E+0	-4.551278E-4	-1.226616E-2	7.075484E-2	4.035192E+2	3.276367E+1	2.980000E+2
1.286898E+3	1.410000E+3	0.000000E+0	-3.192676E-4	-3.093922E-2	7.075484E-2	4.035192E+2	3.276367E+1	2.980000E+2
1.288705E+3	1.416000E+3	0.000000E+0	4.463060E-4	-8.197040E-2	7.075484E-2	4.035192E+2	3.276367E+1	2.980000E+2
1.290509E+3	1.422000E+3	0.000000E+0	4.562520E-3	-1.616549E-1	7.075484E-2	4.035192E+2	3.276367E+1	2.980000E+2
1.306465E+3	1.428000E+3	0.000000E+0	2.725554E-3	-6.686028E-2	7.075484E-2	4.035192E+2	3.276367E+1	2.980000E+2
1.308272E+3	1.434000E+3	0.000000E+0	-2.292183E-3	2.177809E-1	7.075484E-2	4.035192E+2	3.276367E+1	2.980000E+2
1.310079E+3	1.440000E+3	0.000000E+0	-2.670616E-3	3.328253E-1	7.075484E-2	4.035192E+2	3.276367E+1	2.980000E+2
1.311887E+3	1.446000E+3	0.000000E+0	-7.296652E-4	1.628560E-1	7.075484E-2	4.035192E+2	3.276367E+1	2.980000E+2
1.313692E+3	1.452000E+3	0.000000E+0	-3.092211E-3	-1.008123E-1	7.075484E-2	4.035192E+2	3.276367E+1	2.980000E+2
1.315497E+3	1.458000E+3	0.000000E+0	8.924980E-4	-1.443768E-1	7.075484E-2	4.035192E+2	3.276367E+1	2.980000E+2
1.317305E+3	1.464000E+3	0.000000E+0	-3.473364E-4	-6.983752E-2	7.075484E-2	4.035192E+2	3.276367E+1	2.980000E+2
1.319010E+3	1.470000E+3	0.000000E+0	-1.762678E-4	-2.505665E-2	7.075484E-2	4.035192E+2	3.276367E+1	2.980000E+2
1.320812E+3	1.476000E+3	0.000000E+0	1.339853E-4	-1.122475E-2	7.075484E-2	4.035192E+2	3.276367E+1	2.980000E+2
1.322619E+3	1.482000E+3	0.000000E+0	1.039660E-4	-8.000914E-3	7.075484E-2	4.035192E+2	3.276367E+1	2.980000E+2
1.338586E+3	1.488000E+3	0.000000E+0	7.862378E-5	-1.330102E-2	7.075484E-2	4.035192E+2	3.276367E+1	2.980000E+2
1.340392E+3	1.494000E+3	0.000000E+0	1.864280E-4	-3.017858E-2	7.075484E-2	4.035192E+2	3.276367E+1	2.980000E+2
1.342099E+3	1.500000E+3	0.000000E+0	-3.435577E-4	-3.217608E-2	7.075484E-2	4.035192E+2	3.276367E+1	2.980000E+2
1.343906E+3	1.506000E+3	0.000000E+0	-1.672174E-3	2.267419E-2	7.075484E-2	4.035192E+2	3.276367E+1	2.980000E+2
1.345713E+3	1.512000E+3	0.000000E+0	-1.974262E-4	7.289574E-2	7.075484E-2	4.035192E+2	3.276367E+1	2.980000E+2
1.347518E+3	1.518000E+3	0.000000E+0	3.323435E-4	5.162724E-2	7.075484E-2	4.035192E+2	3.276367E+1	2.980000E+2
1.349322E+3	1.524000E+3	0.000000E+0	-6.208461E-4	-1.478156E-2	7.075484E-2	4.035192E+2	3.276367E+1	2.980000E+2
1.351129E+3	1.530000E+3	0.000000E+0	9.653146E-4	-3.996272E-2	7.075484E-2	4.035192E+2	3.276367E+1	2.980000E+2
1.352935E+3	1.536000E+3	0.000000E+0	4.353639E-4	-1.218136E-2	7.075484E-2	4.035192E+2	3.276367E+1	2.980000E+2
1.354742E+3	1.542000E+3	0.000000E+0	1.885177E-4	-1.117496E-3	7.075484E-2	4.035192E+2	3.276367E+1	2.980000E+2
1.370586E+3	1.548000E+3	0.000000E+0	-2.492745E-4	-3.076395E-3	7.075484E-2	4.035192E+2	3.276367E+1	2.980000E+2
1.372388E+3	1.554000E+3	0.000000E+0	-6.052655E-4	-5.462990E-3	7.075484E-2	3.936961E+2	3.276367E+1	2.980000E+2
1.374191E+3	1.560000E+3	0.000000E+0	1.081986E-5	-1.813984E-3	7.075484E-2	4.035192E+2	3.276367E+1	2.980000E+2
1.375994E+3	1.566000E+3	0.000000E+0	1.175988E-3	2.037054E-3	7.075484E-2	4.035192E+2	3.276367E+1	2.980000E+2
1.377801E+3	1.572000E+3	0.000000E+0	1.390441E-3	2.966349E-3	7.977538E-2	4.035192E+2	3.276367E+1	2.980000E+2
1.379608E+3	1.578000E+3	0.000000E+0	2.978879E-4	9.166772E-4	7.977538E-2	4.035192E+2	3.276367E+1	2.980000E+2
1.381414E+3	1.584000E+3	0.000000E+0	-7.741706E-4	-1.439172E-3	7.977538E-2	4.035192E+2	3.276367E+1	2.980000E+2
1.383221E+3	1.590000E+3	0.000000E+0	-3.878618E-4	-1.065479E-3	7.977538E-2	4.035192E+2	3.276367E+1	2.980000E+2
1.385029E+3	1.596000E+3	0.000000E+0	-9.724066E-5	-6.129429E-4	7.977538E-2	4.035192E+2	3.276367E+1	2.980000E+2
1.386835E+3	1.602000E+3	0.000000E+0	-1.101562E-5	-2.390065E-4	7.977538E-2	4.035192E+2	3.276367E+1	2.980000E+2
1.402696E+3	1.608000E+3	0.000000E+0	2.175327E-5	-1.987686E-4	7.977538E-2	4.035192E+2	3.276367E+1	2.980000E+2
1.404501E+3	1.614000E+3	0.000000E+0	-3.267657E-5	-3.047037E-4	7.977538E-2	4.035192E+2	3.276367E+1	2.980000E+2
1.406309E+3	1.620000E+3	0.000000E+0	-8.820440E-6	-8.469961E-5	7.977538E-2	4.035192E+2	3.276367E+1	2.980000E+2
1.408117E+3	1.626000E+3	0.000000E+0	-9.912575E-5	-1.769271E-5	7.975780E-2	4.035192E+2	3.276367E+1	2.980000E+2
1.409921E+3	1.632000E+3	0.000000E+0	-4.536643E-4	-2.570245E-4	7.975780E-2	4.035192E+2	3.276367E+1	2.980000E+2
1.411725E+3	1.638000E+3	0.000000E+0	-7.629234E-5	-4.000506E-5	8.877834E-2	4.035192E+2	3.276367E+1	2.980000E+2
1.413533E+3	1.644000E+3	0.000000E+0	1.917624E-4	-4.388600E-4	8.877834E-2	4.035192E+2	3.276367E+1	2.980000E+2
1.415340E+3	1.650000E+3	0.000000E+0	8.168538E-5	6.030922E-6	8.877834E-2	4.035192E+2	3.276367E+1	2.980000E+2
1.417143E+3	1.656000E+3	0.000000E+0	6.469220E-5	-5.340844E-5	8.877834E-2	4.035192E+2	3.276367E+1	2.980000E+2
1.418944E+3	1.662000E+3	0.000000E+0	-2.651533E-5	-2.086345E-4	8.877834E-2	4.035192E+2	3.276367E+1	2.980000E+2
1.434798E+3	1.668000E+3	0.000000E+0	4.105758E-5	-2.034569E-4	8.876076E-2	4.035192E+2	3.276367E+1	2.980000E+2
1.436603E+3	1.674000E+3	0.000000E+0	1.663174E-5	2.495471E-5	8.876076E-2	4.035192E+2	3.276367E+1	2.980000E+2
1.438408E+3	1.680000E+3	0.000000E+0	3.846590E-5	1.372028E-4	8.876076E-2	4.035192E+2	3.273926E+1	2.980000E+2
1.440216E+3	1.686000E+3	0.000000E+0	4.001156E-8	-9.012136E-5	8.876076E-2	4.035192E+2	3.276367E+1	2.980000E+2
1.442027E+3	1.692000E+3	0.000000E+0	1.494550E-5	-1.316840E-4	9.778130E-2	4.035192E+2	3.276367E+1	2.980000E+2
1.443735E+3	1.698000E+3	0.000000E+0	-6.183757E-6	-2.357147E-4	9.778130E-2	4.035192E+2	3.276367E+1	2.980000E+2
1.445544E+3	1.704000E+3	0.000000E+0	-4.176506E-5	-2.312858E-4	9.778130E-2	4.035192E+2	3.276367E+1	2.980000E+2
1.447351E+3	1.710000E+3	0.000000E+0	-1.474291E-4	-2.468502E-4	9.778130E-2	4.035192E+2	3.276367E+1	2.980000E+2
1.449155E+3	1.716000E+3	0.000000E+0	-5.890067E-5	-5.515115E-4	9.778130E-2	4.035192E+2	3.276367E+1	2.980000E+2
1.450961E+3	1.722000E+3	0.000000E+0	-2.796069E-4	-1.159565E-3	9.778130E-2	4.035192E+2	3.276367E+1	2.980000E+2
1.466922E+3	1.728000E+3	0.000000E+0	-8.227462E-4	-2.035242E-3	9.778130E-2	4.035192E+2	3.276367E+1	2.980000E+2
1.468733E+3	1.734000E+3	0.000000E+0	-1.350274E-4	-1.625196E-4	9.778130E-2	4.035192E+2	3.273926E+1	2.980000E+2
1.470543E+3	1.740000E+3	0.000000E+0	1.025684E-3	2.905799E-3	9.776372E-2	4.035192E+2	3.276367E+1	2.980000E+2
1.472352E+3	1.746000E+3	0.000000E+0	1.329532E-3	3.280536E-3	9.776372E-2	4.035192E+2	3.278809E+1	2.980000E+2
1.474160E+3	1.752000E+3	0.000000E+0	3.345977E-4	5.666004E-4	9.776372E-2	4.035192E+2	3.278809E+1	2.980000E+2
1.475967E+3	1.758000E+3	0.000000E+0	-4.396441E-4	-2.764001E-3	9.776372E-2	4.035192E+2	3.276367E+1	2.980000E+2
1.477772E+3	1.764000E+3	0.000000E+0	-3.977108E-4	-4.412560E-3	9.776372E-2	4.035192E+2	3.276367E+1	2.980000E+2
1.479581E+3	1.770000E+3	0.000000E+0	9.003257E-7	-7.537706E-3	9.776372E-2	4.035192E+2	3.276367E+1	2.980000E+2
1.481388E+3	1.776000E+3	0.000000E+0	1.138813E-4	-3.286218E-3	9.776372E-2	4.035192E+2	3.273926E+1	2.980000E+2
1.483191E+3	1.782000E+3	0.000000E+0	1.702601E-4	7.196977E-3	9.776372E-2	4.035192E+2	3.278809E+1	2.980000E+2
1.499144E+3	1.788000E+3	0.000000E+0	-3.033420E-5	9.397391E-3	9.776372E-2	4.035192E+2	3.276367E+1	2.970000E+2
1.500848E+3	1.794000E+3	0.000000E+0	2.079818E-4	-3.900921E-4	9.776372E-2	4.035192E+2	3.278809E+1	2.970000E+2
1.502656E+3	1.800000E+3	0.000000E+0	1.364893E-4	-1.380880E-2	9.778130E-2	4.035192E+2	3.276367E+1	2.970000E+2
1.504463E+3	1.806000E+3	0.000000E+0	8.210677E-4	-3.110641E-2	9.778130E-2	4.035192E+2	3.276367E+1	2.970000E+2
1.506267E+3	1.812000E+3	0.000000E+0	1.532378E-3	-1.151307E-1	9.778130E-2	4.035192E+2	3.278809E+1	2.970000E+2
1.508073E+3	1.818000E+3	0.000000E+0	2.328283E-3	-3.495792E-1	9.778130E-2	4.035192E+2	3.278809E+1	2.970000E+2
1.509879E+3	1.824000E+3	0.000000E+0	-1.632297E-2	-2.753929E-1	9.778130E-2	4.035192E+2	3.278809E+1	2.970000E+2
1.511685E+3	1.830000E+3	0.000000E+0	1.162450E-2	3.389773E-1	9.778130E-2	4.035192E+2	3.278809E+1	2.970000E+2
1.513490E+3	1.836000E+3	0.000000E+0	4.755298E-3	7.696477E-1	9.778130E-2	4.035192E+2	3.278809E+1	2.970000E+2
1.515297E+3	1.842000E+3	0.000000E+0	-1.952318E-2	4.363382E-1	9.778130E-2	4.035192E+2	3.278809E+1	2.970000E+2
1.531356E+3	1.848000E+3	0.000000E+0	-4.917163E-3	-2.087925E-1	9.778130E-2	3.936961E+2	3.278809E+1	2.980000E+2
1.533065E+3	1.854000E+3	0.000000E+0	-1.140058E-3	-4.039650E-1	9.778130E-2	4.035192E+2	3.276367E+1	2.980000E+2
1.534871E+3	1.860000E+3	0.000000E+0	3.465822E-3	-1.493359E-1	9.778130E-2	4.035192E+2	3.278809E+1	2.980000E+2
1.536679E+3	1.866000E+3	0.000000E+0	9.793098E-4	-5.962202E-2	9.778130E-2	4.035192E+2	3.276367E+1	2.980000E+2
1.538488E+3	1.872000E+3	0.000000E+0	3.785163E-4	-6.805689E-2	9.778130E-2	4.035192E+2	3.278809E+1	2.980000E+2
1.540195E+3	1.878000E+3	0.000000E+0	2.643392E-4	-1.694992E-1	9.778130E-2	4.035192E+2	3.278809E+1	2.980000E+2
1.542002E+3	1.884000E+3	0.000000E+0	6.804634E-3	-4.132730E-1	9.778130E-2	4.035192E+2	3.278809E+1	2.980000E+2
1.543805E+3	1.890000E+3	0.000000E+0	3.206061E-2	-7.280610E-1	9.778130E-2	4.035192E+2	3.276367E+1	2.980000E+2
1.545611E+3	1.896000E+3	0.000000E+0	-1.858672E-2	9.313355E-2	9.778130E-2	4.035192E+2	3.276367E+1	2.980000E+2
1.547417E+3	1.902000E+3	0.000000E+0	-3.955023E-2	1.261608E+0	9.778130E-2	4.035192E+2	3.276367E+1	2.980000E+2
1.563361E+3	1.908000E+3	0.000000E+0	-2.631441E-3	1.411976E+0	9.778130E-2	4.035192E+2	3.276367E+1	2.980000E+2
1.565165E+3	1.914000E+3	0.000000E+0	-4.884213E-2	3.739412E-1	9.774614E-2	4.035192E+2	3.276367E+1	2.980000E+2
1.566971E+3	1.920000E+3	0.000000E+0	4.347274E-2	-6.944300E-1	9.774614E-2	4.035192E+2	3.276367E+1	2.980000E+2
1.568676E+3	1.926000E+3	0.000000E+0	8.899587E-3	-5.823912E-1	9.776372E-2	4.035192E+2	3.273926E+1	2.980000E+2
1.570482E+3	1.932000E+3	0.000000E+0	-1.343979E-3	-1.924212E-1	9.776372E-2	4.035192E+2	3.276367E+1	2.980000E+2
1.572288E+3	1.938000E+3	0.000000E+0	1.044857E-3	-9.160670E-2	1.067843E-1	4.035192E+2	3.276367E+1	2.980000E+2
1.574095E+3	1.944000E+3	0.000000E+0	2.188434E-3	-1.247225E-1	1.067843E-1	4.035192E+2	3.273926E+1	2.980000E+2
1.575903E+3	1.950000E+3	0.000000E+0	1.700646E-3	-1.474421E-1	1.067843E-1	4.035192E+2	3.276367E+1	2.980000E+2
1.577710E+3	1.956000E+3	0.000000E+0	-9.666483E-3	5.950219E-2	1.067843E-1	4.035192E+2	3.276367E+1	2.980000E+2
1.579516E+3	1.962000E+3	0.000000E+0	-6.781881E-4	2.403050E-1	1.067843E-1	4.035192E+2	3.276367E+1	2.980000E+2
1.595476E+3	1.968000E+3	0.000000E+0	8.120134E-3	1.404194E-1	1.067667E-1	4.035192E+2	3.276367E+1	2.980000E+2
1.597183E+3	1.974000E+3	0.000000E+0	-3.699490E-3	-1.352518E-1	1.067667E-1	4.035192E+2	3.276367E+1	2.980000E+2
1.598987E+3	1.980000E+3	0.000000E+0	3.887637E-3	-4.583156E-1	1.067667E-1	4.035192E+2	3.276367E+1	2.980000E+2
1.600796E+3	1.986000E+3	0.000000E+0	-6.840381E-3	-2.733985E-1	1.067667E-1	4.035192E+2	3.276367E+1	2.980000E+2
1.602602E+3	1.992000E+3	0.000000E+0	1.236458E-2	3.118530E-1	1.067667E-1	3.936961E+2	3.276367E+1	2.980000E+2
1.604409E+3	1.998000E+3	0.000000E+0	3.530629E-3	6.956567E-1	1.158177E-1	4.035192E+2	3.276367E+1	2.980000E+2
1.606211E+3	2.004000E+3	0.000000E+0	1.770410E-2	4.996072E-1	1.158177E-1	4.035192E+2	3.276367E+1	2.980000E+2
1.608016E+3	2.010000E+3	0.000000E+0	-5.254145E-3	-1.601405E-1	1.158177E-1	4.035192E+2	3.276367E+1	2.980000E+2
1.609822E+3	2.016000E+3	0.000000E+0	3.808704E-3	-3.105525E-1	1.157825E-1	4.035192E+2	3.276367E+1	2.980000E+2
1.611628E+3	2.022000E+3	0.000000E+0	-1.054941E-3	-1.461821E-1	1.158177E-1	4.035192E+2	3.276367E+1	2.980000E+2
1.627580E+3	2.028000E+3	0.000000E+0	-7.712485E-4	-5.010050E-2	1.158177E-1	4.035192E+2	3.276367E+1	2.980000E+2
1.629287E+3	2.034000E+3	0.000000E+0	-7.144545E-5	-1.185296E-2	1.158177E-1	4.035192E+2	3.276367E+1	2.980000E+2
1.631093E+3	2.040000E+3	0.000000E+0	1.536878E-4	2.298129E-3	1.158177E-1	4.035192E+2	3.276367E+1	2.980000E+2
1.632902E+3	2.046000E+3	0.000000E+0	3.627668E-4	3.263939E-3	1.158001E-1	4.035192E+2	3.278809E+1	2.980000E+2
1.634704E+3	2.052000E+3	0.000000E+0	-3.221201E-4	-6.493575E-3	1.158001E-1	4.035192E+2	3.276367E+1	2.980000E+2
1.636507E+3	2.058000E+3	0.000000E+0	-1.819448E-4	-1.667970E-2	1.158001E-1	4.035192E+2	3.276367E+1	2.980000E+2
1.638312E+3	2.064000E+3	0.000000E+0	-1.216609E-4	-3.323187E-2	1.158001E-1	4.035192E+2	3.278809E+1	2.980000E+2
1.640121E+3	2.070000E+3	0.000000E+0	2.102474E-3	-4.543548E-2	1.158001E-1	4.035192E+2	3.273926E+1	2.980000E+2
1.641929E+3	2.076000E+3	0.000000E+0	-4.270140E-3	1.442457E-2	1.158177E-1	4.035192E+2	3.278809E+1	2.980000E+2
1.643732E+3	2.082000E+3	0.000000E+0	-3.572780E-4	6.792120E-2	1.158177E-1	4.035192E+2	3.278809E+1	2.980000E+2
1.659674E+3	2.088000E+3	0.000000E+0	4.886890E-3	2.328665E-2	1.157900E-1	4.035192E+2	3.276367E+1	2.980000E+2
1.661482E+3	2.094000E+3	0.000000E+0	1.606123E-3	-2.963960E-2	1.158177E-1	4.035192E+2	3.276367E+1	2.980000E+2
1.663284E+3	2.100000E+3	0.000000E+0	-4.669689E-3	-8.585559E-3	1.158177E-1	4.035192E+2	3.278809E+1	2.980000E+2
1.665090E+3	2.106000E+3	0.000000E+0	9.939385E-4	3.652525E-2	1.158177E-1	4.035192E+2	3.278809E+1	2.980000E+2
1.666898E+3	2.112000E+3	0.000000E+0	-1.905728E-3	3.068375E-2	1.158177E-1	4.035192E+2	3.278809E+1	2.980000E+2
1.668703E+3	2.118000E+3	0.000000E+0	3.056878E-3	7.486929E-3	1.158177E-1	4.035192E+2	3.278809E+1	2.980000E+2
1.670506E+3	2.124000E+3	0.000000E+0	3.918323E-4	9.520600E-3	1.158177E-1	4.035192E+2	3.278809E+1	2.980000E+2
1.672312E+3	2.130000E+3	0.000000E+0	-3.492369E-4	-5.846450E-3	1.158177E-1	4.035192E+2	3.276367E+1	2.980000E+2
