5.250064E+3	7.680000E+2	0.000000E+0	-7.528752E-3	-1.476261E-2	1.651189E-2	2.952161E+2	2.690430E+1	5.990000E+2
5.267873E+3	7.680000E+2	0.000000E+0	-9.191926E-6	-4.965539E-5	1.655500E-2	2.952303E+2	2.692871E+1	5.990000E+2
5.269190E+3	7.750000E+2	0.000000E+0	-1.447455E-4	-2.515061E-4	1.721978E-2	2.952209E+2	2.692871E+1	5.990000E+2
5.270514E+3	7.820000E+2	0.000000E+0	-1.000168E-4	-3.972015E-4	1.806381E-2	2.952257E+2	2.692871E+1	5.990000E+2
5.271842E+3	7.890000E+2	0.000000E+0	1.556409E-4	-1.523752E-4	1.933212E-2	2.952332E+2	2.697754E+1	5.990000E+2
5.273055E+3	7.960000E+2	0.000000E+0	6.857570E-5	3.738827E-5	2.018976E-2	2.952134E+2	2.697754E+1	5.990000E+2
5.274375E+3	8.030000E+2	0.000000E+0	9.919994E-6	-1.617152E-4	2.095665E-2	2.952249E+2	2.692871E+1	5.990000E+2
5.275806E+3	8.100000E+2	0.000000E+0	-1.315029E-4	3.401158E-4	2.185513E-2	2.952133E+2	2.692871E+1	5.990000E+2
5.277136E+3	8.170000E+2	0.000000E+0	1.437034E-4	-1.731889E-4	2.252899E-2	2.952188E+2	2.692871E+1	5.990000E+2
5.278358E+3	8.240000E+2	0.000000E+0	3.213133E-4	3.294371E-4	2.270596E-2	2.952226E+2	2.697754E+1	5.990000E+2
5.279688E+3	8.310000E+2	0.000000E+0	4.051644E-6	-3.894329E-4	2.410587E-2	2.951985E+2	2.697754E+1	5.990000E+2
5.281016E+3	8.380000E+2	0.000000E+0	4.263827E-4	3.019074E-4	2.499301E-2	2.952089E+2	2.692871E+1	5.990000E+2
5.282231E+3	8.450000E+2	0.000000E+0	1.916549E-4	1.257594E-4	2.546494E-2	2.952210E+2	2.692871E+1	5.990000E+2
5.283556E+3	8.520000E+2	0.000000E+0	1.463238E-4	2.927430E-4	2.648820E-2	2.952242E+2	2.692871E+1	5.990000E+2
5.299063E+3	8.590000E+2	0.000000E+0	2.011268E-5	1.122561E-4	2.735719E-2	2.952247E+2	2.697754E+1	5.960000E+2
5.300394E+3	8.660000E+2	0.000000E+0	-6.012941E-5	1.199707E-4	2.766576E-2	2.952196E+2	2.697754E+1	5.960000E+2
5.301722E+3	8.730000E+2	0.000000E+0	-1.648017E-4	-1.367354E-4	2.807416E-2	2.952193E+2	2.697754E+1	5.960000E+2
5.303052E+3	8.800000E+2	0.000000E+0	-2.454929E-4	-2.158030E-4	2.924037E-2	2.952297E+2	2.692871E+1	5.960000E+2
5.304273E+3	8.870000E+2	0.000000E+0	-3.387482E-4	-4.300598E-4	2.997322E-2	2.952353E+2	2.692871E+1	5.960000E+2
5.305607E+3	8.940000E+2	0.000000E+0	-4.394801E-4	-7.669635E-4	3.081952E-2	2.952286E+2	2.692871E+1	5.960000E+2
5.306934E+3	9.010000E+2	0.000000E+0	-3.249841E-4	-4.998147E-4	3.141397E-2	2.952409E+2	2.692871E+1	5.960000E+2
5.308159E+3	9.080000E+2	0.000000E+0	-8.454411E-4	-8.597361E-4	3.227842E-2	2.952271E+2	2.692871E+1	5.960000E+2
5.309486E+3	9.150000E+2	0.000000E+0	-5.391251E-4	-1.278627E-3	3.278665E-2	2.952252E+2	2.692871E+1	5.960000E+2
5.310813E+3	9.220000E+2	0.000000E+0	-8.298436E-4	-8.186594E-4	3.377815E-2	2.952171E+2	2.692871E+1	5.960000E+2
5.312031E+3	9.290000E+2	0.000000E+0	-2.356828E-4	-9.974294E-4	3.438395E-2	2.952320E+2	2.692871E+1	5.960000E+2
5.313361E+3	9.360000E+2	0.000000E+0	-5.688195E-4	-6.315101E-4	3.477873E-2	2.952192E+2	2.692871E+1	5.960000E+2
5.314690E+3	9.430000E+2	0.000000E+0	-2.881807E-4	-3.210935E-4	3.542537E-2	2.952212E+2	2.692871E+1	5.960000E+2
5.329090E+3	9.500000E+2	0.000000E+0	-1.630367E-4	2.970856E-4	3.602662E-2	2.952132E+2	2.692871E+1	5.990000E+2
5.330423E+3	9.570000E+2	0.000000E+0	3.857778E-4	3.842648E-4	3.670275E-2	2.952193E+2	2.692871E+1	5.990000E+2
5.331754E+3	9.640000E+2	0.000000E+0	6.300424E-4	7.425680E-4	3.699998E-2	2.952154E+2	2.692871E+1	5.990000E+2
5.333083E+3	9.710000E+2	0.000000E+0	2.603966E-4	7.589361E-4	3.807316E-2	2.952017E+2	2.692871E+1	5.990000E+2
5.334412E+3	9.780000E+2	0.000000E+0	7.010067E-4	7.450608E-4	3.888996E-2	2.952094E+2	2.692871E+1	5.990000E+2
5.335742E+3	9.850000E+2	0.000000E+0	4.714918E-5	8.462915E-4	3.979752E-2	2.952108E+2	2.692871E+1	5.990000E+2
5.336960E+3	9.920000E+2	0.000000E+0	-1.030111E-4	-7.811552E-5	3.981567E-2	2.952199E+2	2.692871E+1	5.990000E+2
5.338290E+3	9.990000E+2	0.000000E+0	-4.321820E-4	-4.235180E-4	4.119516E-2	2.952072E+2	2.697754E+1	5.990000E+2
5.339620E+3	1.006000E+3	0.000000E+0	-8.375427E-4	-1.123945E-3	4.174650E-2	2.952034E+2	2.697754E+1	5.990000E+2
5.340841E+3	1.013000E+3	0.000000E+0	-1.312726E-3	-1.775737E-3	4.213448E-2	2.952013E+2	2.692871E+1	5.990000E+2
5.342171E+3	1.020000E+3	0.000000E+0	-1.434315E-3	-2.791774E-3	4.343455E-2	2.951976E+2	2.692871E+1	5.990000E+2
5.343501E+3	1.027000E+3	0.000000E+0	-1.683562E-3	-3.349218E-3	4.401539E-2	2.952071E+2	2.692871E+1	5.990000E+2
5.344828E+3	1.034000E+3	0.000000E+0	-2.429296E-3	-4.296344E-3	4.505908E-2	2.952102E+2	2.692871E+1	5.990000E+2
5.346045E+3	1.041000E+3	0.000000E+0	-3.606096E-3	-5.727941E-3	4.524967E-2	2.952156E+2	2.692871E+1	5.990000E+2
5.361207E+3	1.048000E+3	0.000000E+0	-5.388541E-3	-8.966778E-3	4.647714E-2	2.952040E+2	2.692871E+1	5.990000E+2
5.362538E+3	1.055000E+3	0.000000E+0	-6.098672E-3	-1.083816E-2	4.702167E-2	2.952304E+2	2.692871E+1	5.990000E+2
5.363868E+3	1.062000E+3	0.000000E+0	-9.722141E-3	-1.765621E-2	4.780898E-2	2.952080E+2	2.692871E+1	5.990000E+2
5.365198E+3	1.069000E+3	0.000000E+0	-1.453096E-2	-2.373110E-2	4.881183E-2	2.952173E+2	2.692871E+1	5.990000E+2
5.366418E+3	1.076000E+3	0.000000E+0	-1.784973E-2	-2.985921E-2	4.998030E-2	2.952256E+2	2.692871E+1	5.990000E+2
5.367750E+3	1.083000E+3	0.000000E+0	-2.351091E-2	-4.026072E-2	5.071996E-2	2.952273E+2	2.692871E+1	5.990000E+2
5.369079E+3	1.090000E+3	0.000000E+0	-2.849546E-2	-4.634451E-2	5.112383E-2	2.952164E+2	2.692871E+1	5.990000E+2
5.370410E+3	1.097000E+3	0.000000E+0	-3.365465E-2	-5.482331E-2	5.154130E-2	2.952255E+2	2.692871E+1	5.990000E+2
5.371631E+3	1.104000E+3	0.000000E+0	-3.544591E-2	-5.744154E-2	5.253281E-2	2.952095E+2	2.692871E+1	5.990000E+2
5.372962E+3	1.111000E+3	0.000000E+0	-3.434188E-2	-5.843148E-2	5.347440E-2	2.952280E+2	2.692871E+1	5.990000E+2
5.374288E+3	1.118000E+3	0.000000E+0	-3.331992E-2	-5.380213E-2	5.410288E-2	2.952187E+2	2.692871E+1	5.990000E+2
5.375618E+3	1.125000E+3	0.000000E+0	-2.215262E-2	-3.561595E-2	5.536211E-2	2.952235E+2	2.692871E+1	5.990000E+2
5.376830E+3	1.132000E+3	0.000000E+0	-1.008472E-2	-1.804117E-2	5.603371E-2	2.952140E+2	2.692871E+1	5.990000E+2
5.391225E+3	1.139000E+3	0.000000E+0	4.877733E-3	9.115486E-3	5.685731E-2	2.951982E+2	2.692871E+1	6.000000E+2
5.392556E+3	1.146000E+3	0.000000E+0	2.027568E-2	3.350337E-2	5.749487E-2	2.952081E+2	2.690430E+1	6.000000E+2
5.393885E+3	1.153000E+3	0.000000E+0	4.353253E-2	6.978620E-2	5.874049E-2	2.951989E+2	2.690430E+1	6.000000E+2
5.395211E+3	1.160000E+3	0.000000E+0	5.685172E-2	9.495395E-2	5.965939E-2	2.952048E+2	2.692871E+1	6.000000E+2
5.396538E+3	1.167000E+3	0.000000E+0	7.394746E-2	1.183902E-1	6.040132E-2	2.951993E+2	2.692871E+1	6.000000E+2
5.397868E+3	1.174000E+3	0.000000E+0	7.889342E-2	1.239265E-1	6.171047E-2	2.951916E+2	2.692871E+1	6.000000E+2
5.399197E+3	1.181000E+3	0.000000E+0	7.503361E-2	1.277611E-1	6.284492E-2	2.951993E+2	2.692871E+1	6.000000E+2
5.400416E+3	1.188000E+3	0.000000E+0	7.199847E-2	1.210314E-1	6.421533E-2	2.951911E+2	2.692871E+1	6.000000E+2
5.401746E+3	1.195000E+3	0.000000E+0	6.514339E-2	1.037617E-1	6.470314E-2	2.951902E+2	2.692871E+1	6.000000E+2
5.402966E+3	1.202000E+3	0.000000E+0	4.452939E-2	7.277831E-2	6.671565E-2	2.952036E+2	2.692871E+1	6.000000E+2
5.404406E+3	1.209000E+3	0.000000E+0	3.018387E-2	5.063856E-2	6.777976E-2	2.951969E+2	2.692871E+1	6.000000E+2
5.405625E+3	1.216000E+3	0.000000E+0	1.135405E-2	1.586646E-2	6.846950E-2	2.951931E+2	2.692871E+1	6.000000E+2
5.407062E+3	1.223000E+3	0.000000E+0	-4.951688E-3	-1.173755E-2	7.018478E-2	2.952023E+2	2.692871E+1	6.000000E+2
5.422136E+3	1.230000E+3	0.000000E+0	-2.062534E-2	-3.306698E-2	7.117402E-2	2.952077E+2	2.692871E+1	6.000000E+2
5.423464E+3	1.237000E+3	0.000000E+0	-2.783768E-2	-4.347501E-2	7.260569E-2	2.951990E+2	2.692871E+1	6.000000E+2
5.424796E+3	1.244000E+3	0.000000E+0	-3.164173E-2	-5.313912E-2	7.357450E-2	2.952023E+2	2.687988E+1	6.000000E+2
5.426016E+3	1.251000E+3	0.000000E+0	-3.410879E-2	-5.690746E-2	7.416442E-2	2.952010E+2	2.687988E+1	6.000000E+2
5.427345E+3	1.258000E+3	0.000000E+0	-3.374578E-2	-5.563517E-2	7.603625E-2	2.951943E+2	2.690430E+1	6.000000E+2
5.428559E+3	1.265000E+3	0.000000E+0	-3.175616E-2	-5.166132E-2	7.730229E-2	2.951946E+2	2.690430E+1	6.000000E+2
5.429889E+3	1.272000E+3	0.000000E+0	-2.757160E-2	-4.491904E-2	7.862506E-2	2.952043E+2	2.690430E+1	6.000000E+2
5.431220E+3	1.279000E+3	0.000000E+0	-2.472299E-2	-4.012277E-2	7.986160E-2	2.951996E+2	2.690430E+1	6.000000E+2
5.432547E+3	1.286000E+3	0.000000E+0	-1.938445E-2	-3.046098E-2	8.089622E-2	2.952094E+2	2.685547E+1	6.000000E+2
5.433868E+3	1.293000E+3	0.000000E+0	-1.460708E-2	-2.316249E-2	8.180831E-2	2.952153E+2	2.685547E+1	6.000000E+2
5.435182E+3	1.300000E+3	0.000000E+0	-8.909558E-3	-1.457170E-2	8.221671E-2	2.951993E+2	2.685547E+1	6.000000E+2
5.436393E+3	1.307000E+3	0.000000E+0	-4.839489E-3	-8.409875E-3	8.339200E-2	2.952158E+2	2.685547E+1	6.000000E+2
5.437712E+3	1.314000E+3	0.000000E+0	-1.909830E-3	-2.104796E-3	8.402729E-2	2.952174E+2	2.685547E+1	6.000000E+2
5.439034E+3	1.321000E+3	0.000000E+0	2.211188E-3	3.600015E-3	8.473064E-2	2.952222E+2	2.685547E+1	6.000000E+2
5.454522E+3	1.328000E+3	0.000000E+0	2.973521E-3	6.099354E-3	8.576526E-2	2.952135E+2	2.685547E+1	6.000000E+2
5.455742E+3	1.335000E+3	0.000000E+0	5.093448E-3	7.491837E-3	8.655937E-2	2.952189E+2	2.690430E+1	6.000000E+2
5.457071E+3	1.342000E+3	0.000000E+0	4.250315E-3	6.093022E-3	8.692239E-2	2.952029E+2	2.690430E+1	6.000000E+2
5.458399E+3	1.349000E+3	0.000000E+0	2.755473E-3	5.774817E-3	8.735348E-2	2.952068E+2	2.685547E+1	6.000000E+2
5.459729E+3	1.356000E+3	0.000000E+0	1.450154E-3	2.475437E-3	8.815213E-2	2.952148E+2	2.690430E+1	6.000000E+2
5.461166E+3	1.363000E+3	0.000000E+0	-6.761289E-4	-4.629368E-4	8.848339E-2	2.952058E+2	2.690430E+1	6.000000E+2
5.462384E+3	1.370000E+3	0.000000E+0	-3.321189E-3	-5.350926E-3	8.858549E-2	2.951926E+2	2.685547E+1	6.000000E+2
5.463713E+3	1.377000E+3	0.000000E+0	-5.657520E-3	-8.529433E-3	8.952254E-2	2.951879E+2	2.685547E+1	6.000000E+2
5.465039E+3	1.384000E+3	0.000000E+0	-8.945716E-3	-1.436042E-2	8.959741E-2	2.952142E+2	2.685547E+1	6.000000E+2
5.466258E+3	1.391000E+3	0.000000E+0	-1.230281E-2	-1.913613E-2	8.967909E-2	2.952074E+2	2.690430E+1	6.000000E+2
5.467588E+3	1.398000E+3	0.000000E+0	-1.508167E-2	-2.433347E-2	9.039379E-2	2.952100E+2	2.685547E+1	6.000000E+2
5.468916E+3	1.405000E+3	0.000000E+0	-1.810424E-2	-3.220093E-2	9.085438E-2	2.952100E+2	2.685547E+1	6.000000E+2
5.470240E+3	1.412000E+3	0.000000E+0	-2.145823E-2	-3.593946E-2	9.096782E-2	2.952033E+2	2.690430E+1	6.000000E+2
5.485710E+3	1.419000E+3	0.000000E+0	-2.201406E-2	-3.897525E-2	9.141706E-2	2.951916E+2	2.690430E+1	5.990000E+2
5.487027E+3	1.426000E+3	0.000000E+0	-2.347139E-2	-3.815366E-2	9.212723E-2	2.952093E+2	2.690430E+1	5.990000E+2
5.488244E+3	1.433000E+3	0.000000E+0	-1.945992E-2	-2.771775E-2	9.250616E-2	2.951960E+2	2.687988E+1	5.990000E+2
5.489573E+3	1.440000E+3	0.000000E+0	-5.570874E-3	-1.206067E-2	9.241545E-2	2.952028E+2	2.690430E+1	5.990000E+2
5.491017E+3	1.447000E+3	0.000000E+0	1.086738E-3	-2.093431E-3	9.318465E-2	2.951998E+2	2.690430E+1	5.990000E+2
5.492240E+3	1.454000E+3	0.000000E+0	1.435190E-2	2.570357E-2	9.375871E-2	2.951867E+2	2.692871E+1	5.990000E+2
5.493570E+3	1.461000E+3	0.000000E+0	2.606514E-2	4.170126E-2	9.375878E-2	2.952058E+2	2.687988E+1	5.990000E+2
5.494901E+3	1.468000E+3	0.000000E+0	3.605872E-2	6.314327E-2	9.455529E-2	2.952035E+2	2.687988E+1	5.990000E+2
5.496342E+3	1.475000E+3	0.000000E+0	4.628874E-2	7.330778E-2	9.566288E-2	2.952131E+2	2.687988E+1	5.990000E+2
5.497562E+3	1.482000E+3	0.000000E+0	4.684043E-2	6.932495E-2	9.574465E-2	2.952118E+2	2.687988E+1	5.990000E+2
5.498886E+3	1.489000E+3	0.000000E+0	3.672391E-2	6.507142E-2	9.711817E-2	2.952104E+2	2.690430E+1	5.990000E+2
5.500203E+3	1.496000E+3	0.000000E+0	3.282015E-2	5.554486E-2	9.788790E-2	2.952020E+2	2.690430E+1	5.990000E+2
5.501522E+3	1.503000E+3	0.000000E+0	1.862965E-2	3.196066E-2	9.930939E-2	2.951984E+2	2.690430E+1	5.990000E+2
5.516624E+3	1.510000E+3	0.000000E+0	7.981950E-3	1.159407E-2	1.008219E-1	2.951944E+2	2.687988E+1	5.960000E+2
5.517950E+3	1.517000E+3	0.000000E+0	-6.450141E-3	-5.079706E-3	1.021164E-1	2.952171E+2	2.687988E+1	5.960000E+2
5.519264E+3	1.524000E+3	0.000000E+0	-1.326222E-2	-1.707016E-2	1.034724E-1	2.952132E+2	2.687988E+1	5.960000E+2
5.520586E+3	1.531000E+3	0.000000E+0	-1.516736E-2	-2.887734E-2	1.044126E-1	2.952165E+2	2.687988E+1	5.960000E+2
5.521906E+3	1.538000E+3	0.000000E+0	-2.011212E-2	-3.184927E-2	1.050985E-1	2.952133E+2	2.687988E+1	5.960000E+2
5.523228E+3	1.545000E+3	0.000000E+0	-1.709110E-2	-2.701303E-2	1.071813E-1	2.952186E+2	2.687988E+1	5.960000E+2
5.524547E+3	1.552000E+3	0.000000E+0	-1.397824E-2	-2.057707E-2	1.093480E-1	2.952010E+2	2.687988E+1	5.960000E+2
5.525871E+3	1.559000E+3	0.000000E+0	-9.080071E-3	-1.263086E-2	1.104858E-1	2.952117E+2	2.687988E+1	5.960000E+2
5.527197E+3	1.566000E+3	0.000000E+0	-3.208478E-3	-7.751715E-3	1.123891E-1	2.951910E+2	2.687988E+1	5.960000E+2
5.528525E+3	1.573000E+3	0.000000E+0	-2.354133E-3	-4.484132E-3	1.145059E-1	2.952018E+2	2.687988E+1	5.960000E+2
5.529740E+3	1.580000E+3	0.000000E+0	-1.540224E-3	-1.637034E-3	1.155459E-1	2.951966E+2	2.690430E+1	5.960000E+2
5.531050E+3	1.587000E+3	0.000000E+0	-1.176978E-3	-2.237922E-3	1.176942E-1	2.952044E+2	2.690430E+1	5.960000E+2
5.532379E+3	1.594000E+3	0.000000E+0	-2.341416E-3	-3.471122E-3	1.192567E-1	2.951907E+2	2.685547E+1	5.960000E+2
5.547656E+3	1.601000E+3	0.000000E+0	-2.447736E-3	-4.865093E-3	1.202356E-1	2.951946E+2	2.685547E+1	5.970000E+2
5.548989E+3	1.608000E+3	0.000000E+0	-3.149218E-3	-6.400951E-3	1.219500E-1	2.952073E+2	2.685547E+1	5.970000E+2
5.550204E+3	1.615000E+3	0.000000E+0	-3.495929E-3	-6.371663E-3	1.230878E-1	2.951811E+2	2.685547E+1	5.970000E+2
5.551533E+3	1.622000E+3	0.000000E+0	-2.928642E-3	-5.970438E-3	1.244387E-1	2.951966E+2	2.685547E+1	5.970000E+2
5.552861E+3	1.629000E+3	0.000000E+0	-2.336627E-3	-4.886795E-3	1.260734E-1	2.952037E+2	2.685547E+1	5.970000E+2
5.554300E+3	1.636000E+3	0.000000E+0	-1.752326E-3	-3.955917E-3	1.262733E-1	2.952024E+2	2.685547E+1	5.970000E+2
5.555626E+3	1.643000E+3	0.000000E+0	-1.806039E-3	-2.720253E-3	1.283299E-1	2.952096E+2	2.687988E+1	5.970000E+2
5.556845E+3	1.650000E+3	0.000000E+0	-1.458009E-3	-2.266481E-3	1.290403E-1	2.952076E+2	2.685547E+1	5.970000E+2
5.558176E+3	1.657000E+3	0.000000E+0	-1.412564E-3	-1.700320E-3	1.300479E-1	2.952165E+2	2.685547E+1	5.970000E+2
5.559510E+3	1.664000E+3	0.000000E+0	-1.276176E-3	-1.585377E-3	1.305722E-1	2.952017E+2	2.687988E+1	5.970000E+2
5.560729E+3	1.671000E+3	0.000000E+0	-1.212555E-3	-1.325679E-3	1.315910E-1	2.952013E+2	2.685547E+1	5.970000E+2
5.562056E+3	1.678000E+3	0.000000E+0	-8.320825E-4	-1.348491E-3	1.316750E-1	2.951954E+2	2.685547E+1	5.970000E+2
5.563384E+3	1.685000E+3	0.000000E+0	-8.835855E-4	-9.623385E-4	1.321923E-1	2.952047E+2	2.685547E+1	5.970000E+2
5.578659E+3	1.692000E+3	0.000000E+0	-8.277757E-4	-9.918428E-4	1.324737E-1	2.952163E+2	2.685547E+1	5.990000E+2
5.579990E+3	1.699000E+3	0.000000E+0	-9.739666E-4	-7.815648E-4	1.330409E-1	2.952129E+2	2.685547E+1	5.990000E+2
5.581210E+3	1.706000E+3	0.000000E+0	-7.837894E-4	-9.055053E-4	1.330885E-1	2.952183E+2	2.685547E+1	5.990000E+2
5.582541E+3	1.713000E+3	0.000000E+0	-8.831926E-4	-1.096171E-3	1.330046E-1	2.952098E+2	2.685547E+1	5.990000E+2
5.583868E+3	1.720000E+3	0.000000E+0	-1.137148E-3	-1.143056E-3	1.333563E-1	2.952114E+2	2.685547E+1	5.990000E+2
5.585085E+3	1.727000E+3	0.000000E+0	-1.247427E-3	-1.116149E-3	1.334765E-1	2.952070E+2	2.685547E+1	5.990000E+2
5.586415E+3	1.734000E+3	0.000000E+0	-1.061887E-3	-1.452049E-3	1.333767E-1	2.952095E+2	2.685547E+1	5.990000E+2
5.587745E+3	1.741000E+3	0.000000E+0	-1.504161E-3	-1.550350E-3	1.333812E-1	2.952131E+2	2.685547E+1	5.990000E+2
5.589074E+3	1.748000E+3	0.000000E+0	-1.238008E-3	-1.583586E-3	1.333585E-1	2.952122E+2	2.685547E+1	5.990000E+2
5.590297E+3	1.755000E+3	0.000000E+0	-1.552306E-3	-2.169307E-3	1.333427E-1	2.952139E+2	2.685547E+1	5.990000E+2
5.591623E+3	1.762000E+3	0.000000E+0	-1.343510E-3	-2.502469E-3	1.334516E-1	2.952141E+2	2.685547E+1	5.990000E+2
5.592949E+3	1.769000E+3	0.000000E+0	-1.820997E-3	-3.860669E-3	1.336308E-1	2.952132E+2	2.685547E+1	5.990000E+2
5.594273E+3	1.776000E+3	0.000000E+0	-2.385567E-3	-4.908507E-3	1.336853E-1	2.952242E+2	2.685547E+1	5.990000E+2
5.608555E+3	1.783000E+3	0.000000E+0	-3.776278E-3	-7.314944E-3	1.339598E-1	2.952220E+2	2.685547E+1	6.010000E+2
5.609776E+3	1.790000E+3	0.000000E+0	-5.414908E-3	-9.370356E-3	1.339757E-1	2.952036E+2	2.685547E+1	6.010000E+2
5.611106E+3	1.797000E+3	0.000000E+0	-1.112822E-2	-1.794175E-2	1.345633E-1	2.952100E+2	2.685547E+1	6.010000E+2
5.612440E+3	1.804000E+3	0.000000E+0	-1.694149E-2	-2.834827E-2	1.346178E-1	2.952198E+2	2.685547E+1	6.010000E+2
5.613771E+3	1.811000E+3	0.000000E+0	-2.833020E-2	-4.687042E-2	1.352031E-1	2.952171E+2	2.685547E+1	6.010000E+2
5.614988E+3	1.818000E+3	0.000000E+0	-3.909282E-2	-6.308249E-2	1.356547E-1	2.952085E+2	2.685547E+1	6.010000E+2
5.616315E+3	1.825000E+3	0.000000E+0	-4.732437E-2	-7.773748E-2	1.361856E-1	2.952038E+2	2.685547E+1	6.010000E+2
5.617646E+3	1.832000E+3	0.000000E+0	-4.877191E-2	-8.443403E-2	1.371521E-1	2.952138E+2	2.685547E+1	6.010000E+2
5.618971E+3	1.839000E+3	0.000000E+0	-4.380612E-2	-7.933571E-2	1.373563E-1	2.952016E+2	2.685547E+1	6.010000E+2
5.620295E+3	1.846000E+3	0.000000E+0	-2.800537E-2	-5.561902E-2	1.389877E-1	2.952185E+2	2.685547E+1	6.010000E+2
5.621627E+3	1.853000E+3	0.000000E+0	-1.371750E-2	-3.326736E-2	1.398294E-1	2.952052E+2	2.685547E+1	6.010000E+2
5.622959E+3	1.860000E+3	0.000000E+0	2.576335E-4	-1.177139E-3	1.408799E-1	2.952038E+2	2.685547E+1	6.010000E+2
5.624286E+3	1.867000E+3	0.000000E+0	4.141258E-3	1.277194E-2	1.418918E-1	2.952180E+2	2.685547E+1	6.010000E+2
5.639800E+3	1.874000E+3	0.000000E+0	3.346670E-4	1.592934E-2	1.431783E-1	2.952025E+2	2.685547E+1	6.000000E+2
5.641017E+3	1.881000E+3	0.000000E+0	1.241037E-2	-7.618152E-3	1.441970E-1	2.952132E+2	2.685547E+1	6.000000E+2
5.642347E+3	1.888000E+3	0.000000E+0	-6.749987E-3	-3.546556E-2	1.449662E-1	2.952106E+2	2.685547E+1	6.000000E+2
5.643681E+3	1.895000E+3	0.000000E+0	-4.048143E-2	-6.854644E-2	1.467926E-1	2.952180E+2	2.685547E+1	6.000000E+2
5.644898E+3	1.902000E+3	0.000000E+0	-5.028804E-2	-8.429035E-2	1.476934E-1	2.952045E+2	2.685547E+1	6.000000E+2
5.646230E+3	1.909000E+3	0.000000E+0	-4.427025E-2	-9.801336E-2	1.481018E-1	2.952064E+2	2.685547E+1	6.000000E+2
5.647562E+3	1.916000E+3	0.000000E+0	-2.794684E-2	-8.741058E-2	1.502595E-1	2.952130E+2	2.685547E+1	6.000000E+2
5.648782E+3	1.923000E+3	0.000000E+0	-8.340797E-3	-4.477845E-2	1.509765E-1	2.952085E+2	2.685547E+1	6.000000E+2
5.650112E+3	1.930000E+3	0.000000E+0	4.046798E-2	4.934732E-2	1.524059E-1	2.952376E+2	2.685547E+1	6.000000E+2
5.651439E+3	1.937000E+3	0.000000E+0	8.553757E-2	1.317544E-1	1.539986E-1	2.952324E+2	2.685547E+1	6.000000E+2
5.652773E+3	1.944000E+3	0.000000E+0	1.481319E-1	2.437773E-1	1.551308E-1	2.952265E+2	2.685547E+1	6.000000E+2
5.653993E+3	1.951000E+3	0.000000E+0	1.864624E-1	3.016288E-1	1.564082E-1	2.952238E+2	2.685547E+1	6.000000E+2
5.655322E+3	1.958000E+3	0.000000E+0	2.082939E-1	3.353399E-1	1.568030E-1	2.952316E+2	2.685547E+1	6.000000E+2
5.656645E+3	1.965000E+3	0.000000E+0	1.935794E-1	3.136515E-1	1.586680E-1	2.952255E+2	2.685547E+1	6.000000E+2
5.672038E+3	1.972000E+3	0.000000E+0	1.541102E-1	2.217602E-1	1.592965E-1	2.952383E+2	2.685547E+1	6.000000E+2
5.673257E+3	1.979000E+3	0.000000E+0	7.770754E-2	1.235809E-1	1.599794E-1	2.952271E+2	2.685547E+1	6.000000E+2
5.674591E+3	1.986000E+3	0.000000E+0	1.107227E-2	3.242839E-2	1.596436E-1	2.952239E+2	2.685547E+1	6.000000E+2
5.675921E+3	1.993000E+3	0.000000E+0	-6.304715E-2	-6.701059E-2	1.604809E-1	2.952405E+2	2.685547E+1	6.000000E+2
5.677251E+3	2.000000E+3	0.000000E+0	-1.141501E-1	-1.365294E-1	1.608847E-1	2.952321E+2	2.685547E+1	6.000000E+2
5.678576E+3	2.007000E+3	0.000000E+0	-1.282788E-1	-1.684997E-1	1.609619E-1	2.952322E+2	2.685547E+1	6.000000E+2
5.679907E+3	2.014000E+3	0.000000E+0	-1.142910E-1	-1.617637E-1	1.610912E-1	2.952276E+2	2.685547E+1	6.000000E+2
5.681229E+3	2.021000E+3	0.000000E+0	-8.721117E-2	-1.315569E-1	1.617469E-1	2.952475E+2	2.685547E+1	6.000000E+2
5.682446E+3	2.028000E+3	0.000000E+0	-3.059573E-2	-5.593984E-2	1.619556E-1	2.952362E+2	2.685547E+1	6.000000E+2
5.683776E+3	2.035000E+3	0.000000E+0	4.013028E-3	-5.101686E-4	1.624639E-1	2.952344E+2	2.685547E+1	6.000000E+2
5.685105E+3	2.042000E+3	0.000000E+0	4.082689E-2	6.433422E-2	1.628882E-1	2.952379E+2	2.685547E+1	6.000000E+2
5.686437E+3	2.049000E+3	0.000000E+0	5.880288E-2	1.015453E-1	1.628428E-1	2.952344E+2	2.685547E+1	6.000000E+2
5.687656E+3	2.056000E+3	0.000000E+0	6.404682E-2	1.115790E-1	1.628677E-1	2.952215E+2	2.685547E+1	6.000000E+2
5.702054E+3	2.063000E+3	0.000000E+0	5.516440E-2	9.662651E-2	1.624639E-1	2.952111E+2	2.685547E+1	6.000000E+2
5.703379E+3	2.070000E+3	0.000000E+0	3.604751E-2	6.394042E-2	1.625615E-1	2.952140E+2	2.685547E+1	6.000000E+2
5.704711E+3	2.077000E+3	0.000000E+0	1.798405E-2	2.713303E-2	1.628655E-1	2.952186E+2	2.685547E+1	6.000000E+2
5.706041E+3	2.084000E+3	0.000000E+0	-1.413880E-2	-2.973202E-2	1.630856E-1	2.952290E+2	2.685547E+1	6.000000E+2
5.707262E+3	2.091000E+3	0.000000E+0	-3.562638E-2	-6.818888E-2	1.637120E-1	2.952402E+2	2.685547E+1	6.000000E+2
5.708596E+3	2.098000E+3	0.000000E+0	-5.338219E-2	-9.586614E-2	1.644497E-1	2.952269E+2	2.685547E+1	6.000000E+2
5.709926E+3	2.105000E+3	0.000000E+0	-6.294143E-2	-1.067697E-1	1.650806E-1	2.952387E+2	2.685547E+1	6.000000E+2
5.711143E+3	2.112000E+3	0.000000E+0	-6.127203E-2	-1.021179E-1	1.664768E-1	2.952394E+2	2.685547E+1	6.000000E+2
5.712471E+3	2.119000E+3	0.000000E+0	-4.988062E-2	-8.153727E-2	1.679932E-1	2.952292E+2	2.685547E+1	6.000000E+2
5.713800E+3	2.126000E+3	0.000000E+0	-3.753255E-2	-6.096778E-2	1.690809E-1	2.952405E+2	2.685547E+1	6.000000E+2
