7.701102E+3	7.680000E+2	0.000000E+0	-2.736059E-2	-4.518463E-2	1.666164E-2	2.952046E+2	2.678223E+1	9.010000E+2
7.718467E+3	7.680000E+2	0.000000E+0	-2.196560E-4	-1.258932E-4	1.628046E-2	2.952298E+2	2.678223E+1	9.030000E+2
7.719756E+3	7.750000E+2	0.000000E+0	-7.727512E-5	-2.650857E-4	1.692029E-2	2.952247E+2	2.678223E+1	9.030000E+2
7.721086E+3	7.820000E+2	0.000000E+0	-1.344659E-4	-2.009128E-4	1.803205E-2	2.952265E+2	2.678223E+1	9.030000E+2
7.722303E+3	7.890000E+2	0.000000E+0	-1.724740E-5	-7.104968E-5	1.890103E-2	2.952416E+2	2.678223E+1	9.030000E+2
7.723633E+3	7.960000E+2	0.000000E+0	5.846997E-5	2.713095E-5	1.977456E-2	2.952328E+2	2.678223E+1	9.030000E+2
7.724962E+3	8.030000E+2	0.000000E+0	-5.510959E-5	1.400572E-5	2.036674E-2	2.952284E+2	2.678223E+1	9.030000E+2
7.726180E+3	8.100000E+2	0.000000E+0	2.405401E-4	9.907218E-5	2.160782E-2	2.952311E+2	2.678223E+1	9.030000E+2
7.727507E+3	8.170000E+2	0.000000E+0	1.260793E-4	9.716285E-5	2.222723E-2	2.952180E+2	2.678223E+1	9.030000E+2
7.728831E+3	8.240000E+2	0.000000E+0	2.449765E-4	2.258678E-4	2.269235E-2	2.952330E+2	2.678223E+1	9.030000E+2
7.730160E+3	8.310000E+2	0.000000E+0	2.582575E-4	9.952589E-5	2.405142E-2	2.952307E+2	2.678223E+1	9.030000E+2
7.731380E+3	8.380000E+2	0.000000E+0	2.450293E-4	1.682504E-4	2.476839E-2	2.952341E+2	2.678223E+1	9.030000E+2
7.732710E+3	8.450000E+2	0.000000E+0	8.304392E-5	1.714746E-4	2.561695E-2	2.952193E+2	2.678223E+1	9.030000E+2
7.734034E+3	8.520000E+2	0.000000E+0	1.666810E-4	4.583548E-5	2.617056E-2	2.952315E+2	2.678223E+1	9.030000E+2
7.749293E+3	8.590000E+2	0.000000E+0	5.449436E-5	-4.862250E-5	2.697602E-2	2.952284E+2	2.678223E+1	8.980000E+2
7.750619E+3	8.660000E+2	0.000000E+0	2.563268E-5	-1.092696E-4	2.772702E-2	2.952238E+2	2.678223E+1	8.980000E+2
7.752059E+3	8.730000E+2	0.000000E+0	-1.817071E-4	-4.357194E-4	2.847802E-2	2.952266E+2	2.678223E+1	8.980000E+2
7.753387E+3	8.800000E+2	0.000000E+0	-3.259777E-4	-5.035102E-4	2.891592E-2	2.952365E+2	2.678223E+1	8.980000E+2
7.754602E+3	8.870000E+2	0.000000E+0	-4.446458E-4	-6.864417E-4	2.981213E-2	2.952255E+2	2.678223E+1	8.980000E+2
7.755935E+3	8.940000E+2	0.000000E+0	-6.431352E-4	-8.702217E-4	3.081044E-2	2.952299E+2	2.678223E+1	8.980000E+2
7.757267E+3	9.010000E+2	0.000000E+0	-5.687574E-4	-9.967096E-4	3.082859E-2	2.952292E+2	2.678223E+1	8.980000E+2
7.758488E+3	9.080000E+2	0.000000E+0	-7.446666E-4	-1.117692E-3	3.201296E-2	2.952184E+2	2.678223E+1	8.980000E+2
7.759819E+3	9.150000E+2	0.000000E+0	-8.077033E-4	-1.179270E-3	3.248035E-2	2.952132E+2	2.678223E+1	8.980000E+2
7.761149E+3	9.220000E+2	0.000000E+0	-6.451653E-4	-1.175877E-3	3.302488E-2	2.952177E+2	2.678223E+1	8.980000E+2
7.762478E+3	9.290000E+2	0.000000E+0	-6.398978E-4	-1.106882E-3	3.352857E-2	2.952192E+2	2.678223E+1	8.980000E+2
7.763694E+3	9.360000E+2	0.000000E+0	-5.479319E-4	-8.429127E-4	3.449512E-2	2.952172E+2	2.678223E+1	8.980000E+2
7.765025E+3	9.430000E+2	0.000000E+0	-4.910656E-4	-5.545976E-4	3.565453E-2	2.952098E+2	2.678223E+1	8.980000E+2
7.780973E+3	9.500000E+2	0.000000E+0	-1.650241E-4	-3.559786E-4	3.589276E-2	2.952334E+2	2.678223E+1	8.980000E+2
7.782301E+3	9.570000E+2	0.000000E+0	-6.796359E-5	-9.158622E-6	3.638738E-2	2.952246E+2	2.678223E+1	8.980000E+2
7.783627E+3	9.640000E+2	0.000000E+0	-1.441815E-4	-4.448421E-6	3.690695E-2	2.952275E+2	2.678223E+1	8.980000E+2
7.784955E+3	9.710000E+2	0.000000E+0	-1.485866E-4	9.869989E-5	3.764207E-2	2.952093E+2	2.678223E+1	8.980000E+2
7.786172E+3	9.780000E+2	0.000000E+0	-3.063793E-4	-8.454882E-5	3.850198E-2	2.951828E+2	2.678223E+1	8.980000E+2
7.787506E+3	9.850000E+2	0.000000E+0	-5.089591E-4	-4.813324E-4	3.895576E-2	2.951984E+2	2.678223E+1	8.980000E+2
7.788831E+3	9.920000E+2	0.000000E+0	-5.046839E-4	-1.179070E-3	3.964551E-2	2.951938E+2	2.678223E+1	8.980000E+2
7.790057E+3	9.990000E+2	0.000000E+0	-1.053373E-3	-1.667374E-3	4.064155E-2	2.952099E+2	2.678223E+1	8.980000E+2
7.791388E+3	1.006000E+3	0.000000E+0	-1.511947E-3	-2.522686E-3	4.145154E-2	2.951995E+2	2.678223E+1	8.980000E+2
7.792719E+3	1.013000E+3	0.000000E+0	-2.035085E-3	-3.446504E-3	4.144020E-2	2.952002E+2	2.678223E+1	8.980000E+2
7.793934E+3	1.020000E+3	0.000000E+0	-2.878546E-3	-4.973198E-3	4.293994E-2	2.952087E+2	2.678223E+1	8.980000E+2
7.795266E+3	1.027000E+3	0.000000E+0	-3.516869E-3	-6.259753E-3	4.328481E-2	2.952108E+2	2.678223E+1	8.980000E+2
7.796593E+3	1.034000E+3	0.000000E+0	-4.882183E-3	-8.753436E-3	4.426724E-2	2.952063E+2	2.678223E+1	8.980000E+2
7.797921E+3	1.041000E+3	0.000000E+0	-6.361451E-3	-1.102932E-2	4.507950E-2	2.952112E+2	2.678223E+1	8.980000E+2
7.813756E+3	1.048000E+3	0.000000E+0	-7.604144E-3	-1.431702E-2	4.577605E-2	2.951902E+2	2.678223E+1	9.010000E+2
7.815088E+3	1.055000E+3	0.000000E+0	-1.051021E-2	-2.026290E-2	4.691503E-2	2.952022E+2	2.678223E+1	9.010000E+2
7.816514E+3	1.062000E+3	0.000000E+0	-1.345719E-2	-2.548647E-2	4.743461E-2	2.951999E+2	2.678223E+1	9.010000E+2
7.817735E+3	1.069000E+3	0.000000E+0	-1.820177E-2	-3.407544E-2	4.817427E-2	2.952002E+2	2.678223E+1	9.010000E+2
7.819057E+3	1.076000E+3	0.000000E+0	-2.219668E-2	-4.043069E-2	4.856225E-2	2.952162E+2	2.678223E+1	9.010000E+2
7.820384E+3	1.083000E+3	0.000000E+0	-2.749984E-2	-4.857207E-2	4.982602E-2	2.952049E+2	2.678223E+1	9.010000E+2
7.821828E+3	1.090000E+3	0.000000E+0	-3.082169E-2	-5.424273E-2	5.076534E-2	2.952035E+2	2.678223E+1	9.010000E+2
7.823047E+3	1.097000E+3	0.000000E+0	-3.293721E-2	-5.842653E-2	5.075627E-2	2.952120E+2	2.678223E+1	9.010000E+2
7.824379E+3	1.104000E+3	0.000000E+0	-3.280393E-2	-5.996087E-2	5.269844E-2	2.951928E+2	2.678223E+1	9.010000E+2
7.825708E+3	1.111000E+3	0.000000E+0	-3.076831E-2	-5.702182E-2	5.312726E-2	2.951875E+2	2.678223E+1	9.010000E+2
7.827037E+3	1.118000E+3	0.000000E+0	-2.420259E-2	-4.607004E-2	5.410061E-2	2.951776E+2	2.678223E+1	9.010000E+2
7.828369E+3	1.125000E+3	0.000000E+0	-1.692572E-2	-3.405295E-2	5.467918E-2	2.951991E+2	2.678223E+1	9.010000E+2
7.829701E+3	1.132000E+3	0.000000E+0	-1.721418E-3	-7.451746E-3	5.609043E-2	2.951955E+2	2.678223E+1	9.010000E+2
7.845652E+3	1.139000E+3	0.000000E+0	9.861057E-3	1.626545E-2	5.657824E-2	2.952217E+2	2.678223E+1	8.980000E+2
7.846977E+3	1.146000E+3	0.000000E+0	2.689192E-2	4.715324E-2	5.709101E-2	2.952241E+2	2.678223E+1	8.980000E+2
7.848412E+3	1.153000E+3	0.000000E+0	4.385804E-2	7.635929E-2	5.833890E-2	2.952160E+2	2.678223E+1	8.980000E+2
7.849738E+3	1.160000E+3	0.000000E+0	5.845682E-2	9.802601E-2	5.930318E-2	2.952178E+2	2.680664E+1	8.980000E+2
7.850956E+3	1.167000E+3	0.000000E+0	7.076021E-2	1.174724E-1	6.059191E-2	2.952000E+2	2.680664E+1	8.980000E+2
7.852280E+3	1.174000E+3	0.000000E+0	7.386732E-2	1.254917E-1	6.120224E-2	2.952131E+2	2.678223E+1	8.980000E+2
7.853499E+3	1.181000E+3	0.000000E+0	7.384957E-2	1.307197E-1	6.296290E-2	2.952081E+2	2.678223E+1	8.980000E+2
7.854829E+3	1.188000E+3	0.000000E+0	7.105479E-2	1.288570E-1	6.351424E-2	2.952017E+2	2.678223E+1	8.980000E+2
7.856150E+3	1.195000E+3	0.000000E+0	6.324134E-2	1.137758E-1	6.479390E-2	2.952091E+2	2.678223E+1	8.980000E+2
7.857479E+3	1.202000E+3	0.000000E+0	5.346651E-2	9.423751E-2	6.568557E-2	2.952067E+2	2.678223E+1	8.980000E+2
7.858699E+3	1.209000E+3	0.000000E+0	3.811587E-2	6.837229E-2	6.741900E-2	2.952128E+2	2.678223E+1	8.980000E+2
7.860031E+3	1.216000E+3	0.000000E+0	1.914364E-2	3.690321E-2	6.873723E-2	2.952117E+2	2.678223E+1	8.980000E+2
7.861361E+3	1.223000E+3	0.000000E+0	5.126705E-3	1.438728E-2	6.922050E-2	2.952157E+2	2.678223E+1	8.980000E+2
7.877517E+3	1.230000E+3	0.000000E+0	-7.590732E-3	-1.621797E-2	7.131923E-2	2.952276E+2	2.678223E+1	8.970000E+2
7.878740E+3	1.237000E+3	0.000000E+0	-1.848127E-2	-3.455307E-2	7.177754E-2	2.952271E+2	2.678223E+1	8.970000E+2
7.880067E+3	1.244000E+3	0.000000E+0	-2.955057E-2	-5.060314E-2	7.322509E-2	2.952136E+2	2.678223E+1	8.970000E+2
7.881391E+3	1.251000E+3	0.000000E+0	-3.483294E-2	-5.812414E-2	7.487685E-2	2.952208E+2	2.678223E+1	8.970000E+2
7.882720E+3	1.258000E+3	0.000000E+0	-3.558727E-2	-6.045670E-2	7.506517E-2	2.952146E+2	2.678223E+1	8.970000E+2
7.883935E+3	1.265000E+3	0.000000E+0	-3.394523E-2	-5.885658E-2	7.700280E-2	2.952115E+2	2.678223E+1	8.970000E+2
7.885265E+3	1.272000E+3	0.000000E+0	-3.206810E-2	-5.614975E-2	7.799884E-2	2.952020E+2	2.678223E+1	8.970000E+2
7.886593E+3	1.279000E+3	0.000000E+0	-2.833723E-2	-4.902871E-2	7.891321E-2	2.952011E+2	2.678223E+1	8.970000E+2
7.887811E+3	1.286000E+3	0.000000E+0	-2.455718E-2	-4.229603E-2	8.027454E-2	2.952198E+2	2.678223E+1	8.970000E+2
7.889246E+3	1.293000E+3	0.000000E+0	-1.869317E-2	-3.230828E-2	8.136815E-2	2.952021E+2	2.678223E+1	8.970000E+2
7.890572E+3	1.300000E+3	0.000000E+0	-1.416249E-2	-2.519726E-2	8.197394E-2	2.952057E+2	2.678223E+1	8.970000E+2
7.891897E+3	1.307000E+3	0.000000E+0	-9.394274E-3	-1.660496E-2	8.296544E-2	2.951993E+2	2.678223E+1	8.970000E+2
7.893113E+3	1.314000E+3	0.000000E+0	-5.676013E-3	-9.110038E-3	8.382082E-2	2.951966E+2	2.678223E+1	8.970000E+2
7.908138E+3	1.321000E+3	0.000000E+0	-2.701214E-3	-3.056824E-3	8.449241E-2	2.952340E+2	2.678223E+1	8.990000E+2
7.909464E+3	1.328000E+3	0.000000E+0	2.765127E-4	-7.263758E-4	8.489854E-2	2.952206E+2	2.678223E+1	8.990000E+2
7.910799E+3	1.335000E+3	0.000000E+0	1.241709E-3	1.663733E-3	8.551341E-2	2.952186E+2	2.678223E+1	8.990000E+2
7.912019E+3	1.342000E+3	0.000000E+0	1.351729E-3	2.248095E-3	8.577206E-2	2.952034E+2	2.678223E+1	8.990000E+2
7.913346E+3	1.349000E+3	0.000000E+0	4.732886E-4	1.470862E-3	8.689743E-2	2.951999E+2	2.678223E+1	8.990000E+2
7.914567E+3	1.356000E+3	0.000000E+0	-5.161760E-4	-2.674274E-4	8.701542E-2	2.952115E+2	2.678223E+1	8.990000E+2
7.916006E+3	1.363000E+3	0.000000E+0	-2.872675E-3	-4.256416E-3	8.732625E-2	2.952148E+2	2.678223E+1	8.990000E+2
7.917224E+3	1.370000E+3	0.000000E+0	-5.131801E-3	-8.426280E-3	8.780726E-2	2.952120E+2	2.678223E+1	8.990000E+2
7.918547E+3	1.377000E+3	0.000000E+0	-8.395175E-3	-1.409062E-2	8.824969E-2	2.952071E+2	2.678223E+1	8.990000E+2
7.919764E+3	1.384000E+3	0.000000E+0	-1.219482E-2	-2.060617E-2	8.881011E-2	2.952168E+2	2.678223E+1	8.990000E+2
7.921193E+3	1.391000E+3	0.000000E+0	-1.521161E-2	-2.597976E-2	8.896666E-2	2.952039E+2	2.678223E+1	8.990000E+2
7.922403E+3	1.398000E+3	0.000000E+0	-1.908706E-2	-3.264887E-2	8.964052E-2	2.952230E+2	2.678223E+1	8.990000E+2
7.923735E+3	1.405000E+3	0.000000E+0	-2.118991E-2	-3.672820E-2	8.997859E-2	2.952226E+2	2.678223E+1	8.990000E+2
7.925062E+3	1.412000E+3	0.000000E+0	-2.256776E-2	-3.964695E-2	9.019413E-2	2.952302E+2	2.678223E+1	8.990000E+2
7.940899E+3	1.419000E+3	0.000000E+0	-1.977104E-2	-3.750452E-2	9.098145E-2	2.952080E+2	2.678223E+1	8.980000E+2
7.942230E+3	1.426000E+3	0.000000E+0	-1.719485E-2	-3.324458E-2	9.087708E-2	2.952078E+2	2.678223E+1	8.980000E+2
7.943560E+3	1.433000E+3	0.000000E+0	-1.260660E-2	-2.011490E-2	9.133312E-2	2.952237E+2	2.678223E+1	8.980000E+2
7.944779E+3	1.440000E+3	0.000000E+0	-6.035475E-3	-5.807780E-3	9.203878E-2	2.952331E+2	2.678223E+1	8.980000E+2
7.946108E+3	1.447000E+3	0.000000E+0	7.590062E-3	1.567559E-2	9.216586E-2	2.952258E+2	2.678223E+1	8.980000E+2
7.947435E+3	1.454000E+3	0.000000E+0	1.638833E-2	2.835140E-2	9.292379E-2	2.952153E+2	2.678223E+1	8.980000E+2
7.948655E+3	1.461000E+3	0.000000E+0	2.615326E-2	4.573651E-2	9.384291E-2	2.952205E+2	2.678223E+1	8.980000E+2
7.949981E+3	1.468000E+3	0.000000E+0	3.129830E-2	5.766867E-2	9.460549E-2	2.952075E+2	2.678223E+1	8.980000E+2
7.951302E+3	1.475000E+3	0.000000E+0	3.476835E-2	6.649624E-2	9.460094E-2	2.951894E+2	2.678223E+1	8.980000E+2
7.952631E+3	1.482000E+3	0.000000E+0	3.576620E-2	6.857447E-2	9.623533E-2	2.952128E+2	2.678223E+1	8.980000E+2
7.954073E+3	1.489000E+3	0.000000E+0	3.405701E-2	6.539402E-2	9.679616E-2	2.952077E+2	2.678223E+1	8.980000E+2
7.955293E+3	1.496000E+3	0.000000E+0	2.888110E-2	5.365834E-2	9.778175E-2	2.952100E+2	2.678223E+1	8.980000E+2
7.956622E+3	1.503000E+3	0.000000E+0	2.360976E-2	4.213374E-2	9.889629E-2	2.952187E+2	2.678223E+1	8.980000E+2
7.972637E+3	1.510000E+3	0.000000E+0	1.195160E-2	2.453458E-2	1.001797E-1	2.952134E+2	2.678223E+1	9.010000E+2
7.973964E+3	1.517000E+3	0.000000E+0	3.082642E-3	1.107171E-2	1.009745E-1	2.952167E+2	2.678223E+1	9.010000E+2
7.975287E+3	1.524000E+3	0.000000E+0	-4.362689E-3	-2.594589E-3	1.026732E-1	2.952273E+2	2.678223E+1	9.010000E+2
7.976609E+3	1.531000E+3	0.000000E+0	-9.772685E-3	-1.358670E-2	1.038589E-1	2.952079E+2	2.678223E+1	9.010000E+2
7.977940E+3	1.538000E+3	0.000000E+0	-1.229302E-2	-2.049116E-2	1.054783E-1	2.951927E+2	2.678223E+1	9.010000E+2
7.979271E+3	1.545000E+3	0.000000E+0	-1.367487E-2	-2.423070E-2	1.073336E-1	2.952097E+2	2.678223E+1	9.010000E+2
7.980486E+3	1.552000E+3	0.000000E+0	-1.371266E-2	-2.386819E-2	1.077990E-1	2.952043E+2	2.678223E+1	9.010000E+2
7.981809E+3	1.559000E+3	0.000000E+0	-1.204686E-2	-1.938371E-2	1.105471E-1	2.952211E+2	2.678223E+1	9.010000E+2
7.983134E+3	1.566000E+3	0.000000E+0	-1.005177E-2	-1.528899E-2	1.121642E-1	2.952405E+2	2.678223E+1	9.010000E+2
7.984462E+3	1.573000E+3	0.000000E+0	-6.728470E-3	-9.900138E-3	1.131609E-1	2.952329E+2	2.678223E+1	9.010000E+2
7.985685E+3	1.580000E+3	0.000000E+0	-4.581113E-3	-6.875341E-3	1.145122E-1	2.952308E+2	2.678223E+1	9.010000E+2
7.987018E+3	1.587000E+3	0.000000E+0	-3.157507E-3	-5.390712E-3	1.166265E-1	2.952229E+2	2.678223E+1	9.010000E+2
7.988339E+3	1.594000E+3	0.000000E+0	-2.810156E-3	-5.593583E-3	1.186953E-1	2.952279E+2	2.678223E+1	9.010000E+2
8.003400E+3	1.601000E+3	0.000000E+0	-3.142179E-3	-6.048377E-3	1.200080E-1	2.952133E+2	2.678223E+1	8.990000E+2
8.004730E+3	1.608000E+3	0.000000E+0	-3.257896E-3	-6.811726E-3	1.206891E-1	2.952126E+2	2.678223E+1	8.990000E+2
8.005948E+3	1.615000E+3	0.000000E+0	-3.583221E-3	-7.279539E-3	1.218430E-1	2.952061E+2	2.678223E+1	8.990000E+2
8.007279E+3	1.622000E+3	0.000000E+0	-3.672263E-3	-7.358249E-3	1.235712E-1	2.952062E+2	2.678223E+1	8.990000E+2
8.008606E+3	1.629000E+3	0.000000E+0	-3.549941E-3	-6.503853E-3	1.245817E-1	2.952011E+2	2.678223E+1	8.990000E+2
8.009933E+3	1.636000E+3	0.000000E+0	-3.285460E-3	-5.934084E-3	1.254829E-1	2.952173E+2	2.678223E+1	8.990000E+2
8.011257E+3	1.643000E+3	0.000000E+0	-2.850703E-3	-4.887328E-3	1.270699E-1	2.952221E+2	2.678223E+1	8.990000E+2
8.012481E+3	1.650000E+3	0.000000E+0	-2.401457E-3	-4.089782E-3	1.275490E-1	2.952058E+2	2.678223E+1	8.990000E+2
8.013809E+3	1.657000E+3	0.000000E+0	-2.177574E-3	-3.373387E-3	1.286114E-1	2.952256E+2	2.678223E+1	8.990000E+2
8.015140E+3	1.664000E+3	0.000000E+0	-1.814642E-3	-2.848528E-3	1.296735E-1	2.952221E+2	2.678223E+1	8.990000E+2
8.016471E+3	1.671000E+3	0.000000E+0	-1.714567E-3	-2.644653E-3	1.301251E-1	2.952246E+2	2.678223E+1	8.990000E+2
8.017802E+3	1.678000E+3	0.000000E+0	-1.708266E-3	-2.267960E-3	1.310169E-1	2.952182E+2	2.678223E+1	8.990000E+2
8.019128E+3	1.685000E+3	0.000000E+0	-1.627239E-3	-2.151250E-3	1.313482E-1	2.952133E+2	2.678223E+1	8.990000E+2
8.035209E+3	1.692000E+3	0.000000E+0	-1.703408E-3	-2.054064E-3	1.319768E-1	2.952131E+2	2.678223E+1	9.010000E+2
8.036429E+3	1.699000E+3	0.000000E+0	-1.508881E-3	-1.955519E-3	1.322785E-1	2.952252E+2	2.678223E+1	9.010000E+2
8.037755E+3	1.706000E+3	0.000000E+0	-1.450324E-3	-1.857814E-3	1.324124E-1	2.952156E+2	2.678223E+1	9.010000E+2
8.039086E+3	1.713000E+3	0.000000E+0	-1.656521E-3	-2.289765E-3	1.325100E-1	2.952230E+2	2.678223E+1	9.010000E+2
8.040411E+3	1.720000E+3	0.000000E+0	-1.656511E-3	-2.223089E-3	1.326869E-1	2.952254E+2	2.678223E+1	9.010000E+2
8.041627E+3	1.727000E+3	0.000000E+0	-1.792298E-3	-2.707873E-3	1.327028E-1	2.952152E+2	2.678223E+1	9.010000E+2
8.042954E+3	1.734000E+3	0.000000E+0	-2.098985E-3	-2.900388E-3	1.327482E-1	2.952423E+2	2.678223E+1	9.010000E+2
8.044285E+3	1.741000E+3	0.000000E+0	-2.175279E-3	-3.459115E-3	1.329524E-1	2.952207E+2	2.678223E+1	9.010000E+2
8.045609E+3	1.748000E+3	0.000000E+0	-2.409369E-3	-3.712925E-3	1.333064E-1	2.952421E+2	2.678223E+1	9.010000E+2
8.046937E+3	1.755000E+3	0.000000E+0	-2.579953E-3	-4.359625E-3	1.331997E-1	2.952194E+2	2.678223E+1	9.010000E+2
8.048267E+3	1.762000E+3	0.000000E+0	-3.063921E-3	-5.149753E-3	1.332292E-1	2.952257E+2	2.678223E+1	9.010000E+2
8.049592E+3	1.769000E+3	0.000000E+0	-3.385618E-3	-6.911343E-3	1.332383E-1	2.952187E+2	2.678223E+1	9.010000E+2
8.050814E+3	1.776000E+3	0.000000E+0	-5.475212E-3	-1.132669E-2	1.336059E-1	2.952120E+2	2.678223E+1	9.010000E+2
8.052251E+3	1.783000E+3	0.000000E+0	-8.747304E-3	-1.605512E-2	1.337443E-1	2.952104E+2	2.675781E+1	9.010000E+2
8.068180E+3	1.790000E+3	0.000000E+0	-1.473789E-2	-2.379784E-2	1.341141E-1	2.952178E+2	2.675781E+1	8.980000E+2
8.069512E+3	1.797000E+3	0.000000E+0	-1.962651E-2	-3.289628E-2	1.341436E-1	2.952148E+2	2.675781E+1	8.980000E+2
8.070728E+3	1.804000E+3	0.000000E+0	-2.817359E-2	-5.158370E-2	1.347494E-1	2.952174E+2	2.675781E+1	8.980000E+2
8.072058E+3	1.811000E+3	0.000000E+0	-3.781408E-2	-6.967814E-2	1.354005E-1	2.952118E+2	2.675781E+1	8.980000E+2
8.073386E+3	1.818000E+3	0.000000E+0	-4.581043E-2	-8.135106E-2	1.354232E-1	2.952189E+2	2.675781E+1	8.980000E+2
8.074711E+3	1.825000E+3	0.000000E+0	-5.080801E-2	-8.759929E-2	1.357704E-1	2.952118E+2	2.675781E+1	8.980000E+2
8.075929E+3	1.832000E+3	0.000000E+0	-4.869788E-2	-8.939839E-2	1.365985E-1	2.952199E+2	2.675781E+1	8.980000E+2
8.077260E+3	1.839000E+3	0.000000E+0	-4.079770E-2	-8.090299E-2	1.380846E-1	2.952172E+2	2.675781E+1	8.980000E+2
8.078585E+3	1.846000E+3	0.000000E+0	-3.583191E-2	-6.661705E-2	1.384953E-1	2.952207E+2	2.675781E+1	8.980000E+2
8.079914E+3	1.853000E+3	0.000000E+0	-2.284258E-2	-4.047994E-2	1.396819E-1	2.952305E+2	2.675781E+1	8.980000E+2
8.081129E+3	1.860000E+3	0.000000E+0	-1.192803E-2	-2.317254E-2	1.404738E-1	2.952278E+2	2.675781E+1	8.980000E+2
8.082458E+3	1.867000E+3	0.000000E+0	-3.996312E-3	-1.873147E-2	1.412520E-1	2.952287E+2	2.675781E+1	8.980000E+2
8.083787E+3	1.874000E+3	0.000000E+0	-6.926407E-3	-2.755638E-2	1.421777E-1	2.952312E+2	2.675781E+1	8.980000E+2
8.099069E+3	1.881000E+3	0.000000E+0	-1.684494E-2	-3.484330E-2	1.431216E-1	2.952499E+2	2.675781E+1	8.990000E+2
8.100398E+3	1.888000E+3	0.000000E+0	-2.639301E-2	-4.010132E-2	1.446259E-1	2.952484E+2	2.675781E+1	8.990000E+2
8.101727E+3	1.895000E+3	0.000000E+0	-3.034958E-2	-5.298705E-2	1.456627E-1	2.952370E+2	2.675781E+1	8.990000E+2
8.103054E+3	1.902000E+3	0.000000E+0	-3.115381E-2	-5.432536E-2	1.458306E-1	2.952519E+2	2.675781E+1	8.990000E+2
8.104383E+3	1.909000E+3	0.000000E+0	-2.476221E-2	-3.572702E-2	1.482742E-1	2.952390E+2	2.675781E+1	8.990000E+2
8.105603E+3	1.916000E+3	0.000000E+0	-1.280764E-2	-9.876330E-4	1.490797E-1	2.952392E+2	2.675781E+1	8.990000E+2
8.106932E+3	1.923000E+3	0.000000E+0	2.254275E-2	6.145168E-2	1.501642E-1	2.952375E+2	2.675781E+1	8.990000E+2
8.108258E+3	1.930000E+3	0.000000E+0	5.513755E-2	1.135470E-1	1.514779E-1	2.952349E+2	2.675781E+1	8.990000E+2
8.109588E+3	1.937000E+3	0.000000E+0	9.869482E-2	1.764618E-1	1.530707E-1	2.952317E+2	2.675781E+1	8.990000E+2
8.110804E+3	1.944000E+3	0.000000E+0	1.377870E-1	2.263830E-1	1.537355E-1	2.952484E+2	2.675781E+1	8.990000E+2
8.112132E+3	1.951000E+3	0.000000E+0	1.609269E-1	2.621926E-1	1.544297E-1	2.952499E+2	2.675781E+1	8.990000E+2
8.113462E+3	1.958000E+3	0.000000E+0	1.706044E-1	2.767084E-1	1.565806E-1	2.952496E+2	2.675781E+1	8.990000E+2
8.114793E+3	1.965000E+3	0.000000E+0	1.595040E-1	2.662732E-1	1.569028E-1	2.952532E+2	2.675781E+1	8.990000E+2
8.116014E+3	1.972000E+3	0.000000E+0	1.228233E-1	2.169306E-1	1.578784E-1	2.952337E+2	2.675781E+1	8.990000E+2
8.132079E+3	1.979000E+3	0.000000E+0	8.941980E-2	1.419632E-1	1.585251E-1	2.952167E+2	2.675781E+1	8.990000E+2
8.133299E+3	1.986000E+3	0.000000E+0	3.483792E-2	7.179324E-2	1.584638E-1	2.952091E+2	2.675781E+1	8.990000E+2
8.134629E+3	1.993000E+3	0.000000E+0	-4.590794E-3	2.120458E-3	1.594735E-1	2.952180E+2	2.675781E+1	8.990000E+2
8.135962E+3	2.000000E+3	0.000000E+0	-2.446082E-2	-6.104328E-2	1.591967E-1	2.952212E+2	2.675781E+1	8.990000E+2
8.137180E+3	2.007000E+3	0.000000E+0	-5.107037E-2	-1.249179E-1	1.595393E-1	2.952187E+2	2.675781E+1	8.990000E+2
8.138506E+3	2.014000E+3	0.000000E+0	-7.031500E-2	-1.396790E-1	1.592761E-1	2.952151E+2	2.675781E+1	8.990000E+2
8.139835E+3	2.021000E+3	0.000000E+0	-6.614152E-2	-1.082187E-1	1.598864E-1	2.952222E+2	2.675781E+1	8.990000E+2
8.141162E+3	2.028000E+3	0.000000E+0	-4.102457E-2	-6.789779E-2	1.607554E-1	2.952007E+2	2.675781E+1	8.990000E+2
8.142489E+3	2.035000E+3	0.000000E+0	-9.772175E-4	-1.737852E-2	1.615404E-1	2.952148E+2	2.675781E+1	8.990000E+2
8.143824E+3	2.042000E+3	0.000000E+0	1.841184E-2	2.282687E-2	1.616970E-1	2.952365E+2	2.675781E+1	8.990000E+2
8.145150E+3	2.049000E+3	0.000000E+0	2.974478E-2	5.848230E-2	1.615246E-1	2.952265E+2	2.678223E+1	8.990000E+2
8.146368E+3	2.056000E+3	0.000000E+0	3.749480E-2	8.355915E-2	1.620283E-1	2.952151E+2	2.678223E+1	8.990000E+2
8.147801E+3	2.063000E+3	0.000000E+0	4.064975E-2	8.620239E-2	1.620895E-1	2.952107E+2	2.675781E+1	8.990000E+2
8.164083E+3	2.070000E+3	0.000000E+0	2.757785E-2	5.746614E-2	1.623732E-1	2.952322E+2	2.675781E+1	8.980000E+2
8.165304E+3	2.077000E+3	0.000000E+0	1.666464E-2	2.989230E-2	1.629200E-1	2.952224E+2	2.675781E+1	8.980000E+2
8.166630E+3	2.084000E+3	0.000000E+0	-9.469979E-3	-1.637198E-2	1.630426E-1	2.952291E+2	2.678223E+1	8.980000E+2
8.167954E+3	2.091000E+3	0.000000E+0	-3.077908E-2	-4.761077E-2	1.639959E-1	2.952328E+2	2.678223E+1	8.980000E+2
8.169281E+3	2.098000E+3	0.000000E+0	-5.116369E-2	-7.514185E-2	1.647496E-1	2.952346E+2	2.678223E+1	8.980000E+2
8.170718E+3	2.105000E+3	0.000000E+0	-5.632957E-2	-8.599139E-2	1.650494E-1	2.952342E+2	2.675781E+1	8.980000E+2
8.172049E+3	2.112000E+3	0.000000E+0	-5.423359E-2	-9.098256E-2	1.669471E-1	2.952159E+2	2.678223E+1	8.980000E+2
8.173374E+3	2.119000E+3	0.000000E+0	-4.849552E-2	-8.766682E-2	1.673651E-1	2.952267E+2	2.678223E+1	8.980000E+2
8.174700E+3	2.126000E+3	0.000000E+0	-4.262796E-2	-7.593420E-2	1.685978E-1	2.952322E+2	2.675781E+1	8.980000E+2
