5.715016E+3	2.133000E+3	0.000000E+0	-1.649473E-2	-2.820445E-2	1.698346E-1	2.952578E+2	2.685547E+1	6.000000E+2
5.716347E+3	8.500000E+2	0.000000E+0	2.606547E-4	2.740478E-4	2.638157E-2	2.952140E+2	2.685547E+1	6.000000E+2
5.717678E+3	8.570000E+2	0.000000E+0	3.466180E-4	1.436500E-4	2.703274E-2	2.952060E+2	2.685547E+1	6.000000E+2
5.733196E+3	8.640000E+2	0.000000E+0	-2.012183E-4	-4.186509E-5	2.794483E-2	2.952435E+2	2.685547E+1	6.010000E+2
5.734530E+3	8.710000E+2	0.000000E+0	-7.212369E-5	-3.363602E-5	2.863004E-2	2.952473E+2	2.685547E+1	6.010000E+2
5.735856E+3	8.780000E+2	0.000000E+0	-3.042936E-4	-1.994373E-4	2.947407E-2	2.952273E+2	2.685547E+1	6.010000E+2
5.737186E+3	8.850000E+2	0.000000E+0	-5.831061E-4	-4.718088E-4	2.980079E-2	2.952308E+2	2.685547E+1	6.010000E+2
5.738514E+3	8.920000E+2	0.000000E+0	-5.148816E-4	-5.360605E-4	3.079002E-2	2.952338E+2	2.685547E+1	6.010000E+2
5.739843E+3	8.990000E+2	0.000000E+0	-4.389857E-4	-7.967117E-4	3.118935E-2	2.952447E+2	2.687988E+1	6.010000E+2
5.741169E+3	9.060000E+2	0.000000E+0	-5.553329E-4	-9.161882E-4	3.159321E-2	2.952401E+2	2.685547E+1	6.010000E+2
5.742501E+3	9.130000E+2	0.000000E+0	-6.855958E-4	-1.066062E-3	3.251438E-2	2.952354E+2	2.685547E+1	6.010000E+2
5.743719E+3	9.200000E+2	0.000000E+0	-5.593976E-4	-8.399062E-4	3.311337E-2	2.952312E+2	2.685547E+1	6.010000E+2
5.745052E+3	9.270000E+2	0.000000E+0	-9.114834E-4	-8.442335E-4	3.406857E-2	2.952303E+2	2.685547E+1	6.010000E+2
5.746384E+3	9.340000E+2	0.000000E+0	-7.466900E-4	-6.167095E-4	3.444067E-2	2.952374E+2	2.685547E+1	6.010000E+2
5.747716E+3	9.410000E+2	0.000000E+0	-3.131740E-4	-5.259576E-4	3.561822E-2	2.952304E+2	2.685547E+1	6.010000E+2
5.749043E+3	9.480000E+2	0.000000E+0	1.252279E-4	-2.942434E-4	3.609015E-2	2.952191E+2	2.685547E+1	6.010000E+2
5.764448E+3	9.550000E+2	0.000000E+0	3.328400E-4	4.696703E-4	3.657343E-2	2.952327E+2	2.685547E+1	5.970000E+2
5.765775E+3	9.620000E+2	0.000000E+0	4.291787E-4	7.519909E-4	3.726771E-2	2.952400E+2	2.685547E+1	5.970000E+2
5.767109E+3	9.690000E+2	0.000000E+0	4.701811E-4	8.647293E-4	3.809585E-2	2.952237E+2	2.685547E+1	5.970000E+2
5.768438E+3	9.760000E+2	0.000000E+0	2.329606E-4	7.003928E-4	3.885139E-2	2.952148E+2	2.685547E+1	5.970000E+2
5.769767E+3	9.830000E+2	0.000000E+0	9.564637E-5	5.904253E-4	3.962055E-2	2.952105E+2	2.685547E+1	5.970000E+2
5.770979E+3	9.900000E+2	0.000000E+0	-2.827370E-5	1.651810E-4	4.030802E-2	2.951958E+2	2.685547E+1	5.970000E+2
5.772422E+3	9.970000E+2	0.000000E+0	-4.501994E-4	-3.949149E-4	4.101818E-2	2.952013E+2	2.685547E+1	5.970000E+2
5.773643E+3	1.004000E+3	0.000000E+0	-8.428694E-4	-9.563377E-4	4.107037E-2	2.952129E+2	2.685547E+1	5.970000E+2
5.774970E+3	1.011000E+3	0.000000E+0	-1.221659E-3	-1.689574E-3	4.261095E-2	2.952103E+2	2.685547E+1	5.970000E+2
5.776297E+3	1.018000E+3	0.000000E+0	-1.325251E-3	-2.284536E-3	4.299893E-2	2.952141E+2	2.685547E+1	5.970000E+2
5.777623E+3	1.025000E+3	0.000000E+0	-1.819269E-3	-3.380835E-3	4.361833E-2	2.952096E+2	2.685547E+1	5.970000E+2
5.778953E+3	1.032000E+3	0.000000E+0	-2.098511E-3	-3.794737E-3	4.427177E-2	2.951975E+2	2.685547E+1	5.970000E+2
5.780174E+3	1.039000E+3	0.000000E+0	-3.079882E-3	-5.129436E-3	4.554689E-2	2.952144E+2	2.685547E+1	5.970000E+2
5.795677E+3	1.046000E+3	0.000000E+0	-4.716247E-3	-7.284554E-3	4.642722E-2	2.952253E+2	2.685547E+1	5.960000E+2
5.797008E+3	1.053000E+3	0.000000E+0	-5.273845E-3	-1.120997E-2	4.680839E-2	2.952153E+2	2.685547E+1	5.960000E+2
5.798337E+3	1.060000E+3	0.000000E+0	-8.480889E-3	-1.609376E-2	4.747999E-2	2.952191E+2	2.685547E+1	5.960000E+2
5.799665E+3	1.067000E+3	0.000000E+0	-1.177830E-2	-2.014011E-2	4.836259E-2	2.952284E+2	2.685547E+1	5.960000E+2
5.800993E+3	1.074000E+3	0.000000E+0	-1.709012E-2	-2.808845E-2	4.865073E-2	2.952117E+2	2.685547E+1	5.960000E+2
5.802211E+3	1.081000E+3	0.000000E+0	-2.250786E-2	-3.630915E-2	4.988501E-2	2.951939E+2	2.685547E+1	5.960000E+2
5.803543E+3	1.088000E+3	0.000000E+0	-2.774532E-2	-4.539978E-2	5.088332E-2	2.952058E+2	2.685547E+1	5.960000E+2
5.804871E+3	1.095000E+3	0.000000E+0	-3.236390E-2	-5.317567E-2	5.152996E-2	2.952118E+2	2.685547E+1	5.960000E+2
5.806091E+3	1.102000E+3	0.000000E+0	-3.566058E-2	-5.755905E-2	5.239440E-2	2.951939E+2	2.685547E+1	5.960000E+2
5.807528E+3	1.109000E+3	0.000000E+0	-3.586983E-2	-6.052500E-2	5.332692E-2	2.951928E+2	2.685547E+1	5.960000E+2
5.808858E+3	1.116000E+3	0.000000E+0	-3.147090E-2	-5.559395E-2	5.411876E-2	2.952060E+2	2.685547E+1	5.960000E+2
5.810073E+3	1.123000E+3	0.000000E+0	-2.274921E-2	-3.807697E-2	5.419137E-2	2.952004E+2	2.685547E+1	5.960000E+2
5.811403E+3	1.130000E+3	0.000000E+0	-1.506350E-2	-2.082174E-2	5.608135E-2	2.952006E+2	2.685547E+1	5.960000E+2
5.826792E+3	1.137000E+3	0.000000E+0	-6.044512E-4	1.693798E-3	5.636723E-2	2.952297E+2	2.685547E+1	5.950000E+2
5.828122E+3	1.144000E+3	0.000000E+0	2.117197E-2	3.472825E-2	5.704563E-2	2.952211E+2	2.685547E+1	5.950000E+2
5.829448E+3	1.151000E+3	0.000000E+0	3.702094E-2	6.004941E-2	5.841831E-2	2.952289E+2	2.685547E+1	5.950000E+2
5.830775E+3	1.158000E+3	0.000000E+0	5.594946E-2	8.931244E-2	5.964124E-2	2.952242E+2	2.685547E+1	5.950000E+2
5.831993E+3	1.165000E+3	0.000000E+0	7.178344E-2	1.105941E-1	6.016763E-2	2.952241E+2	2.685547E+1	5.950000E+2
5.833322E+3	1.172000E+3	0.000000E+0	8.065532E-2	1.242372E-1	6.077796E-2	2.952274E+2	2.685547E+1	5.950000E+2
5.834652E+3	1.179000E+3	0.000000E+0	8.287676E-2	1.295986E-1	6.248643E-2	2.952310E+2	2.685547E+1	5.950000E+2
5.835869E+3	1.186000E+3	0.000000E+0	7.798196E-2	1.252572E-1	6.338038E-2	2.952131E+2	2.685547E+1	5.950000E+2
5.837195E+3	1.193000E+3	0.000000E+0	6.446315E-2	1.050485E-1	6.449667E-2	2.952280E+2	2.685547E+1	5.950000E+2
5.838630E+3	1.200000E+3	0.000000E+0	5.169396E-2	8.521977E-2	6.566288E-2	2.952282E+2	2.685547E+1	5.950000E+2
5.839957E+3	1.207000E+3	0.000000E+0	3.070513E-2	4.876621E-2	6.727379E-2	2.952253E+2	2.685547E+1	5.950000E+2
5.841272E+3	1.214000E+3	0.000000E+0	1.575258E-2	2.291766E-2	6.859202E-2	2.952254E+2	2.685547E+1	5.950000E+2
5.842489E+3	1.221000E+3	0.000000E+0	-9.717816E-4	-6.313751E-3	6.976504E-2	2.952208E+2	2.685547E+1	5.950000E+2
5.843816E+3	1.228000E+3	0.000000E+0	-1.431241E-2	-2.820857E-2	7.106057E-2	2.952041E+2	2.685547E+1	5.950000E+2
5.859337E+3	1.235000E+3	0.000000E+0	-2.276594E-2	-3.920820E-2	7.204981E-2	2.951969E+2	2.685547E+1	5.950000E+2
5.860664E+3	1.242000E+3	0.000000E+0	-3.047252E-2	-5.244229E-2	7.283938E-2	2.952186E+2	2.685547E+1	5.950000E+2
5.861877E+3	1.249000E+3	0.000000E+0	-3.335472E-2	-5.604355E-2	7.456601E-2	2.952100E+2	2.680664E+1	5.950000E+2
5.863207E+3	1.256000E+3	0.000000E+0	-3.388198E-2	-5.569188E-2	7.629264E-2	2.952021E+2	2.685547E+1	5.950000E+2
5.864533E+3	1.263000E+3	0.000000E+0	-3.154894E-2	-5.157586E-2	7.726599E-2	2.952041E+2	2.685547E+1	5.950000E+2
5.865749E+3	1.270000E+3	0.000000E+0	-2.875316E-2	-4.662029E-2	7.844808E-2	2.952084E+2	2.680664E+1	5.950000E+2
5.867189E+3	1.277000E+3	0.000000E+0	-2.434483E-2	-3.943728E-2	7.945774E-2	2.951987E+2	2.685547E+1	5.950000E+2
5.868521E+3	1.284000E+3	0.000000E+0	-2.121904E-2	-3.380444E-2	8.036756E-2	2.952096E+2	2.685547E+1	5.950000E+2
5.869741E+3	1.291000E+3	0.000000E+0	-1.554286E-2	-2.450394E-2	8.084630E-2	2.952009E+2	2.680664E+1	5.950000E+2
5.871073E+3	1.298000E+3	0.000000E+0	-1.089001E-2	-1.741611E-2	8.182419E-2	2.952092E+2	2.680664E+1	5.950000E+2
5.872400E+3	1.305000E+3	0.000000E+0	-5.569342E-3	-9.383548E-3	8.334662E-2	2.952031E+2	2.685547E+1	5.950000E+2
5.873730E+3	1.312000E+3	0.000000E+0	-1.651401E-3	-3.246388E-3	8.370964E-2	2.952220E+2	2.680664E+1	5.950000E+2
5.875054E+3	1.319000E+3	0.000000E+0	1.317107E-3	1.425699E-3	8.483047E-2	2.952128E+2	2.680664E+1	5.950000E+2
5.890436E+3	1.326000E+3	0.000000E+0	2.847850E-3	4.318649E-3	8.589912E-2	2.951928E+2	2.685547E+1	6.010000E+2
5.891765E+3	1.333000E+3	0.000000E+0	3.159779E-3	6.606361E-3	8.610559E-2	2.952085E+2	2.685547E+1	6.010000E+2
5.893090E+3	1.340000E+3	0.000000E+0	3.904517E-3	7.340954E-3	8.674088E-2	2.952096E+2	2.685547E+1	6.010000E+2
5.894418E+3	1.347000E+3	0.000000E+0	3.482030E-3	6.229363E-3	8.711298E-2	2.952126E+2	2.685547E+1	6.010000E+2
5.895751E+3	1.354000E+3	0.000000E+0	2.510600E-3	3.689074E-3	8.751684E-2	2.951998E+2	2.685547E+1	6.010000E+2
5.896967E+3	1.361000E+3	0.000000E+0	-3.976174E-4	-2.698386E-4	8.815213E-2	2.952102E+2	2.685547E+1	6.010000E+2
5.898295E+3	1.368000E+3	0.000000E+0	-2.078791E-3	-3.035120E-3	8.851515E-2	2.952026E+2	2.685547E+1	6.010000E+2
5.899627E+3	1.375000E+3	0.000000E+0	-5.272214E-3	-7.836567E-3	8.886910E-2	2.951914E+2	2.685547E+1	6.010000E+2
5.900846E+3	1.382000E+3	0.000000E+0	-7.284393E-3	-1.155276E-2	8.920263E-2	2.952005E+2	2.685547E+1	6.010000E+2
5.902180E+3	1.389000E+3	0.000000E+0	-1.053819E-2	-1.762036E-2	8.980842E-2	2.952099E+2	2.680664E+1	6.010000E+2
5.903508E+3	1.396000E+3	0.000000E+0	-1.344266E-2	-2.393940E-2	9.001943E-2	2.951982E+2	2.685547E+1	6.010000E+2
5.904725E+3	1.403000E+3	0.000000E+0	-1.749263E-2	-3.010143E-2	9.039153E-2	2.952107E+2	2.685547E+1	6.010000E+2
5.906059E+3	1.410000E+3	0.000000E+0	-2.111265E-2	-3.487275E-2	9.101320E-2	2.952134E+2	2.680664E+1	6.010000E+2
5.920589E+3	1.417000E+3	0.000000E+0	-2.287945E-2	-3.897354E-2	9.139438E-2	2.951993E+2	2.680664E+1	5.970000E+2
5.921806E+3	1.424000E+3	0.000000E+0	-2.306076E-2	-3.912127E-2	9.135807E-2	2.952013E+2	2.680664E+1	5.970000E+2
5.923133E+3	1.431000E+3	0.000000E+0	-2.102759E-2	-3.046947E-2	9.159631E-2	2.952051E+2	2.680664E+1	5.970000E+2
5.924464E+3	1.438000E+3	0.000000E+0	-1.068741E-2	-1.789696E-2	9.174833E-2	2.952063E+2	2.680664E+1	5.970000E+2
5.925795E+3	1.445000E+3	0.000000E+0	3.196637E-5	-4.480330E-3	9.253114E-2	2.952196E+2	2.680664E+1	5.970000E+2
5.927013E+3	1.452000E+3	0.000000E+0	1.090787E-2	1.959083E-2	9.318237E-2	2.952223E+2	2.680664E+1	5.970000E+2
5.928344E+3	1.459000E+3	0.000000E+0	2.357609E-2	3.707323E-2	9.325954E-2	2.952172E+2	2.680664E+1	5.970000E+2
5.929679E+3	1.466000E+3	0.000000E+0	3.684122E-2	6.036122E-2	9.439187E-2	2.952215E+2	2.680664E+1	5.970000E+2
5.931007E+3	1.473000E+3	0.000000E+0	4.405983E-2	6.546374E-2	9.514553E-2	2.952058E+2	2.680664E+1	5.970000E+2
5.932225E+3	1.480000E+3	0.000000E+0	4.113670E-2	7.264222E-2	9.598074E-2	2.952193E+2	2.680664E+1	5.970000E+2
5.933555E+3	1.487000E+3	0.000000E+0	4.417247E-2	7.279710E-2	9.707718E-2	2.952256E+2	2.680664E+1	5.970000E+2
5.934881E+3	1.494000E+3	0.000000E+0	3.478137E-2	5.398722E-2	9.789230E-2	2.952144E+2	2.678223E+1	5.970000E+2
5.936211E+3	1.501000E+3	0.000000E+0	2.340533E-2	3.889471E-2	9.888457E-2	2.952132E+2	2.678223E+1	5.970000E+2
5.937432E+3	1.508000E+3	0.000000E+0	1.063312E-2	1.854082E-2	9.932047E-2	2.952118E+2	2.680664E+1	5.970000E+2
5.952946E+3	1.515000E+3	0.000000E+0	-4.055578E-3	-3.828126E-3	1.013530E-1	2.951849E+2	2.680664E+1	6.020000E+2
5.954273E+3	1.522000E+3	0.000000E+0	-1.336290E-2	-1.326936E-2	1.025568E-1	2.952000E+2	2.680664E+1	6.020000E+2
5.955607E+3	1.529000E+3	0.000000E+0	-1.547887E-2	-2.377024E-2	1.030247E-1	2.952036E+2	2.680664E+1	6.020000E+2
5.956823E+3	1.536000E+3	0.000000E+0	-1.675153E-2	-3.060438E-2	1.056502E-1	2.952178E+2	2.680664E+1	6.020000E+2
5.958154E+3	1.543000E+3	0.000000E+0	-1.852425E-2	-2.983717E-2	1.064476E-1	2.952138E+2	2.680664E+1	6.020000E+2
5.959484E+3	1.550000E+3	0.000000E+0	-1.325555E-2	-2.227207E-2	1.082827E-1	2.952052E+2	2.680664E+1	6.020000E+2
5.960812E+3	1.557000E+3	0.000000E+0	-9.685714E-3	-1.727648E-2	1.096272E-1	2.952141E+2	2.680664E+1	6.020000E+2
5.962031E+3	1.564000E+3	0.000000E+0	-6.639939E-3	-8.522457E-3	1.119985E-1	2.952173E+2	2.680664E+1	6.020000E+2
5.963364E+3	1.571000E+3	0.000000E+0	-2.677763E-3	-2.938243E-3	1.129795E-1	2.952115E+2	2.680664E+1	6.020000E+2
5.964690E+3	1.578000E+3	0.000000E+0	-7.808005E-4	-2.020410E-3	1.139107E-1	2.952088E+2	2.680664E+1	6.020000E+2
5.966015E+3	1.585000E+3	0.000000E+0	-1.331050E-3	-2.399472E-3	1.166973E-1	2.952127E+2	2.680664E+1	6.020000E+2
5.967343E+3	1.592000E+3	0.000000E+0	-1.366157E-3	-3.515566E-3	1.183712E-1	2.952321E+2	2.680664E+1	6.020000E+2
5.968672E+3	1.599000E+3	0.000000E+0	-2.316538E-3	-5.076416E-3	1.195385E-1	2.952133E+2	2.680664E+1	6.020000E+2
5.983750E+3	1.606000E+3	0.000000E+0	-2.573350E-3	-5.753782E-3	1.220431E-1	2.951913E+2	2.680664E+1	5.960000E+2
5.984971E+3	1.613000E+3	0.000000E+0	-2.857230E-3	-6.442574E-3	1.232011E-1	2.951902E+2	2.680664E+1	5.960000E+2
5.986410E+3	1.620000E+3	0.000000E+0	-2.871235E-3	-5.959907E-3	1.245567E-1	2.951947E+2	2.680664E+1	5.960000E+2
5.987622E+3	1.627000E+3	0.000000E+0	-2.762475E-3	-5.092684E-3	1.252266E-1	2.951935E+2	2.680664E+1	5.960000E+2
5.988949E+3	1.634000E+3	0.000000E+0	-2.080558E-3	-3.986475E-3	1.264707E-1	2.952001E+2	2.680664E+1	5.960000E+2
5.990278E+3	1.641000E+3	0.000000E+0	-2.081863E-3	-3.255623E-3	1.275354E-1	2.951887E+2	2.680664E+1	5.960000E+2
5.991494E+3	1.648000E+3	0.000000E+0	-1.436471E-3	-2.170734E-3	1.290856E-1	2.952027E+2	2.680664E+1	5.960000E+2
5.992819E+3	1.655000E+3	0.000000E+0	-1.360085E-3	-1.833501E-3	1.293830E-1	2.952024E+2	2.680664E+1	5.960000E+2
5.994141E+3	1.662000E+3	0.000000E+0	-1.131890E-3	-1.747595E-3	1.306176E-1	2.951901E+2	2.680664E+1	5.960000E+2
5.995471E+3	1.669000E+3	0.000000E+0	-9.335993E-4	-1.302323E-3	1.311395E-1	2.951933E+2	2.680664E+1	5.960000E+2
5.996798E+3	1.676000E+3	0.000000E+0	-9.652608E-4	-1.111427E-3	1.313596E-1	2.951940E+2	2.680664E+1	5.960000E+2
5.998013E+3	1.683000E+3	0.000000E+0	-7.347277E-4	-9.999730E-4	1.318225E-1	2.951937E+2	2.680664E+1	5.960000E+2
5.999341E+3	1.690000E+3	0.000000E+0	-8.613089E-4	-8.715183E-4	1.325553E-1	2.952075E+2	2.680664E+1	5.960000E+2
6.013783E+3	1.697000E+3	0.000000E+0	-7.908808E-4	-8.790648E-4	1.329206E-1	2.952147E+2	2.680664E+1	5.990000E+2
6.015112E+3	1.704000E+3	0.000000E+0	-6.938775E-4	-8.336967E-4	1.330023E-1	2.952152E+2	2.685547E+1	5.990000E+2
6.016550E+3	1.711000E+3	0.000000E+0	-7.439713E-4	-6.239858E-4	1.332496E-1	2.951924E+2	2.685547E+1	5.990000E+2
6.017765E+3	1.718000E+3	0.000000E+0	-8.246343E-4	-9.165746E-4	1.334130E-1	2.952084E+2	2.685547E+1	5.990000E+2
6.019092E+3	1.725000E+3	0.000000E+0	-1.072195E-3	-1.147079E-3	1.335196E-1	2.952096E+2	2.685547E+1	5.990000E+2
6.020425E+3	1.732000E+3	0.000000E+0	-1.365463E-3	-1.306365E-3	1.334516E-1	2.952183E+2	2.685547E+1	5.990000E+2
6.021861E+3	1.739000E+3	0.000000E+0	-1.416660E-3	-1.482629E-3	1.335491E-1	2.952181E+2	2.685547E+1	5.990000E+2
6.023080E+3	1.746000E+3	0.000000E+0	-1.267149E-3	-1.899710E-3	1.334493E-1	2.952142E+2	2.685547E+1	5.990000E+2
6.024408E+3	1.753000E+3	0.000000E+0	-1.547331E-3	-2.173535E-3	1.333653E-1	2.952201E+2	2.685547E+1	5.990000E+2
6.025739E+3	1.760000E+3	0.000000E+0	-1.423985E-3	-2.514084E-3	1.334243E-1	2.952156E+2	2.685547E+1	5.990000E+2
6.026961E+3	1.767000E+3	0.000000E+0	-1.382728E-3	-2.897074E-3	1.334811E-1	2.952182E+2	2.685547E+1	5.990000E+2
6.028289E+3	1.774000E+3	0.000000E+0	-1.931274E-3	-3.872167E-3	1.336217E-1	2.952205E+2	2.685547E+1	5.990000E+2
6.029620E+3	1.781000E+3	0.000000E+0	-2.431725E-3	-5.059766E-3	1.337420E-1	2.952187E+2	2.685547E+1	5.990000E+2
6.044733E+3	1.788000E+3	0.000000E+0	-4.118459E-3	-9.363034E-3	1.340324E-1	2.952152E+2	2.685547E+1	5.960000E+2
6.046052E+3	1.795000E+3	0.000000E+0	-7.780212E-3	-1.564207E-2	1.341958E-1	2.952052E+2	2.690430E+1	5.960000E+2
6.047373E+3	1.802000E+3	0.000000E+0	-1.352914E-2	-2.739462E-2	1.344794E-1	2.952108E+2	2.690430E+1	5.960000E+2
6.048695E+3	1.809000E+3	0.000000E+0	-2.605826E-2	-4.612213E-2	1.350239E-1	2.952224E+2	2.690430E+1	5.960000E+2
6.050019E+3	1.816000E+3	0.000000E+0	-3.492842E-2	-5.552773E-2	1.353869E-1	2.952231E+2	2.690430E+1	5.960000E+2
6.051340E+3	1.823000E+3	0.000000E+0	-4.513467E-2	-7.308859E-2	1.358906E-1	2.952057E+2	2.690430E+1	5.960000E+2
6.052665E+3	1.830000E+3	0.000000E+0	-5.011223E-2	-7.946716E-2	1.365622E-1	2.952283E+2	2.690430E+1	5.960000E+2
6.053978E+3	1.837000E+3	0.000000E+0	-4.601693E-2	-7.042204E-2	1.372928E-1	2.952284E+2	2.690430E+1	5.960000E+2
6.055288E+3	1.844000E+3	0.000000E+0	-3.336319E-2	-6.313389E-2	1.380733E-1	2.952339E+2	2.690430E+1	5.960000E+2
6.056610E+3	1.851000E+3	0.000000E+0	-2.672954E-2	-3.948842E-2	1.393983E-1	2.952130E+2	2.690430E+1	5.960000E+2
6.057921E+3	1.858000E+3	0.000000E+0	-7.369573E-3	-8.561543E-3	1.408413E-1	2.952124E+2	2.695313E+1	5.960000E+2
6.059138E+3	1.865000E+3	0.000000E+0	3.702860E-3	7.989860E-3	1.413087E-1	2.952330E+2	2.695313E+1	5.960000E+2
6.060578E+3	1.872000E+3	0.000000E+0	1.689252E-2	2.481310E-2	1.428266E-1	2.952182E+2	2.690430E+1	5.960000E+2
6.075701E+3	1.879000E+3	0.000000E+0	1.413021E-2	3.274090E-4	1.441176E-1	2.952032E+2	2.695313E+1	6.000000E+2
6.077139E+3	1.886000E+3	0.000000E+0	-2.396271E-3	-7.348150E-3	1.453723E-1	2.952088E+2	2.695313E+1	6.000000E+2
6.078355E+3	1.893000E+3	0.000000E+0	-2.850070E-2	-5.854224E-2	1.466247E-1	2.952231E+2	2.695313E+1	6.000000E+2
6.079682E+3	1.900000E+3	0.000000E+0	-4.719178E-2	-8.164648E-2	1.470763E-1	2.952262E+2	2.695313E+1	6.000000E+2
6.080998E+3	1.907000E+3	0.000000E+0	-6.596006E-2	-1.076372E-1	1.485692E-1	2.952392E+2	2.695313E+1	6.000000E+2
6.082214E+3	1.914000E+3	0.000000E+0	-5.787826E-2	-6.567366E-2	1.496696E-1	2.952223E+2	2.695313E+1	6.000000E+2
6.083544E+3	1.921000E+3	0.000000E+0	-3.825785E-3	-3.713761E-2	1.503911E-1	2.952263E+2	2.697754E+1	6.000000E+2
6.084875E+3	1.928000E+3	0.000000E+0	1.394163E-2	2.960873E-2	1.521699E-1	2.952305E+2	2.697754E+1	6.000000E+2
6.086203E+3	1.935000E+3	0.000000E+0	6.388356E-2	1.216368E-1	1.533883E-1	2.952198E+2	2.697754E+1	6.000000E+2
6.087639E+3	1.942000E+3	0.000000E+0	1.248001E-1	2.068876E-1	1.553282E-1	2.952231E+2	2.697754E+1	6.000000E+2
6.088857E+3	1.949000E+3	0.000000E+0	1.690149E-1	2.773550E-1	1.550786E-1	2.952192E+2	2.697754E+1	6.000000E+2
6.090192E+3	1.956000E+3	0.000000E+0	2.143316E-1	2.947385E-1	1.572273E-1	2.952193E+2	2.697754E+1	6.000000E+2
6.091519E+3	1.963000E+3	0.000000E+0	1.784999E-1	2.790502E-1	1.576652E-1	2.952241E+2	2.697754E+1	6.000000E+2
6.106705E+3	1.970000E+3	0.000000E+0	1.411858E-1	2.558826E-1	1.589199E-1	2.952201E+2	2.697754E+1	5.990000E+2
6.108039E+3	1.977000E+3	0.000000E+0	9.422442E-2	1.518143E-1	1.589244E-1	2.952208E+2	2.697754E+1	5.990000E+2
6.109368E+3	1.984000E+3	0.000000E+0	4.833151E-2	7.239543E-2	1.598910E-1	2.952194E+2	2.697754E+1	5.990000E+2
6.110675E+3	1.991000E+3	0.000000E+0	-2.628889E-2	-7.412800E-2	1.602540E-1	2.952086E+2	2.695313E+1	5.990000E+2
6.111990E+3	1.998000E+3	0.000000E+0	-9.891193E-2	-1.470350E-1	1.604877E-1	2.952244E+2	2.695313E+1	5.990000E+2
6.113204E+3	2.005000E+3	0.000000E+0	-1.329711E-1	-1.720390E-1	1.607599E-1	2.952459E+2	2.697754E+1	5.990000E+2
6.114531E+3	2.012000E+3	0.000000E+0	-1.070552E-1	-1.644879E-1	1.609210E-1	2.952259E+2	2.697754E+1	5.990000E+2
6.115857E+3	2.019000E+3	0.000000E+0	-8.271581E-2	-1.508582E-1	1.613816E-1	2.952297E+2	2.697754E+1	5.990000E+2
6.117185E+3	2.026000E+3	0.000000E+0	-4.781238E-2	-7.553494E-2	1.615041E-1	2.952366E+2	2.695313E+1	5.990000E+2
6.118516E+3	2.033000E+3	0.000000E+0	-2.705744E-3	-1.840726E-2	1.619443E-1	2.952308E+2	2.695313E+1	5.990000E+2
6.119733E+3	2.040000E+3	0.000000E+0	3.172969E-2	5.663606E-2	1.622937E-1	2.952184E+2	2.695313E+1	5.990000E+2
6.121062E+3	2.047000E+3	0.000000E+0	6.403421E-2	1.119150E-1	1.623391E-1	2.952220E+2	2.695313E+1	5.990000E+2
6.122384E+3	2.054000E+3	0.000000E+0	8.375726E-2	1.136307E-1	1.625433E-1	2.952207E+2	2.695313E+1	5.990000E+2
6.123711E+3	2.061000E+3	0.000000E+0	6.052556E-2	1.025311E-1	1.625955E-1	2.952270E+2	2.695313E+1	5.990000E+2
6.138993E+3	2.068000E+3	0.000000E+0	4.605830E-2	7.766441E-2	1.628542E-1	2.952028E+2	2.690430E+1	6.010000E+2
6.140213E+3	2.075000E+3	0.000000E+0	2.033059E-2	3.513616E-2	1.627384E-1	2.952074E+2	2.690430E+1	6.010000E+2
6.141650E+3	2.082000E+3	0.000000E+0	-1.013745E-2	-6.190440E-3	1.630630E-1	2.952037E+2	2.690430E+1	6.010000E+2
6.142977E+3	2.089000E+3	0.000000E+0	-2.625958E-2	-5.123572E-2	1.637915E-1	2.952140E+2	2.690430E+1	6.010000E+2
6.144303E+3	2.096000E+3	0.000000E+0	-5.830590E-2	-8.451618E-2	1.641841E-1	2.952063E+2	2.690430E+1	6.010000E+2
6.145514E+3	2.103000E+3	0.000000E+0	-5.847536E-2	-9.179763E-2	1.652146E-1	2.952177E+2	2.690430E+1	6.010000E+2
6.146843E+3	2.110000E+3	0.000000E+0	-6.172474E-2	-1.026369E-1	1.666083E-1	2.952174E+2	2.690430E+1	6.010000E+2
6.148172E+3	2.117000E+3	0.000000E+0	-5.556004E-2	-8.840425E-2	1.668991E-1	2.952147E+2	2.690430E+1	6.010000E+2
6.149502E+3	2.124000E+3	0.000000E+0	-3.899447E-2	-6.361327E-2	1.683384E-1	2.952111E+2	2.690430E+1	6.010000E+2
