9.065260E+3	2.131000E+3	0.000000E+0	-3.074695E-2	-5.808262E-2	1.697604E-1	2.952243E+2	2.663574E+1	8.990000E+2
9.066589E+3	8.500000E+2	0.000000E+0	2.393799E-4	7.523874E-5	7.573068E-2	2.951946E+2	2.661133E+1	8.990000E+2
9.067807E+3	8.570000E+2	0.000000E+0	3.817830E-5	5.101124E-5	2.699190E-2	2.951873E+2	2.661133E+1	8.990000E+2
9.069138E+3	8.640000E+2	0.000000E+0	7.971848E-5	-1.219598E-4	2.749332E-2	2.951912E+2	2.661133E+1	8.990000E+2
9.070465E+3	8.710000E+2	0.000000E+0	-5.599004E-4	1.940093E-4	2.828970E-2	2.951763E+2	2.663574E+1	8.990000E+2
9.085618E+3	8.780000E+2	0.000000E+0	-2.087132E-4	-4.753635E-4	2.902483E-2	2.952150E+2	2.663574E+1	8.990000E+2
9.086946E+3	8.850000E+2	0.000000E+0	-3.656049E-4	-6.009518E-4	2.948541E-2	2.952391E+2	2.663574E+1	8.990000E+2
9.088275E+3	8.920000E+2	0.000000E+0	-5.946836E-4	-8.768567E-4	3.007305E-2	2.952237E+2	2.661133E+1	8.990000E+2
9.089493E+3	8.990000E+2	0.000000E+0	-6.892894E-4	-1.079955E-3	3.096700E-2	2.952101E+2	2.661133E+1	8.990000E+2
9.090819E+3	9.060000E+2	0.000000E+0	-6.814861E-4	-1.118630E-3	3.123246E-2	2.952155E+2	2.661133E+1	8.990000E+2
9.092148E+3	9.130000E+2	0.000000E+0	-6.981475E-4	-1.234956E-3	3.234648E-2	2.952323E+2	2.663574E+1	8.990000E+2
9.093367E+3	9.200000E+2	0.000000E+0	-6.999577E-4	-1.240690E-3	3.280707E-2	2.952124E+2	2.663574E+1	8.990000E+2
9.094695E+3	9.270000E+2	0.000000E+0	-5.614845E-4	-1.186563E-3	3.332664E-2	2.952298E+2	2.663574E+1	8.990000E+2
9.096025E+3	9.340000E+2	0.000000E+0	-5.094503E-4	-8.753004E-4	3.434764E-2	2.952246E+2	2.663574E+1	8.990000E+2
9.097353E+3	9.410000E+2	0.000000E+0	-8.905377E-4	-1.039324E-3	3.517352E-2	2.952321E+2	2.663574E+1	8.990000E+2
9.098571E+3	9.480000E+2	0.000000E+0	-2.588386E-4	-3.898056E-4	3.537318E-2	2.952178E+2	2.663574E+1	8.990000E+2
9.099903E+3	9.550000E+2	0.000000E+0	-1.732390E-4	-2.323551E-4	3.608335E-2	2.952269E+2	2.663574E+1	8.990000E+2
9.101232E+3	9.620000E+2	0.000000E+0	-2.914061E-5	1.431606E-4	3.718149E-2	2.952484E+2	2.663574E+1	8.990000E+2
9.102558E+3	9.690000E+2	0.000000E+0	-1.654535E-5	5.398490E-5	3.773056E-2	2.952349E+2	2.663574E+1	8.990000E+2
9.118449E+3	9.760000E+2	0.000000E+0	-2.188301E-4	-3.031473E-4	3.833409E-2	2.952383E+2	2.663574E+1	9.020000E+2
9.119556E+3	9.830000E+2	0.000000E+0	-4.620790E-4	-5.723657E-4	3.920988E-2	2.952413E+2	2.663574E+1	9.020000E+2
9.120658E+3	9.900000E+2	0.000000E+0	-7.692522E-4	-1.024623E-3	3.950483E-2	2.952313E+2	2.663574E+1	9.020000E+2
9.121763E+3	9.970000E+2	0.000000E+0	-1.021086E-3	-1.512608E-3	4.042147E-2	2.952293E+2	2.661133E+1	9.020000E+2
9.122865E+3	1.004000E+3	0.000000E+0	-1.563600E-3	-2.159850E-3	4.065062E-2	2.952247E+2	2.661133E+1	9.020000E+2
9.123970E+3	1.011000E+3	0.000000E+0	-1.828749E-3	-3.175645E-3	4.113163E-2	2.952268E+2	2.663574E+1	9.020000E+2
9.125073E+3	1.018000E+3	0.000000E+0	-2.658330E-3	-4.043340E-3	4.192801E-2	2.952133E+2	2.663574E+1	9.020000E+2
9.126178E+3	1.025000E+3	0.000000E+0	-3.294708E-3	-5.644468E-3	4.310330E-2	2.952218E+2	2.663574E+1	9.020000E+2
9.127285E+3	1.032000E+3	0.000000E+0	-4.231165E-3	-7.935774E-3	4.395413E-2	2.952078E+2	2.663574E+1	9.020000E+2
9.128389E+3	1.039000E+3	0.000000E+0	-5.367722E-3	-1.027595E-2	4.493429E-2	2.952093E+2	2.663574E+1	9.020000E+2
9.129492E+3	1.046000E+3	0.000000E+0	-7.009913E-3	-1.353230E-2	4.563765E-2	2.952085E+2	2.663574E+1	9.020000E+2
9.130701E+3	1.053000E+3	0.000000E+0	-9.893606E-3	-1.916943E-2	4.667680E-2	2.952073E+2	2.663574E+1	9.020000E+2
9.132025E+3	1.060000E+3	0.000000E+0	-1.235021E-2	-2.387605E-2	4.718503E-2	2.952111E+2	2.663574E+1	9.020000E+2
9.133351E+3	1.067000E+3	0.000000E+0	-1.729232E-2	-3.242354E-2	4.808124E-2	2.952166E+2	2.663574E+1	9.020000E+2
9.149599E+3	1.074000E+3	0.000000E+0	-2.173091E-2	-3.882411E-2	4.876872E-2	2.952148E+2	2.663574E+1	8.970000E+2
9.150923E+3	1.081000E+3	0.000000E+0	-2.635272E-2	-4.621651E-2	4.977610E-2	2.952379E+2	2.661133E+1	8.970000E+2
9.152144E+3	1.088000E+3	0.000000E+0	-3.016821E-2	-5.241782E-2	5.035467E-2	2.952449E+2	2.661133E+1	8.970000E+2
9.153471E+3	1.095000E+3	0.000000E+0	-3.287962E-2	-5.755258E-2	5.135752E-2	2.952245E+2	2.661133E+1	8.970000E+2
9.154796E+3	1.102000E+3	0.000000E+0	-3.498044E-2	-5.958698E-2	5.222651E-2	2.952269E+2	2.663574E+1	8.970000E+2
9.156132E+3	1.109000E+3	0.000000E+0	-3.397257E-2	-5.593620E-2	5.253734E-2	2.952160E+2	2.663574E+1	8.970000E+2
9.157346E+3	1.116000E+3	0.000000E+0	-2.694551E-2	-4.357181E-2	5.375347E-2	2.952186E+2	2.663574E+1	8.970000E+2
9.158677E+3	1.123000E+3	0.000000E+0	-1.789249E-2	-3.225113E-2	5.465195E-2	2.952318E+2	2.661133E+1	8.970000E+2
9.160010E+3	1.130000E+3	0.000000E+0	-3.847121E-3	-1.235186E-2	5.481985E-2	2.952280E+2	2.661133E+1	8.970000E+2
9.161337E+3	1.137000E+3	0.000000E+0	8.908565E-3	1.086287E-2	5.594068E-2	2.952254E+2	2.661133E+1	8.970000E+2
9.162554E+3	1.144000E+3	0.000000E+0	2.223323E-2	3.779451E-2	5.731563E-2	2.952306E+2	2.661133E+1	8.970000E+2
9.163880E+3	1.151000E+3	0.000000E+0	4.063659E-2	6.975870E-2	5.803260E-2	2.952375E+2	2.661133E+1	8.970000E+2
9.165212E+3	1.158000E+3	0.000000E+0	5.243799E-2	8.887712E-2	5.849772E-2	2.952319E+2	2.661133E+1	8.970000E+2
9.166541E+3	1.165000E+3	0.000000E+0	6.450906E-2	1.116735E-1	5.988401E-2	2.952443E+2	2.661133E+1	8.970000E+2
9.182720E+3	1.172000E+3	0.000000E+0	7.487166E-2	1.275159E-1	6.082334E-2	2.952537E+2	2.661133E+1	8.990000E+2
9.184049E+3	1.179000E+3	0.000000E+0	7.654065E-2	1.271555E-1	6.211887E-2	2.952276E+2	2.658691E+1	8.990000E+2
9.185376E+3	1.186000E+3	0.000000E+0	7.064112E-2	1.282041E-1	6.292433E-2	2.952359E+2	2.658691E+1	8.990000E+2
9.186705E+3	1.193000E+3	0.000000E+0	6.754979E-2	1.185925E-1	6.408600E-2	2.952171E+2	2.658691E+1	8.990000E+2
9.188032E+3	1.200000E+3	0.000000E+0	5.597068E-2	9.555598E-2	6.542465E-2	2.952359E+2	2.658691E+1	8.990000E+2
9.189368E+3	1.207000E+3	0.000000E+0	4.147923E-2	7.356773E-2	6.647514E-2	2.952215E+2	2.658691E+1	8.990000E+2
9.190699E+3	1.214000E+3	0.000000E+0	2.478782E-2	4.159261E-2	6.782286E-2	2.952441E+2	2.653809E+1	8.990000E+2
9.191914E+3	1.221000E+3	0.000000E+0	9.094655E-3	2.023889E-2	6.905260E-2	2.952397E+2	2.658691E+1	8.990000E+2
9.193355E+3	1.228000E+3	0.000000E+0	-5.573990E-3	-7.876691E-3	7.037537E-2	2.952320E+2	2.658691E+1	8.990000E+2
9.194575E+3	1.235000E+3	0.000000E+0	-1.467381E-2	-2.881810E-2	7.084049E-2	2.952372E+2	2.653809E+1	8.990000E+2
9.195906E+3	1.242000E+3	0.000000E+0	-2.837993E-2	-4.590956E-2	7.297552E-2	2.952299E+2	2.653809E+1	8.990000E+2
9.197123E+3	1.249000E+3	0.000000E+0	-3.135028E-2	-5.282491E-2	7.376736E-2	2.952299E+2	2.653809E+1	8.990000E+2
9.198454E+3	1.256000E+3	0.000000E+0	-3.337580E-2	-5.934882E-2	7.502659E-2	2.952333E+2	2.653809E+1	8.990000E+2
9.214641E+3	1.263000E+3	0.000000E+0	-3.382482E-2	-5.920842E-2	7.646053E-2	2.951991E+2	2.653809E+1	8.970000E+2
9.215972E+3	1.270000E+3	0.000000E+0	-3.276107E-2	-5.728166E-2	7.726826E-2	2.952152E+2	2.651367E+1	8.970000E+2
9.217301E+3	1.277000E+3	0.000000E+0	-2.908180E-2	-5.049686E-2	7.899489E-2	2.952072E+2	2.651367E+1	8.970000E+2
9.218627E+3	1.284000E+3	0.000000E+0	-2.585627E-2	-4.445387E-2	7.971412E-2	2.951984E+2	2.651367E+1	8.970000E+2
9.219838E+3	1.291000E+3	0.000000E+0	-2.009416E-2	-3.464836E-2	8.048328E-2	2.952098E+2	2.651367E+1	8.970000E+2
9.221163E+3	1.298000E+3	0.000000E+0	-1.579827E-2	-2.668723E-2	8.166764E-2	2.952170E+2	2.651367E+1	8.970000E+2
9.222491E+3	1.305000E+3	0.000000E+0	-1.056391E-2	-1.740772E-2	8.249352E-2	2.952276E+2	2.651367E+1	8.970000E+2
9.223821E+3	1.312000E+3	0.000000E+0	-5.654408E-3	-9.293210E-3	8.324679E-2	2.952106E+2	2.651367E+1	8.970000E+2
9.225039E+3	1.319000E+3	0.000000E+0	-2.307386E-3	-4.599249E-3	8.391157E-2	2.952088E+2	2.651367E+1	8.970000E+2
9.226369E+3	1.326000E+3	0.000000E+0	5.659348E-4	-4.239932E-4	8.495753E-2	2.951995E+2	2.651367E+1	8.970000E+2
9.227697E+3	1.333000E+3	0.000000E+0	1.168199E-3	1.111059E-3	8.544081E-2	2.952155E+2	2.651367E+1	8.970000E+2
9.228914E+3	1.340000E+3	0.000000E+0	1.086850E-3	2.479102E-3	8.577433E-2	2.952111E+2	2.651367E+1	8.970000E+2
9.230354E+3	1.347000E+3	0.000000E+0	5.612918E-4	2.584750E-3	8.657979E-2	2.952261E+2	2.651367E+1	8.970000E+2
9.245648E+3	1.354000E+3	0.000000E+0	-1.166484E-4	9.999484E-4	8.685206E-2	2.952168E+2	2.651367E+1	8.970000E+2
9.246976E+3	1.361000E+3	0.000000E+0	-1.710980E-3	-2.988888E-3	8.733306E-2	2.952263E+2	2.651367E+1	8.970000E+2
9.248305E+3	1.368000E+3	0.000000E+0	-4.027555E-3	-6.546699E-3	8.749188E-2	2.952180E+2	2.651367E+1	8.970000E+2
9.249524E+3	1.375000E+3	0.000000E+0	-7.264954E-3	-1.233889E-2	8.816347E-2	2.952231E+2	2.651367E+1	8.970000E+2
9.250853E+3	1.382000E+3	0.000000E+0	-1.037802E-2	-1.764660E-2	8.861725E-2	2.952359E+2	2.653809E+1	8.970000E+2
9.252180E+3	1.389000E+3	0.000000E+0	-1.369407E-2	-2.384526E-2	8.854919E-2	2.952246E+2	2.653809E+1	8.970000E+2
9.253395E+3	1.396000E+3	0.000000E+0	-1.740167E-2	-3.075751E-2	8.939548E-2	2.952467E+2	2.653809E+1	8.970000E+2
9.254832E+3	1.403000E+3	0.000000E+0	-1.959969E-2	-3.510406E-2	8.937506E-2	2.952245E+2	2.651367E+1	8.970000E+2
9.256161E+3	1.410000E+3	0.000000E+0	-2.134953E-2	-3.776044E-2	8.976758E-2	2.952218E+2	2.653809E+1	8.970000E+2
9.257494E+3	1.417000E+3	0.000000E+0	-2.044083E-2	-3.710542E-2	9.022590E-2	2.952301E+2	2.653809E+1	8.970000E+2
9.258708E+3	1.424000E+3	0.000000E+0	-1.601827E-2	-3.220635E-2	9.090884E-2	2.952250E+2	2.651367E+1	8.970000E+2
9.260041E+3	1.431000E+3	0.000000E+0	-1.178530E-2	-2.565250E-2	9.124011E-2	2.952337E+2	2.653809E+1	8.970000E+2
9.261374E+3	1.438000E+3	0.000000E+0	-4.719220E-3	-1.146196E-2	9.141480E-2	2.952125E+2	2.653809E+1	8.970000E+2
9.262704E+3	1.445000E+3	0.000000E+0	4.260008E-3	6.587644E-3	9.251523E-2	2.952418E+2	2.653809E+1	8.970000E+2
9.278875E+3	1.452000E+3	0.000000E+0	1.446547E-2	2.374665E-2	9.322552E-2	2.952241E+2	2.653809E+1	8.970000E+2
9.280091E+3	1.459000E+3	0.000000E+0	2.395476E-2	4.208978E-2	9.370441E-2	2.952212E+2	2.653809E+1	8.970000E+2
9.281419E+3	1.466000E+3	0.000000E+0	2.940065E-2	5.381223E-2	9.422865E-2	2.952261E+2	2.653809E+1	8.970000E+2
9.282741E+3	1.473000E+3	0.000000E+0	3.529000E-2	6.665205E-2	9.514793E-2	2.952280E+2	2.653809E+1	8.970000E+2
9.284072E+3	1.480000E+3	0.000000E+0	3.908495E-2	7.019486E-2	9.548169E-2	2.952290E+2	2.653809E+1	8.970000E+2
9.285290E+3	1.487000E+3	0.000000E+0	3.962446E-2	6.578942E-2	9.665294E-2	2.952319E+2	2.653809E+1	8.970000E+2
9.286618E+3	1.494000E+3	0.000000E+0	3.443574E-2	5.494588E-2	9.709349E-2	2.952372E+2	2.653809E+1	8.970000E+2
9.287947E+3	1.501000E+3	0.000000E+0	2.573686E-2	4.371454E-2	9.829922E-2	2.952424E+2	2.653809E+1	8.970000E+2
9.289171E+3	1.508000E+3	0.000000E+0	1.571091E-2	2.835577E-2	9.985477E-2	2.952397E+2	2.653809E+1	8.970000E+2
9.290501E+3	1.515000E+3	0.000000E+0	1.003726E-2	1.512230E-2	1.010744E-1	2.952181E+2	2.653809E+1	8.970000E+2
9.291832E+3	1.522000E+3	0.000000E+0	-4.549542E-4	-5.047766E-3	1.022919E-1	2.952227E+2	2.653809E+1	8.970000E+2
9.293273E+3	1.529000E+3	0.000000E+0	-8.705877E-3	-1.449047E-2	1.034250E-1	2.952395E+2	2.653809E+1	8.970000E+2
9.294491E+3	1.536000E+3	0.000000E+0	-1.473642E-2	-2.116678E-2	1.052555E-1	2.952362E+2	2.653809E+1	8.970000E+2
9.309778E+3	1.543000E+3	0.000000E+0	-1.508677E-2	-2.301914E-2	1.066272E-1	2.952193E+2	2.653809E+1	8.990000E+2
9.311107E+3	1.550000E+3	0.000000E+0	-1.392514E-2	-2.350578E-2	1.077516E-1	2.952194E+2	2.653809E+1	8.990000E+2
9.312437E+3	1.557000E+3	0.000000E+0	-1.163038E-2	-2.110673E-2	1.096430E-1	2.952289E+2	2.653809E+1	8.990000E+2
9.313765E+3	1.564000E+3	0.000000E+0	-8.497902E-3	-1.729236E-2	1.109150E-1	2.952174E+2	2.653809E+1	8.990000E+2
9.315092E+3	1.571000E+3	0.000000E+0	-5.428604E-3	-1.198231E-2	1.125685E-1	2.952237E+2	2.653809E+1	8.990000E+2
9.316421E+3	1.578000E+3	0.000000E+0	-3.620312E-3	-7.896947E-3	1.144738E-1	2.952276E+2	2.653809E+1	8.990000E+2
9.317751E+3	1.585000E+3	0.000000E+0	-2.946515E-3	-5.967577E-3	1.157295E-1	2.952368E+2	2.653809E+1	8.990000E+2
9.318968E+3	1.592000E+3	0.000000E+0	-2.794983E-3	-5.455683E-3	1.167489E-1	2.952360E+2	2.653809E+1	8.990000E+2
9.320303E+3	1.599000E+3	0.000000E+0	-3.021271E-3	-5.995888E-3	1.187274E-1	2.952275E+2	2.653809E+1	8.990000E+2
9.321630E+3	1.606000E+3	0.000000E+0	-3.380925E-3	-6.917859E-3	1.207212E-1	2.952304E+2	2.653809E+1	8.990000E+2
9.323067E+3	1.613000E+3	0.000000E+0	-3.526296E-3	-7.400550E-3	1.213593E-1	2.952326E+2	2.653809E+1	8.990000E+2
9.324284E+3	1.620000E+3	0.000000E+0	-3.800157E-3	-7.349243E-3	1.232099E-1	2.952307E+2	2.653809E+1	8.990000E+2
9.325613E+3	1.627000E+3	0.000000E+0	-3.567017E-3	-7.045830E-3	1.243749E-1	2.952203E+2	2.653809E+1	8.990000E+2
9.341878E+3	1.634000E+3	0.000000E+0	-3.303434E-3	-6.134856E-3	1.255034E-1	2.952169E+2	2.653809E+1	8.980000E+2
9.343091E+3	1.641000E+3	0.000000E+0	-2.821688E-3	-5.169149E-3	1.266455E-1	2.952319E+2	2.653809E+1	8.980000E+2
9.344416E+3	1.648000E+3	0.000000E+0	-2.639635E-3	-4.399410E-3	1.276149E-1	2.952131E+2	2.653809E+1	8.980000E+2
9.345745E+3	1.655000E+3	0.000000E+0	-2.227374E-3	-3.532214E-3	1.290108E-1	2.952134E+2	2.653809E+1	8.980000E+2
9.346963E+3	1.662000E+3	0.000000E+0	-1.993279E-3	-2.895424E-3	1.295236E-1	2.952190E+2	2.653809E+1	8.980000E+2
9.348289E+3	1.669000E+3	0.000000E+0	-1.773815E-3	-2.551919E-3	1.299413E-1	2.952211E+2	2.653809E+1	8.980000E+2
9.349617E+3	1.676000E+3	0.000000E+0	-1.657601E-3	-2.411092E-3	1.309058E-1	2.952163E+2	2.653809E+1	8.980000E+2
9.350836E+3	1.683000E+3	0.000000E+0	-1.606528E-3	-2.179578E-3	1.314390E-1	2.952301E+2	2.653809E+1	8.980000E+2
9.352167E+3	1.690000E+3	0.000000E+0	-1.485377E-3	-2.080834E-3	1.320040E-1	2.952233E+2	2.653809E+1	8.980000E+2
9.353495E+3	1.697000E+3	0.000000E+0	-1.593358E-3	-1.984165E-3	1.323035E-1	2.952261E+2	2.653809E+1	8.980000E+2
9.354937E+3	1.704000E+3	0.000000E+0	-1.602188E-3	-2.069599E-3	1.323534E-1	2.952191E+2	2.653809E+1	8.980000E+2
9.356154E+3	1.711000E+3	0.000000E+0	-1.778598E-3	-2.146749E-3	1.327437E-1	2.952148E+2	2.653809E+1	8.980000E+2
9.357482E+3	1.718000E+3	0.000000E+0	-1.702851E-3	-2.189638E-3	1.327096E-1	2.952212E+2	2.653809E+1	8.980000E+2
9.358810E+3	1.725000E+3	0.000000E+0	-1.815722E-3	-2.503916E-3	1.329524E-1	2.952391E+2	2.653809E+1	8.980000E+2
9.375087E+3	1.732000E+3	0.000000E+0	-1.912112E-3	-2.775501E-3	1.330636E-1	2.952319E+2	2.653809E+1	8.970000E+2
9.376411E+3	1.739000E+3	0.000000E+0	-2.176012E-3	-3.110264E-3	1.330500E-1	2.952415E+2	2.653809E+1	8.970000E+2
9.377743E+3	1.746000E+3	0.000000E+0	-2.255084E-3	-3.420467E-3	1.330931E-1	2.952429E+2	2.653809E+1	8.970000E+2
9.378959E+3	1.753000E+3	0.000000E+0	-2.365769E-3	-4.202048E-3	1.331884E-1	2.952452E+2	2.653809E+1	8.970000E+2
9.380289E+3	1.760000E+3	0.000000E+0	-2.551174E-3	-4.782388E-3	1.333268E-1	2.952596E+2	2.653809E+1	8.970000E+2
9.381508E+3	1.767000E+3	0.000000E+0	-3.208198E-3	-6.630661E-3	1.333041E-1	2.952441E+2	2.653809E+1	8.970000E+2
9.382837E+3	1.774000E+3	0.000000E+0	-4.055844E-3	-8.584102E-3	1.333064E-1	2.952154E+2	2.653809E+1	8.970000E+2
9.384166E+3	1.781000E+3	0.000000E+0	-6.176410E-3	-1.411696E-2	1.336285E-1	2.952138E+2	2.653809E+1	8.970000E+2
9.385496E+3	1.788000E+3	0.000000E+0	-9.928477E-3	-2.155502E-2	1.338214E-1	2.952316E+2	2.653809E+1	8.970000E+2
9.386711E+3	1.795000E+3	0.000000E+0	-1.558684E-2	-3.360540E-2	1.338577E-1	2.952528E+2	2.653809E+1	8.970000E+2
9.388043E+3	1.802000E+3	0.000000E+0	-2.407301E-2	-4.941135E-2	1.345248E-1	2.952269E+2	2.651367E+1	8.970000E+2
9.389372E+3	1.809000E+3	0.000000E+0	-3.155470E-2	-6.199354E-2	1.345928E-1	2.952254E+2	2.651367E+1	8.970000E+2
9.390703E+3	1.816000E+3	0.000000E+0	-4.317305E-2	-7.827648E-2	1.350874E-1	2.952285E+2	2.651367E+1	8.970000E+2
9.406009E+3	1.823000E+3	0.000000E+0	-4.999692E-2	-8.580812E-2	1.360086E-1	2.952411E+2	2.651367E+1	8.980000E+2
9.407333E+3	1.830000E+3	0.000000E+0	-5.238871E-2	-8.597726E-2	1.363285E-1	2.952151E+2	2.651367E+1	8.980000E+2
9.408660E+3	1.837000E+3	0.000000E+0	-4.777885E-2	-7.550005E-2	1.374357E-1	2.952253E+2	2.651367E+1	8.980000E+2
9.409990E+3	1.844000E+3	0.000000E+0	-4.087956E-2	-6.441621E-2	1.378555E-1	2.952306E+2	2.651367E+1	8.980000E+2
9.411319E+3	1.851000E+3	0.000000E+0	-2.709382E-2	-4.172447E-2	1.390988E-1	2.952322E+2	2.651367E+1	8.980000E+2
9.412535E+3	1.858000E+3	0.000000E+0	-1.785429E-2	-2.941656E-2	1.401040E-1	2.952163E+2	2.651367E+1	8.980000E+2
9.413863E+3	1.865000E+3	0.000000E+0	-1.018498E-2	-2.360758E-2	1.407574E-1	2.952327E+2	2.651367E+1	8.980000E+2
9.415192E+3	1.872000E+3	0.000000E+0	-1.029421E-2	-2.610739E-2	1.421392E-1	2.952378E+2	2.651367E+1	8.980000E+2
9.416524E+3	1.879000E+3	0.000000E+0	-1.186515E-2	-3.497043E-2	1.426202E-1	2.952364E+2	2.651367E+1	8.980000E+2
9.417855E+3	1.886000E+3	0.000000E+0	-1.835671E-2	-4.753124E-2	1.440405E-1	2.952160E+2	2.651367E+1	8.980000E+2
9.419186E+3	1.893000E+3	0.000000E+0	-2.318811E-2	-5.361900E-2	1.441970E-1	2.952261E+2	2.653809E+1	8.980000E+2
9.420521E+3	1.900000E+3	0.000000E+0	-3.387960E-2	-4.743854E-2	1.461415E-1	2.952205E+2	2.653809E+1	8.980000E+2
9.421733E+3	1.907000E+3	0.000000E+0	-3.401413E-2	-3.477231E-2	1.469061E-1	2.952223E+2	2.651367E+1	8.980000E+2
9.438036E+3	1.914000E+3	0.000000E+0	-1.892336E-2	-4.827952E-3	1.485669E-1	2.952135E+2	2.651367E+1	8.980000E+2
9.439361E+3	1.921000E+3	0.000000E+0	6.860317E-3	4.283691E-2	1.493746E-1	2.952266E+2	2.651367E+1	8.980000E+2
9.440695E+3	1.928000E+3	0.000000E+0	4.736343E-2	1.096894E-1	1.511535E-1	2.952146E+2	2.651367E+1	8.980000E+2
9.442024E+3	1.935000E+3	0.000000E+0	9.118611E-2	1.646800E-1	1.524445E-1	2.952117E+2	2.651367E+1	8.980000E+2
9.443355E+3	1.942000E+3	0.000000E+0	1.170359E-1	2.050322E-1	1.533906E-1	2.952042E+2	2.651367E+1	8.980000E+2
9.444683E+3	1.949000E+3	0.000000E+0	1.307378E-1	2.541347E-1	1.551444E-1	2.952146E+2	2.653809E+1	8.980000E+2
9.445903E+3	1.956000E+3	0.000000E+0	1.522978E-1	2.846348E-1	1.555755E-1	2.952066E+2	2.653809E+1	8.980000E+2
9.447229E+3	1.963000E+3	0.000000E+0	1.701180E-1	2.614531E-1	1.561881E-1	2.952127E+2	2.651367E+1	8.980000E+2
9.448557E+3	1.970000E+3	0.000000E+0	1.471153E-1	2.132418E-1	1.569550E-1	2.952197E+2	2.651367E+1	8.980000E+2
9.449888E+3	1.977000E+3	0.000000E+0	9.052027E-2	1.507333E-1	1.575358E-1	2.952192E+2	2.651367E+1	8.980000E+2
9.451106E+3	1.984000E+3	0.000000E+0	5.569074E-2	9.213556E-2	1.578989E-1	2.952207E+2	2.651367E+1	8.980000E+2
9.452433E+3	1.991000E+3	0.000000E+0	1.404192E-2	-8.213772E-4	1.583095E-1	2.952184E+2	2.651367E+1	8.980000E+2
9.453761E+3	1.998000E+3	0.000000E+0	-4.659869E-2	-7.770167E-2	1.591354E-1	2.952163E+2	2.651367E+1	8.980000E+2
9.470061E+3	2.005000E+3	0.000000E+0	-8.313268E-2	-9.783801E-2	1.592988E-1	2.952261E+2	2.651367E+1	9.010000E+2
9.471392E+3	2.012000E+3	0.000000E+0	-9.289050E-2	-1.184137E-1	1.597117E-1	2.952442E+2	2.651367E+1	9.010000E+2
9.472612E+3	2.019000E+3	0.000000E+0	-7.514287E-2	-1.034766E-1	1.597662E-1	2.952254E+2	2.651367E+1	9.010000E+2
9.473942E+3	2.026000E+3	0.000000E+0	-4.187164E-2	-6.984163E-2	1.602018E-1	2.952288E+2	2.651367E+1	9.010000E+2
9.475270E+3	2.033000E+3	0.000000E+0	-2.197584E-2	-3.391439E-2	1.607418E-1	2.952248E+2	2.651367E+1	9.010000E+2
9.476486E+3	2.040000E+3	0.000000E+0	8.895941E-4	2.566782E-2	1.606079E-1	2.952182E+2	2.651367E+1	9.010000E+2
9.477817E+3	2.047000E+3	0.000000E+0	2.939683E-2	7.350788E-2	1.610504E-1	2.952307E+2	2.651367E+1	9.010000E+2
9.479260E+3	2.054000E+3	0.000000E+0	5.298496E-2	9.418499E-2	1.615699E-1	2.952451E+2	2.651367E+1	9.010000E+2
9.480477E+3	2.061000E+3	0.000000E+0	5.769829E-2	8.525277E-2	1.615518E-1	2.952380E+2	2.651367E+1	9.010000E+2
9.481800E+3	2.068000E+3	0.000000E+0	4.410801E-2	6.414540E-2	1.617152E-1	2.952325E+2	2.651367E+1	9.010000E+2
9.483131E+3	2.075000E+3	0.000000E+0	1.766502E-2	3.106715E-2	1.619671E-1	2.952293E+2	2.651367E+1	9.010000E+2
9.484460E+3	2.082000E+3	0.000000E+0	4.066448E-3	5.079327E-3	1.622507E-1	2.952264E+2	2.651367E+1	9.010000E+2
9.485790E+3	2.089000E+3	0.000000E+0	-1.807782E-2	-4.206162E-2	1.624618E-1	2.952203E+2	2.651367E+1	9.010000E+2
9.487005E+3	2.096000E+3	0.000000E+0	-4.017518E-2	-7.407702E-2	1.634195E-1	2.952334E+2	2.651367E+1	9.010000E+2
9.503182E+3	2.103000E+3	0.000000E+0	-5.832557E-2	-8.967266E-2	1.643911E-1	2.952021E+2	2.651367E+1	8.970000E+2
9.504512E+3	2.110000E+3	0.000000E+0	-5.895102E-2	-1.011837E-1	1.656897E-1	2.952019E+2	2.653809E+1	8.970000E+2
9.505840E+3	2.117000E+3	0.000000E+0	-5.373790E-2	-9.839159E-2	1.660894E-1	2.952179E+2	2.653809E+1	8.970000E+2
9.507175E+3	2.124000E+3	0.000000E+0	-4.428171E-2	-7.873448E-2	1.679464E-1	2.952298E+2	2.651367E+1	8.970000E+2
