6.588835E+3	2.131000E+3	0.000000E+0	-2.684178E-2	-4.586801E-2	1.694828E-1	2.952226E+2	2.680664E+1	5.990000E+2
6.590055E+3	8.500000E+2	0.000000E+0	3.244077E-4	2.596238E-4	2.621821E-2	2.951688E+2	2.680664E+1	5.990000E+2
6.605331E+3	8.570000E+2	0.000000E+0	3.438702E-4	1.475093E-4	2.723467E-2	2.952090E+2	2.680664E+1	5.990000E+2
6.606654E+3	8.640000E+2	0.000000E+0	7.532030E-5	3.516913E-4	2.768164E-2	2.952151E+2	2.680664E+1	5.990000E+2
6.608095E+3	8.710000E+2	0.000000E+0	-1.357002E-4	-2.271304E-4	2.841676E-2	2.952239E+2	2.680664E+1	5.990000E+2
6.609316E+3	8.780000E+2	0.000000E+0	-5.435264E-4	5.275220E-6	2.904071E-2	2.952076E+2	2.680664E+1	5.990000E+2
6.610643E+3	8.850000E+2	0.000000E+0	1.552243E-4	-2.177705E-4	3.008213E-2	2.952172E+2	2.680664E+1	5.990000E+2
6.611860E+3	8.920000E+2	0.000000E+0	-7.572448E-4	-5.819174E-4	3.039070E-2	2.952189E+2	2.680664E+1	5.990000E+2
6.613191E+3	8.990000E+2	0.000000E+0	-6.299891E-4	-7.679270E-4	3.110540E-2	2.952254E+2	2.680664E+1	5.990000E+2
6.614521E+3	9.060000E+2	0.000000E+0	-5.806094E-4	-9.135924E-4	3.184959E-2	2.952203E+2	2.685547E+1	5.990000E+2
6.615852E+3	9.130000E+2	0.000000E+0	-7.750734E-4	-9.046050E-4	3.250757E-2	2.952225E+2	2.685547E+1	5.990000E+2
6.617071E+3	9.200000E+2	0.000000E+0	-6.078929E-4	-8.065203E-4	3.290236E-2	2.952249E+2	2.685547E+1	5.990000E+2
6.618399E+3	9.270000E+2	0.000000E+0	-5.751338E-4	-1.120723E-3	3.383034E-2	2.952168E+2	2.680664E+1	5.990000E+2
6.619729E+3	9.340000E+2	0.000000E+0	-3.769967E-4	-5.730683E-4	3.465394E-2	2.952212E+2	2.680664E+1	5.990000E+2
6.621056E+3	9.410000E+2	0.000000E+0	1.371435E-4	-3.618383E-4	3.514629E-2	2.952300E+2	2.680664E+1	5.990000E+2
6.622385E+3	9.480000E+2	0.000000E+0	-1.828479E-4	4.559328E-5	3.592679E-2	2.952102E+2	2.680664E+1	5.990000E+2
6.637682E+3	9.550000E+2	0.000000E+0	-1.920908E-4	6.115545E-4	3.650763E-2	2.952222E+2	2.680664E+1	6.000000E+2
6.639010E+3	9.620000E+2	0.000000E+0	2.465874E-4	6.532919E-4	3.708846E-2	2.952188E+2	2.680664E+1	6.000000E+2
6.640343E+3	9.690000E+2	0.000000E+0	3.971103E-4	7.538279E-4	3.763527E-2	2.952168E+2	2.680664E+1	6.000000E+2
6.641662E+3	9.760000E+2	0.000000E+0	2.688880E-4	9.444749E-4	3.820930E-2	2.952159E+2	2.685547E+1	6.000000E+2
6.642875E+3	9.830000E+2	0.000000E+0	4.029168E-4	6.537513E-4	3.906921E-2	2.952250E+2	2.680664E+1	6.000000E+2
6.644201E+3	9.900000E+2	0.000000E+0	-1.617636E-4	2.127101E-4	3.964324E-2	2.952235E+2	2.680664E+1	6.000000E+2
6.645533E+3	9.970000E+2	0.000000E+0	-2.443238E-4	-1.037471E-4	4.002668E-2	2.952178E+2	2.685547E+1	6.000000E+2
6.646751E+3	1.004000E+3	0.000000E+0	-7.502603E-4	-1.231240E-3	4.138574E-2	2.952113E+2	2.685547E+1	6.000000E+2
6.648189E+3	1.011000E+3	0.000000E+0	-9.583036E-4	-1.573156E-3	4.207549E-2	2.952075E+2	2.685547E+1	6.000000E+2
6.649518E+3	1.018000E+3	0.000000E+0	-1.602304E-3	-2.355606E-3	4.273120E-2	2.952103E+2	2.680664E+1	6.000000E+2
6.650847E+3	1.025000E+3	0.000000E+0	-1.448239E-3	-2.948830E-3	4.345270E-2	2.952054E+2	2.680664E+1	6.000000E+2
6.652064E+3	1.032000E+3	0.000000E+0	-1.807423E-3	-4.110263E-3	4.452816E-2	2.952087E+2	2.680664E+1	6.000000E+2
6.653391E+3	1.039000E+3	0.000000E+0	-2.613408E-3	-5.001901E-3	4.502505E-2	2.952029E+2	2.680664E+1	6.000000E+2
6.668923E+3	1.046000E+3	0.000000E+0	-4.363677E-3	-7.102567E-3	4.628428E-2	2.951942E+2	2.680664E+1	5.990000E+2
6.670250E+3	1.053000E+3	0.000000E+0	-6.803873E-3	-1.143955E-2	4.672218E-2	2.952043E+2	2.680664E+1	5.990000E+2
6.671469E+3	1.060000E+3	0.000000E+0	-8.322902E-3	-1.558727E-2	4.750268E-2	2.952074E+2	2.680664E+1	5.990000E+2
6.672791E+3	1.067000E+3	0.000000E+0	-1.169295E-2	-2.158171E-2	4.887535E-2	2.952116E+2	2.680664E+1	5.990000E+2
6.674119E+3	1.074000E+3	0.000000E+0	-1.647320E-2	-2.867481E-2	4.966493E-2	2.952109E+2	2.680664E+1	5.990000E+2
6.675338E+3	1.081000E+3	0.000000E+0	-2.108598E-2	-3.539605E-2	5.026618E-2	2.952102E+2	2.680664E+1	5.990000E+2
6.676663E+3	1.088000E+3	0.000000E+0	-2.772455E-2	-4.515280E-2	5.095139E-2	2.952014E+2	2.680664E+1	5.990000E+2
6.677988E+3	1.095000E+3	0.000000E+0	-3.139872E-2	-5.169760E-2	5.172735E-2	2.952028E+2	2.680664E+1	5.990000E+2
6.679317E+3	1.102000E+3	0.000000E+0	-3.433739E-2	-5.814665E-2	5.280281E-2	2.952034E+2	2.680664E+1	5.990000E+2
6.680534E+3	1.109000E+3	0.000000E+0	-3.388601E-2	-5.818726E-2	5.356742E-2	2.952019E+2	2.680664E+1	5.990000E+2
6.681863E+3	1.116000E+3	0.000000E+0	-2.943146E-2	-5.211609E-2	5.373532E-2	2.952104E+2	2.680664E+1	5.990000E+2
6.683192E+3	1.123000E+3	0.000000E+0	-2.196349E-2	-4.086629E-2	5.534850E-2	2.952085E+2	2.678223E+1	5.990000E+2
6.684409E+3	1.130000E+3	0.000000E+0	-1.119568E-2	-2.374918E-2	5.575917E-2	2.951959E+2	2.678223E+1	5.990000E+2
6.698944E+3	1.137000E+3	0.000000E+0	5.578382E-3	4.743238E-3	5.670076E-2	2.951952E+2	2.680664E+1	5.960000E+2
6.700276E+3	1.144000E+3	0.000000E+0	1.995494E-2	3.453619E-2	5.780571E-2	2.951952E+2	2.680664E+1	5.960000E+2
6.701607E+3	1.151000E+3	0.000000E+0	3.517414E-2	5.866904E-2	5.841604E-2	2.951842E+2	2.678223E+1	5.960000E+2
6.702941E+3	1.158000E+3	0.000000E+0	5.581949E-2	8.892925E-2	5.924192E-2	2.951814E+2	2.678223E+1	5.960000E+2
6.704271E+3	1.165000E+3	0.000000E+0	6.714532E-2	1.070409E-1	6.067813E-2	2.951916E+2	2.678223E+1	5.960000E+2
6.705602E+3	1.172000E+3	0.000000E+0	7.701290E-2	1.200238E-1	6.182845E-2	2.951903E+2	2.678223E+1	5.960000E+2
6.706933E+3	1.179000E+3	0.000000E+0	7.989072E-2	1.232309E-1	6.261576E-2	2.952043E+2	2.678223E+1	5.960000E+2
6.708257E+3	1.186000E+3	0.000000E+0	7.554717E-2	1.176009E-1	6.379331E-2	2.952039E+2	2.678223E+1	5.960000E+2
6.709574E+3	1.193000E+3	0.000000E+0	6.310261E-2	1.016444E-1	6.489600E-2	2.952017E+2	2.678223E+1	5.960000E+2
6.710903E+3	1.200000E+3	0.000000E+0	5.185573E-2	8.458830E-2	6.555624E-2	2.952014E+2	2.678223E+1	5.960000E+2
6.712235E+3	1.207000E+3	0.000000E+0	3.044292E-2	5.204569E-2	6.729875E-2	2.951944E+2	2.678223E+1	5.960000E+2
6.713564E+3	1.214000E+3	0.000000E+0	1.512323E-2	2.756982E-2	6.863286E-2	2.952036E+2	2.678223E+1	5.960000E+2
6.714894E+3	1.221000E+3	0.000000E+0	-4.744181E-3	-4.430614E-3	6.978319E-2	2.952067E+2	2.678223E+1	5.960000E+2
6.729989E+3	1.228000E+3	0.000000E+0	-1.702253E-2	-2.518789E-2	7.119444E-2	2.952088E+2	2.678223E+1	5.960000E+2
6.731320E+3	1.235000E+3	0.000000E+0	-2.243634E-2	-3.858393E-2	7.155292E-2	2.952108E+2	2.678223E+1	5.960000E+2
6.732649E+3	1.242000E+3	0.000000E+0	-3.019608E-2	-4.965199E-2	7.372198E-2	2.952031E+2	2.678223E+1	5.960000E+2
6.733979E+3	1.249000E+3	0.000000E+0	-3.310065E-2	-5.446282E-2	7.505155E-2	2.952035E+2	2.675781E+1	5.960000E+2
6.735201E+3	1.256000E+3	0.000000E+0	-3.310654E-2	-5.486368E-2	7.600222E-2	2.951959E+2	2.678223E+1	5.960000E+2
6.736534E+3	1.263000E+3	0.000000E+0	-3.079391E-2	-5.154392E-2	7.744296E-2	2.952083E+2	2.678223E+1	5.960000E+2
6.737973E+3	1.270000E+3	0.000000E+0	-2.849244E-2	-4.719740E-2	7.854338E-2	2.952091E+2	2.675781E+1	5.960000E+2
6.739295E+3	1.277000E+3	0.000000E+0	-2.409479E-2	-3.963973E-2	7.932161E-2	2.952039E+2	2.675781E+1	5.960000E+2
6.740515E+3	1.284000E+3	0.000000E+0	-2.075198E-2	-3.352111E-2	8.063302E-2	2.952032E+2	2.675781E+1	5.960000E+2
6.741843E+3	1.291000E+3	0.000000E+0	-1.533877E-2	-2.435730E-2	8.208285E-2	2.952173E+2	2.678223E+1	5.960000E+2
6.743172E+3	1.298000E+3	0.000000E+0	-1.121394E-2	-1.731163E-2	8.267276E-2	2.952096E+2	2.675781E+1	5.960000E+2
6.744500E+3	1.305000E+3	0.000000E+0	-6.214454E-3	-9.756891E-3	8.296091E-2	2.952013E+2	2.675781E+1	5.960000E+2
6.745722E+3	1.312000E+3	0.000000E+0	-2.357408E-3	-3.539180E-3	8.434947E-2	2.952039E+2	2.678223E+1	5.960000E+2
6.761102E+3	1.319000E+3	0.000000E+0	7.338850E-4	1.094034E-3	8.500745E-2	2.951919E+2	2.675781E+1	5.970000E+2
6.762205E+3	1.326000E+3	0.000000E+0	2.025690E-3	4.862349E-3	8.548845E-2	2.952066E+2	2.675781E+1	5.970000E+2
6.763310E+3	1.333000E+3	0.000000E+0	3.361523E-3	6.077060E-3	8.629618E-2	2.952060E+2	2.675781E+1	5.970000E+2
6.764415E+3	1.340000E+3	0.000000E+0	4.103513E-3	5.961842E-3	8.670685E-2	2.951919E+2	2.675781E+1	5.970000E+2
6.765515E+3	1.347000E+3	0.000000E+0	3.297016E-3	5.364500E-3	8.671592E-2	2.951989E+2	2.675781E+1	5.970000E+2
6.766620E+3	1.354000E+3	0.000000E+0	1.962936E-3	3.069284E-3	8.758491E-2	2.952003E+2	2.675781E+1	5.970000E+2
6.767724E+3	1.361000E+3	0.000000E+0	-2.600256E-4	4.472879E-4	8.830641E-2	2.952135E+2	2.675781E+1	5.970000E+2
6.768728E+3	1.368000E+3	0.000000E+0	-2.866869E-3	-3.910829E-3	8.873750E-2	2.952163E+2	2.675781E+1	5.970000E+2
6.769832E+3	1.375000E+3	0.000000E+0	-4.747447E-3	-7.209683E-3	8.889860E-2	2.952374E+2	2.675781E+1	5.970000E+2
6.770935E+3	1.382000E+3	0.000000E+0	-7.822704E-3	-1.247333E-2	8.912775E-2	2.952360E+2	2.675781E+1	5.970000E+2
6.772037E+3	1.389000E+3	0.000000E+0	-1.076262E-2	-1.771858E-2	8.993548E-2	2.952249E+2	2.675781E+1	5.970000E+2
6.773143E+3	1.396000E+3	0.000000E+0	-1.272382E-2	-2.271519E-2	9.012153E-2	2.952156E+2	2.675781E+1	5.970000E+2
6.774246E+3	1.403000E+3	0.000000E+0	-1.661942E-2	-2.955776E-2	9.061615E-2	2.952044E+2	2.675781E+1	5.970000E+2
6.775352E+3	1.410000E+3	0.000000E+0	-2.022241E-2	-3.478885E-2	9.083850E-2	2.952118E+2	2.675781E+1	5.970000E+2
6.776453E+3	1.417000E+3	0.000000E+0	-2.194122E-2	-3.681220E-2	9.064110E-2	2.952186E+2	2.675781E+1	5.970000E+2
6.777557E+3	1.424000E+3	0.000000E+0	-2.231580E-2	-3.509735E-2	9.085665E-2	2.952150E+2	2.675781E+1	5.970000E+2
6.793117E+3	1.431000E+3	0.000000E+0	-1.831324E-2	-2.893710E-2	9.162581E-2	2.952163E+2	2.675781E+1	6.020000E+2
6.794119E+3	1.438000E+3	0.000000E+0	-1.291050E-2	-2.538604E-2	9.194118E-2	2.952186E+2	2.675781E+1	6.020000E+2
6.795221E+3	1.445000E+3	0.000000E+0	1.231262E-4	-4.715777E-3	9.251070E-2	2.952084E+2	2.675781E+1	6.020000E+2
6.796325E+3	1.452000E+3	0.000000E+0	1.233242E-2	1.547135E-2	9.325494E-2	2.952287E+2	2.675781E+1	6.020000E+2
6.797427E+3	1.459000E+3	0.000000E+0	2.262190E-2	3.633822E-2	9.327992E-2	2.952205E+2	2.675781E+1	6.020000E+2
6.798530E+3	1.466000E+3	0.000000E+0	3.285862E-2	5.779592E-2	9.394939E-2	2.952303E+2	2.675781E+1	6.020000E+2
6.799635E+3	1.473000E+3	0.000000E+0	3.763859E-2	6.808929E-2	9.456445E-2	2.952104E+2	2.675781E+1	6.020000E+2
6.800739E+3	1.480000E+3	0.000000E+0	4.039788E-2	7.065669E-2	9.593543E-2	2.952224E+2	2.675781E+1	6.020000E+2
6.801842E+3	1.487000E+3	0.000000E+0	3.825502E-2	6.503753E-2	9.698204E-2	2.952153E+2	2.670898E+1	6.020000E+2
6.802947E+3	1.494000E+3	0.000000E+0	3.400726E-2	5.578227E-2	9.744052E-2	2.952156E+2	2.670898E+1	6.020000E+2
6.804049E+3	1.501000E+3	0.000000E+0	2.287930E-2	3.789896E-2	9.853961E-2	2.952104E+2	2.675781E+1	6.020000E+2
6.805154E+3	1.508000E+3	0.000000E+0	1.003095E-2	2.055136E-2	9.982964E-2	2.952268E+2	2.675781E+1	6.020000E+2
6.806257E+3	1.515000E+3	0.000000E+0	-1.361592E-3	3.797338E-3	1.008808E-1	2.952149E+2	2.675781E+1	6.020000E+2
6.807360E+3	1.522000E+3	0.000000E+0	-1.366468E-2	-1.560961E-2	1.021209E-1	2.952270E+2	2.675781E+1	6.020000E+2
6.808461E+3	1.529000E+3	0.000000E+0	-1.951652E-2	-2.637905E-2	1.032087E-1	2.952163E+2	2.675781E+1	6.020000E+2
6.809564E+3	1.536000E+3	0.000000E+0	-2.025681E-2	-3.163157E-2	1.039038E-1	2.952133E+2	2.670898E+1	6.020000E+2
6.825624E+3	1.543000E+3	0.000000E+0	-1.821911E-2	-2.889325E-2	1.067996E-1	2.952115E+2	2.670898E+1	5.990000E+2
6.826626E+3	1.550000E+3	0.000000E+0	-1.437817E-2	-2.437277E-2	1.070788E-1	2.952272E+2	2.675781E+1	5.990000E+2
6.827731E+3	1.557000E+3	0.000000E+0	-8.537251E-3	-1.625880E-2	1.097932E-1	2.952261E+2	2.675781E+1	5.990000E+2
6.828834E+3	1.564000E+3	0.000000E+0	-4.159281E-3	-8.812474E-3	1.114873E-1	2.952171E+2	2.675781E+1	5.990000E+2
6.829937E+3	1.571000E+3	0.000000E+0	-1.765357E-3	-3.875456E-3	1.132272E-1	2.952178E+2	2.675781E+1	5.990000E+2
6.831040E+3	1.578000E+3	0.000000E+0	-1.037522E-3	-1.404633E-3	1.151575E-1	2.952320E+2	2.675781E+1	5.990000E+2
6.832144E+3	1.585000E+3	0.000000E+0	-1.271683E-3	-1.628011E-3	1.165202E-1	2.952291E+2	2.675781E+1	5.990000E+2
6.833247E+3	1.592000E+3	0.000000E+0	-1.332722E-3	-3.181429E-3	1.177100E-1	2.952207E+2	2.670898E+1	5.990000E+2
6.834349E+3	1.599000E+3	0.000000E+0	-2.276477E-3	-4.720456E-3	1.196384E-1	2.952307E+2	2.670898E+1	5.990000E+2
6.835688E+3	1.606000E+3	0.000000E+0	-2.572056E-3	-5.383414E-3	1.207580E-1	2.952240E+2	2.675781E+1	5.990000E+2
6.837012E+3	1.613000E+3	0.000000E+0	-3.315982E-3	-6.087878E-3	1.230173E-1	2.952182E+2	2.670898E+1	5.990000E+2
6.838339E+3	1.620000E+3	0.000000E+0	-3.136747E-3	-5.929221E-3	1.241665E-1	2.952233E+2	2.670898E+1	5.990000E+2
6.839659E+3	1.627000E+3	0.000000E+0	-2.488605E-3	-5.453214E-3	1.244184E-1	2.952185E+2	2.675781E+1	5.990000E+2
6.840988E+3	1.634000E+3	0.000000E+0	-2.005776E-3	-4.220882E-3	1.267589E-1	2.952045E+2	2.670898E+1	5.990000E+2
6.842313E+3	1.641000E+3	0.000000E+0	-1.555696E-3	-3.018823E-3	1.272744E-1	2.952060E+2	2.670898E+1	5.990000E+2
6.856722E+3	1.648000E+3	0.000000E+0	-9.625911E-4	-2.339835E-3	1.285522E-1	2.952147E+2	2.675781E+1	5.990000E+2
6.858056E+3	1.655000E+3	0.000000E+0	-1.600700E-3	-1.841242E-3	1.295964E-1	2.952340E+2	2.675781E+1	5.990000E+2
6.859382E+3	1.662000E+3	0.000000E+0	-1.163295E-3	-1.393205E-3	1.300820E-1	2.952226E+2	2.675781E+1	5.990000E+2
6.860714E+3	1.669000E+3	0.000000E+0	-1.572446E-3	-1.503692E-3	1.309397E-1	2.952070E+2	2.675781E+1	5.990000E+2
6.861931E+3	1.676000E+3	0.000000E+0	-1.070485E-3	-1.432604E-3	1.310646E-1	2.952113E+2	2.675781E+1	5.990000E+2
6.863370E+3	1.683000E+3	0.000000E+0	-1.081054E-3	-1.153074E-3	1.320698E-1	2.951934E+2	2.675781E+1	5.990000E+2
6.864698E+3	1.690000E+3	0.000000E+0	-7.564127E-4	-8.684741E-4	1.324283E-1	2.952188E+2	2.675781E+1	5.990000E+2
6.866031E+3	1.697000E+3	0.000000E+0	-8.434037E-4	-7.965515E-4	1.325100E-1	2.952212E+2	2.675781E+1	5.990000E+2
6.867247E+3	1.704000E+3	0.000000E+0	-7.180543E-4	-9.483490E-4	1.331929E-1	2.952118E+2	2.670898E+1	5.990000E+2
6.868575E+3	1.711000E+3	0.000000E+0	-8.305217E-4	-8.068625E-5	1.333200E-1	2.952132E+2	2.670898E+1	5.990000E+2
6.869904E+3	1.718000E+3	0.000000E+0	-7.156004E-4	-1.164497E-3	1.330545E-1	2.952141E+2	2.670898E+1	5.990000E+2
6.871229E+3	1.725000E+3	0.000000E+0	-3.694417E-4	-9.199567E-4	1.332701E-1	2.952053E+2	2.675781E+1	5.990000E+2
6.872446E+3	1.732000E+3	0.000000E+0	-9.218793E-4	-1.378147E-3	1.333290E-1	2.952107E+2	2.675781E+1	5.990000E+2
6.887856E+3	1.739000E+3	0.000000E+0	-1.363326E-3	-1.437873E-3	1.332269E-1	2.952022E+2	2.675781E+1	5.990000E+2
6.889184E+3	1.746000E+3	0.000000E+0	-1.381994E-3	-1.527449E-3	1.332905E-1	2.951951E+2	2.675781E+1	5.990000E+2
6.890512E+3	1.753000E+3	0.000000E+0	-1.485304E-3	-1.903693E-3	1.333880E-1	2.952029E+2	2.670898E+1	5.990000E+2
6.891731E+3	1.760000E+3	0.000000E+0	-1.393738E-3	-2.493938E-3	1.333222E-1	2.952055E+2	2.670898E+1	5.990000E+2
6.893060E+3	1.767000E+3	0.000000E+0	-1.215335E-3	-3.122641E-3	1.333540E-1	2.952036E+2	2.670898E+1	5.990000E+2
6.894386E+3	1.774000E+3	0.000000E+0	-1.781495E-3	-3.947216E-3	1.335718E-1	2.952057E+2	2.670898E+1	5.990000E+2
6.895598E+3	1.781000E+3	0.000000E+0	-2.561033E-3	-5.751108E-3	1.337329E-1	2.952022E+2	2.670898E+1	5.990000E+2
6.896927E+3	1.788000E+3	0.000000E+0	-4.388694E-3	-1.030323E-2	1.336149E-1	2.951895E+2	2.670898E+1	5.990000E+2
6.898257E+3	1.795000E+3	0.000000E+0	-7.367305E-3	-1.578735E-2	1.339893E-1	2.951912E+2	2.670898E+1	5.990000E+2
6.899692E+3	1.802000E+3	0.000000E+0	-1.453431E-2	-2.898437E-2	1.345134E-1	2.951908E+2	2.670898E+1	5.990000E+2
6.901021E+3	1.809000E+3	0.000000E+0	-2.306548E-2	-4.239405E-2	1.349241E-1	2.951941E+2	2.670898E+1	5.990000E+2
6.902240E+3	1.816000E+3	0.000000E+0	-3.376554E-2	-5.892999E-2	1.352258E-1	2.952001E+2	2.670898E+1	5.990000E+2
6.903571E+3	1.823000E+3	0.000000E+0	-4.282634E-2	-7.112613E-2	1.354709E-1	2.951895E+2	2.670898E+1	5.990000E+2
6.918871E+3	1.830000E+3	0.000000E+0	-4.660329E-2	-7.773840E-2	1.363716E-1	2.952108E+2	2.670898E+1	6.000000E+2
6.920202E+3	1.837000E+3	0.000000E+0	-4.900644E-2	-8.089723E-2	1.363149E-1	2.952073E+2	2.670898E+1	6.000000E+2
6.921420E+3	1.844000E+3	0.000000E+0	-4.335971E-2	-6.657470E-2	1.385770E-1	2.952005E+2	2.670898E+1	6.000000E+2
6.922745E+3	1.851000E+3	0.000000E+0	-3.157306E-2	-4.323047E-2	1.391306E-1	2.952052E+2	2.670898E+1	6.000000E+2
6.924082E+3	1.858000E+3	0.000000E+0	-8.968634E-3	-8.501572E-3	1.396479E-1	2.952164E+2	2.670898E+1	6.000000E+2
6.925302E+3	1.865000E+3	0.000000E+0	7.400291E-3	8.136319E-3	1.402719E-1	2.952109E+2	2.670898E+1	6.000000E+2
6.926624E+3	1.872000E+3	0.000000E+0	1.906524E-2	1.117653E-2	1.419327E-1	2.952170E+2	2.670898E+1	6.000000E+2
6.927950E+3	1.879000E+3	0.000000E+0	1.417254E-2	-2.461482E-3	1.432373E-1	2.952293E+2	2.670898E+1	6.000000E+2
6.929282E+3	1.886000E+3	0.000000E+0	-8.076668E-3	-3.174763E-2	1.447983E-1	2.952211E+2	2.670898E+1	6.000000E+2
6.930500E+3	1.893000E+3	0.000000E+0	-3.199462E-2	-5.418262E-2	1.456990E-1	2.952334E+2	2.673340E+1	6.000000E+2
6.931828E+3	1.900000E+3	0.000000E+0	-4.796540E-2	-8.144902E-2	1.470740E-1	2.952324E+2	2.673340E+1	6.000000E+2
6.933157E+3	1.907000E+3	0.000000E+0	-4.571954E-2	-9.568980E-2	1.480020E-1	2.952391E+2	2.673340E+1	6.000000E+2
6.934489E+3	1.914000E+3	0.000000E+0	-3.677931E-2	-9.425425E-2	1.489027E-1	2.952342E+2	2.670898E+1	6.000000E+2
6.935711E+3	1.921000E+3	0.000000E+0	-9.720271E-3	-5.461236E-2	1.491387E-1	2.952344E+2	2.670898E+1	6.000000E+2
6.951072E+3	1.928000E+3	0.000000E+0	3.210555E-2	4.515735E-2	1.519271E-1	2.952058E+2	2.670898E+1	5.950000E+2
6.952291E+3	1.935000E+3	0.000000E+0	7.088198E-2	1.064457E-1	1.527462E-1	2.952036E+2	2.670898E+1	5.950000E+2
6.953615E+3	1.942000E+3	0.000000E+0	1.191686E-1	2.069474E-1	1.542074E-1	2.952147E+2	2.670898E+1	5.950000E+2
6.954936E+3	1.949000E+3	0.000000E+0	1.464416E-1	2.707960E-1	1.549902E-1	2.952135E+2	2.670898E+1	5.950000E+2
6.956264E+3	1.956000E+3	0.000000E+0	1.711145E-1	3.250298E-1	1.573044E-1	2.952162E+2	2.670898E+1	5.950000E+2
6.957473E+3	1.963000E+3	0.000000E+0	1.751922E-1	3.246897E-1	1.581575E-1	2.952288E+2	2.670898E+1	5.950000E+2
6.958805E+3	1.970000E+3	0.000000E+0	1.511997E-1	2.698329E-1	1.583163E-1	2.952178E+2	2.670898E+1	5.950000E+2
6.960130E+3	1.977000E+3	0.000000E+0	1.035054E-1	1.714654E-1	1.593759E-1	2.952205E+2	2.675781E+1	5.950000E+2
6.961462E+3	1.984000E+3	0.000000E+0	3.976979E-2	6.312603E-2	1.596981E-1	2.952279E+2	2.675781E+1	5.950000E+2
6.962680E+3	1.991000E+3	0.000000E+0	-4.198755E-2	-7.016842E-2	1.603583E-1	2.952322E+2	2.670898E+1	5.950000E+2
6.964009E+3	1.998000E+3	0.000000E+0	-9.071380E-2	-1.461944E-1	1.601178E-1	2.952239E+2	2.670898E+1	5.950000E+2
6.965329E+3	2.005000E+3	0.000000E+0	-1.292712E-1	-2.044248E-1	1.607441E-1	2.952179E+2	2.670898E+1	5.950000E+2
6.966762E+3	2.012000E+3	0.000000E+0	-1.289815E-1	-2.032734E-1	1.608847E-1	2.952300E+2	2.670898E+1	5.950000E+2
6.982280E+3	2.019000E+3	0.000000E+0	-1.028456E-1	-1.601009E-1	1.608961E-1	2.951989E+2	2.675781E+1	5.990000E+2
6.983606E+3	2.026000E+3	0.000000E+0	-5.170096E-2	-8.120372E-2	1.617537E-1	2.951987E+2	2.675781E+1	5.990000E+2
6.985043E+3	2.033000E+3	0.000000E+0	-1.037266E-2	-2.209520E-2	1.620555E-1	2.952087E+2	2.675781E+1	5.990000E+2
6.986370E+3	2.040000E+3	0.000000E+0	4.807802E-2	6.298321E-2	1.624321E-1	2.952257E+2	2.675781E+1	5.990000E+2
6.987589E+3	2.047000E+3	0.000000E+0	7.499347E-2	1.012855E-1	1.624162E-1	2.952120E+2	2.675781E+1	5.990000E+2
6.988922E+3	2.054000E+3	0.000000E+0	8.596835E-2	1.177570E-1	1.624956E-1	2.952040E+2	2.675781E+1	5.990000E+2
6.990359E+3	2.061000E+3	0.000000E+0	7.751935E-2	1.072387E-1	1.627339E-1	2.952032E+2	2.670898E+1	5.990000E+2
6.991574E+3	2.068000E+3	0.000000E+0	5.015424E-2	7.562165E-2	1.629472E-1	2.951924E+2	2.670898E+1	5.990000E+2
6.992899E+3	2.075000E+3	0.000000E+0	2.160469E-2	3.580131E-2	1.627453E-1	2.951986E+2	2.670898E+1	5.990000E+2
6.994229E+3	2.082000E+3	0.000000E+0	-3.766824E-3	-1.222529E-3	1.628156E-1	2.952049E+2	2.675781E+1	5.990000E+2
6.995444E+3	2.089000E+3	0.000000E+0	-2.999130E-2	-4.466494E-2	1.633875E-1	2.951916E+2	2.675781E+1	5.990000E+2
6.996772E+3	2.096000E+3	0.000000E+0	-4.130576E-2	-6.922190E-2	1.643225E-1	2.951929E+2	2.675781E+1	5.990000E+2
6.998101E+3	2.103000E+3	0.000000E+0	-5.361079E-2	-9.619361E-2	1.651669E-1	2.951901E+2	2.675781E+1	5.990000E+2
7.013579E+3	2.110000E+3	0.000000E+0	-5.914003E-2	-9.401538E-2	1.661182E-1	2.952088E+2	2.675781E+1	5.970000E+2
7.014904E+3	2.117000E+3	0.000000E+0	-5.225766E-2	-8.638258E-2	1.665201E-1	2.952178E+2	2.670898E+1	5.970000E+2
7.016236E+3	2.124000E+3	0.000000E+0	-3.882224E-2	-6.468879E-2	1.684090E-1	2.952206E+2	2.670898E+1	5.970000E+2
