8.619385E+3	2.131000E+3	0.000000E+0	-3.427064E-2	-5.811471E-2	1.696357E-1	2.952117E+2	2.670898E+1	8.980000E+2
8.620708E+3	8.500000E+2	0.000000E+0	2.682017E-4	-7.398942E-5	2.585065E-2	2.951872E+2	2.670898E+1	8.980000E+2
8.622038E+3	8.570000E+2	0.000000E+0	9.854572E-5	7.108032E-5	2.626812E-2	2.951929E+2	2.670898E+1	8.980000E+2
8.638291E+3	8.640000E+2	0.000000E+0	-5.193652E-6	-1.691503E-4	2.724148E-2	2.952222E+2	2.670898E+1	8.980000E+2
8.639506E+3	8.710000E+2	0.000000E+0	-2.931433E-4	-3.298371E-4	2.778601E-2	2.952096E+2	2.670898E+1	8.980000E+2
8.640833E+3	8.780000E+2	0.000000E+0	-2.921468E-4	-4.029002E-4	2.840769E-2	2.952206E+2	2.668457E+1	8.980000E+2
8.642162E+3	8.850000E+2	0.000000E+0	-4.078217E-4	-5.275595E-4	2.933113E-2	2.952195E+2	2.668457E+1	8.980000E+2
8.643490E+3	8.920000E+2	0.000000E+0	-4.875863E-4	-7.717894E-4	2.971003E-2	2.952041E+2	2.668457E+1	8.980000E+2
8.644705E+3	8.990000E+2	0.000000E+0	-5.854511E-4	-9.445337E-4	3.076506E-2	2.952228E+2	2.670898E+1	8.980000E+2
8.646030E+3	9.060000E+2	0.000000E+0	-7.813516E-4	-1.118036E-3	3.111674E-2	2.952328E+2	2.670898E+1	8.980000E+2
8.647356E+3	9.130000E+2	0.000000E+0	-6.363558E-4	-1.240062E-3	3.172254E-2	2.952114E+2	2.670898E+1	8.980000E+2
8.648684E+3	9.200000E+2	0.000000E+0	-7.453772E-4	-1.136147E-3	3.241001E-2	2.952114E+2	2.670898E+1	8.980000E+2
8.649906E+3	9.270000E+2	0.000000E+0	-7.191263E-4	-1.019202E-3	3.352177E-2	2.952149E+2	2.670898E+1	8.980000E+2
8.651236E+3	9.340000E+2	0.000000E+0	-6.272494E-4	-9.485104E-4	3.412529E-2	2.952121E+2	2.668457E+1	8.980000E+2
8.652566E+3	9.410000E+2	0.000000E+0	-4.149069E-4	-6.761907E-4	3.437033E-2	2.952022E+2	2.668457E+1	8.980000E+2
8.653891E+3	9.480000E+2	0.000000E+0	-3.188841E-4	-3.033277E-4	3.551385E-2	2.951968E+2	2.668457E+1	8.980000E+2
8.670292E+3	9.550000E+2	0.000000E+0	3.914939E-5	-1.372315E-4	3.624444E-2	2.952072E+2	2.668457E+1	8.990000E+2
8.671617E+3	9.620000E+2	0.000000E+0	1.082625E-6	-1.732861E-4	3.643956E-2	2.952039E+2	2.668457E+1	8.990000E+2
8.672948E+3	9.690000E+2	0.000000E+0	4.653004E-6	8.688756E-5	3.747871E-2	2.952228E+2	2.668457E+1	8.990000E+2
8.674269E+3	9.760000E+2	0.000000E+0	-1.883518E-4	-2.783845E-4	3.830913E-2	2.952102E+2	2.668457E+1	8.990000E+2
8.675591E+3	9.830000E+2	0.000000E+0	-2.182809E-4	-2.757558E-4	3.849064E-2	2.952171E+2	2.668457E+1	8.990000E+2
8.676809E+3	9.900000E+2	0.000000E+0	-7.090985E-4	-9.381598E-4	3.951618E-2	2.952183E+2	2.668457E+1	8.990000E+2
8.678132E+3	9.970000E+2	0.000000E+0	-8.513277E-4	-1.391694E-3	4.000626E-2	2.952104E+2	2.668457E+1	8.990000E+2
8.679463E+3	1.004000E+3	0.000000E+0	-1.403199E-3	-2.333924E-3	4.096373E-2	2.952067E+2	2.668457E+1	8.990000E+2
8.680792E+3	1.011000E+3	0.000000E+0	-1.780882E-3	-3.174723E-3	4.114297E-2	2.951990E+2	2.668457E+1	8.990000E+2
8.682011E+3	1.018000E+3	0.000000E+0	-2.594761E-3	-4.846719E-3	4.262683E-2	2.951946E+2	2.668457E+1	8.990000E+2
8.683340E+3	1.025000E+3	0.000000E+0	-3.315985E-3	-5.962549E-3	4.366825E-2	2.952053E+2	2.668457E+1	8.990000E+2
8.684672E+3	1.032000E+3	0.000000E+0	-4.011491E-3	-8.045821E-3	4.405169E-2	2.951823E+2	2.668457E+1	8.990000E+2
8.685891E+3	1.039000E+3	0.000000E+0	-6.329022E-3	-1.112875E-2	4.515210E-2	2.951854E+2	2.668457E+1	8.990000E+2
8.687219E+3	1.046000E+3	0.000000E+0	-7.094531E-3	-1.328019E-2	4.566714E-2	2.951857E+2	2.668457E+1	8.990000E+2
8.703380E+3	1.053000E+3	0.000000E+0	-1.070259E-2	-1.826792E-2	4.678117E-2	2.952113E+2	2.670898E+1	8.980000E+2
8.704596E+3	1.060000E+3	0.000000E+0	-1.292753E-2	-2.438076E-2	4.748906E-2	2.952145E+2	2.668457E+1	8.980000E+2
8.705931E+3	1.067000E+3	0.000000E+0	-1.783344E-2	-3.069059E-2	4.794965E-2	2.952149E+2	2.668457E+1	8.980000E+2
8.707263E+3	1.074000E+3	0.000000E+0	-2.108429E-2	-3.888901E-2	4.912266E-2	2.952133E+2	2.668457E+1	8.980000E+2
8.708481E+3	1.081000E+3	0.000000E+0	-2.569439E-2	-4.548989E-2	4.988047E-2	2.952103E+2	2.668457E+1	8.980000E+2
8.709810E+3	1.088000E+3	0.000000E+0	-3.018390E-2	-5.300863E-2	5.032291E-2	2.952054E+2	2.668457E+1	8.980000E+2
8.711139E+3	1.095000E+3	0.000000E+0	-3.251741E-2	-5.698095E-2	5.078803E-2	2.952006E+2	2.668457E+1	8.980000E+2
8.712468E+3	1.102000E+3	0.000000E+0	-3.441580E-2	-5.819328E-2	5.242163E-2	2.951894E+2	2.668457E+1	8.980000E+2
8.713685E+3	1.109000E+3	0.000000E+0	-3.123684E-2	-5.747046E-2	5.303423E-2	2.951888E+2	2.668457E+1	8.980000E+2
8.715008E+3	1.116000E+3	0.000000E+0	-2.753270E-2	-4.631056E-2	5.330196E-2	2.951900E+2	2.668457E+1	8.980000E+2
8.716328E+3	1.123000E+3	0.000000E+0	-1.890822E-2	-3.540972E-2	5.456346E-2	2.951968E+2	2.668457E+1	8.980000E+2
8.717656E+3	1.130000E+3	0.000000E+0	-7.540434E-3	-1.151666E-2	5.550732E-2	2.952063E+2	2.668457E+1	8.980000E+2
8.718984E+3	1.137000E+3	0.000000E+0	6.679787E-3	1.243002E-2	5.640354E-2	2.951857E+2	2.668457E+1	8.980000E+2
8.734129E+3	1.144000E+3	0.000000E+0	2.247539E-2	3.601550E-2	5.746311E-2	2.951968E+2	2.668457E+1	8.980000E+2
8.735565E+3	1.151000E+3	0.000000E+0	3.872315E-2	6.692958E-2	5.847503E-2	2.952112E+2	2.668457E+1	8.980000E+2
8.736782E+3	1.158000E+3	0.000000E+0	5.433687E-2	9.473813E-2	5.945973E-2	2.952101E+2	2.668457E+1	8.980000E+2
8.738107E+3	1.165000E+3	0.000000E+0	6.524872E-2	1.144879E-1	6.028561E-2	2.952088E+2	2.668457E+1	8.980000E+2
8.739434E+3	1.172000E+3	0.000000E+0	7.695084E-2	1.264395E-1	6.182845E-2	2.952037E+2	2.668457E+1	8.980000E+2
8.740761E+3	1.179000E+3	0.000000E+0	7.444205E-2	1.282713E-1	6.262484E-2	2.951954E+2	2.668457E+1	8.980000E+2
8.741980E+3	1.186000E+3	0.000000E+0	7.107203E-2	1.294793E-1	6.357323E-2	2.951944E+2	2.668457E+1	8.980000E+2
8.743309E+3	1.193000E+3	0.000000E+0	6.916063E-2	1.173046E-1	6.452843E-2	2.951930E+2	2.668457E+1	8.980000E+2
8.744637E+3	1.200000E+3	0.000000E+0	5.561439E-2	9.499550E-2	6.601456E-2	2.951969E+2	2.668457E+1	8.980000E+2
8.745964E+3	1.207000E+3	0.000000E+0	4.023923E-2	6.964007E-2	6.769127E-2	2.952103E+2	2.668457E+1	8.980000E+2
8.747182E+3	1.214000E+3	0.000000E+0	2.622464E-2	4.701875E-2	6.796581E-2	2.952058E+2	2.668457E+1	8.980000E+2
8.748503E+3	1.221000E+3	0.000000E+0	7.980190E-3	1.672441E-2	7.019839E-2	2.952004E+2	2.670898E+1	8.980000E+2
8.749826E+3	1.228000E+3	0.000000E+0	-3.080734E-3	-7.327118E-3	7.085410E-2	2.952068E+2	2.670898E+1	8.980000E+2
8.751148E+3	1.235000E+3	0.000000E+0	-2.018767E-2	-2.926164E-2	7.190914E-2	2.952204E+2	2.668457E+1	8.980000E+2
8.767143E+3	1.242000E+3	0.000000E+0	-2.840475E-2	-4.420203E-2	7.312526E-2	2.952061E+2	2.670898E+1	8.970000E+2
8.768475E+3	1.249000E+3	0.000000E+0	-3.118580E-2	-5.486262E-2	7.387173E-2	2.952051E+2	2.670898E+1	8.970000E+2
8.769807E+3	1.256000E+3	0.000000E+0	-3.561442E-2	-5.962742E-2	7.559609E-2	2.952006E+2	2.670898E+1	8.970000E+2
8.771136E+3	1.263000E+3	0.000000E+0	-3.372235E-2	-5.985220E-2	7.653994E-2	2.952199E+2	2.670898E+1	8.970000E+2
8.772461E+3	1.270000E+3	0.000000E+0	-3.256693E-2	-5.685554E-2	7.767212E-2	2.952143E+2	2.670898E+1	8.970000E+2
8.773779E+3	1.277000E+3	0.000000E+0	-2.991568E-2	-5.208126E-2	7.898354E-2	2.952222E+2	2.670898E+1	8.970000E+2
8.775101E+3	1.284000E+3	0.000000E+0	-2.504588E-2	-4.284272E-2	7.991832E-2	2.952124E+2	2.670898E+1	8.970000E+2
8.776420E+3	1.291000E+3	0.000000E+0	-2.088386E-2	-3.589509E-2	8.087580E-2	2.952103E+2	2.670898E+1	8.970000E+2
8.777861E+3	1.298000E+3	0.000000E+0	-1.485160E-2	-2.574331E-2	8.156100E-2	2.952238E+2	2.670898E+1	8.970000E+2
8.779193E+3	1.305000E+3	0.000000E+0	-1.112670E-2	-1.849746E-2	8.220764E-2	2.952237E+2	2.670898E+1	8.970000E+2
8.780520E+3	1.312000E+3	0.000000E+0	-5.668825E-3	-1.029803E-2	8.316284E-2	2.952243E+2	2.670898E+1	8.970000E+2
8.781850E+3	1.319000E+3	0.000000E+0	-3.043425E-3	-4.909691E-3	8.395241E-2	2.952232E+2	2.668457E+1	8.970000E+2
8.798111E+3	1.326000E+3	0.000000E+0	1.738887E-5	-4.217752E-5	8.449922E-2	2.952125E+2	2.670898E+1	8.980000E+2
8.799441E+3	1.333000E+3	0.000000E+0	2.055446E-3	2.808909E-3	8.523434E-2	2.952145E+2	2.668457E+1	8.980000E+2
8.800766E+3	1.340000E+3	0.000000E+0	1.569296E-3	2.182680E-3	8.586963E-2	2.952171E+2	2.668457E+1	8.980000E+2
8.802097E+3	1.347000E+3	0.000000E+0	6.478728E-4	2.678883E-3	8.662970E-2	2.952155E+2	2.670898E+1	8.980000E+2
8.803430E+3	1.354000E+3	0.000000E+0	5.313942E-4	1.529066E-3	8.719920E-2	2.951993E+2	2.670898E+1	8.980000E+2
8.804644E+3	1.361000E+3	0.000000E+0	-1.718550E-3	-3.085061E-3	8.763482E-2	2.952178E+2	2.670898E+1	8.980000E+2
8.805973E+3	1.368000E+3	0.000000E+0	-4.440470E-3	-7.213819E-3	8.757810E-2	2.952307E+2	2.668457E+1	8.980000E+2
8.807303E+3	1.375000E+3	0.000000E+0	-7.470476E-3	-1.194808E-2	8.838583E-2	2.952260E+2	2.668457E+1	8.980000E+2
8.808633E+3	1.382000E+3	0.000000E+0	-1.047587E-2	-1.817876E-2	8.882372E-2	2.952182E+2	2.668457E+1	8.980000E+2
8.809961E+3	1.389000E+3	0.000000E+0	-1.331499E-2	-2.402248E-2	8.892355E-2	2.952253E+2	2.668457E+1	8.980000E+2
8.811288E+3	1.396000E+3	0.000000E+0	-1.752674E-2	-3.101287E-2	8.971087E-2	2.952322E+2	2.668457E+1	8.980000E+2
8.812503E+3	1.403000E+3	0.000000E+0	-2.042641E-2	-3.517604E-2	8.984927E-2	2.952291E+2	2.668457E+1	8.980000E+2
8.813828E+3	1.410000E+3	0.000000E+0	-2.207453E-2	-3.933485E-2	9.029850E-2	2.952227E+2	2.668457E+1	8.980000E+2
8.830000E+3	1.417000E+3	0.000000E+0	-2.244123E-2	-3.827066E-2	9.061615E-2	2.952129E+2	2.668457E+1	9.010000E+2
8.831326E+3	1.424000E+3	0.000000E+0	-1.764973E-2	-3.183543E-2	9.066607E-2	2.952077E+2	2.668457E+1	9.010000E+2
8.832656E+3	1.431000E+3	0.000000E+0	-1.093634E-2	-2.460201E-2	9.145111E-2	2.952316E+2	2.668457E+1	9.010000E+2
8.833983E+3	1.438000E+3	0.000000E+0	-7.008641E-3	-1.276694E-2	9.194345E-2	2.952444E+2	2.668457E+1	9.010000E+2
8.835313E+3	1.445000E+3	0.000000E+0	2.760240E-3	8.015758E-3	9.238370E-2	2.952322E+2	2.668457E+1	9.010000E+2
8.836544E+3	1.452000E+3	0.000000E+0	1.274157E-2	2.317282E-2	9.307126E-2	2.952352E+2	2.668457E+1	9.010000E+2
8.837871E+3	1.459000E+3	0.000000E+0	2.371895E-2	4.168194E-2	9.391994E-2	2.952416E+2	2.668457E+1	9.010000E+2
8.839197E+3	1.466000E+3	0.000000E+0	3.155835E-2	5.521837E-2	9.423767E-2	2.952371E+2	2.668457E+1	9.010000E+2
8.840525E+3	1.473000E+3	0.000000E+0	3.967155E-2	6.247223E-2	9.509578E-2	2.952289E+2	2.668457E+1	9.010000E+2
8.841741E+3	1.480000E+3	0.000000E+0	3.692840E-2	6.362052E-2	9.577218E-2	2.952266E+2	2.668457E+1	9.010000E+2
8.843069E+3	1.487000E+3	0.000000E+0	3.468008E-2	6.619358E-2	9.688912E-2	2.952244E+2	2.668457E+1	9.010000E+2
8.844285E+3	1.494000E+3	0.000000E+0	3.387574E-2	5.602973E-2	9.712996E-2	2.952284E+2	2.668457E+1	9.010000E+2
8.845724E+3	1.501000E+3	0.000000E+0	2.577003E-2	4.446529E-2	9.867391E-2	2.952261E+2	2.668457E+1	9.010000E+2
8.846943E+3	1.508000E+3	0.000000E+0	1.607283E-2	2.769695E-2	9.993893E-2	2.952353E+2	2.663574E+1	9.010000E+2
8.863081E+3	1.515000E+3	0.000000E+0	7.465558E-3	1.682072E-2	1.007223E-1	2.952138E+2	2.663574E+1	9.010000E+2
8.864407E+3	1.522000E+3	0.000000E+0	1.066475E-3	-1.449242E-3	1.019170E-1	2.952255E+2	2.661133E+1	9.010000E+2
8.865845E+3	1.529000E+3	0.000000E+0	-7.903884E-3	-1.459157E-2	1.035910E-1	2.952307E+2	2.661133E+1	9.010000E+2
8.867176E+3	1.536000E+3	0.000000E+0	-1.417085E-2	-1.936649E-2	1.054213E-1	2.952215E+2	2.661133E+1	9.010000E+2
8.868390E+3	1.543000E+3	0.000000E+0	-1.330898E-2	-2.320257E-2	1.061775E-1	2.952269E+2	2.661133E+1	9.010000E+2
8.869719E+3	1.550000E+3	0.000000E+0	-1.443135E-2	-2.456547E-2	1.082944E-1	2.952344E+2	2.661133E+1	9.010000E+2
8.871048E+3	1.557000E+3	0.000000E+0	-1.175340E-2	-2.079930E-2	1.089665E-1	2.952103E+2	2.663574E+1	9.010000E+2
8.872374E+3	1.564000E+3	0.000000E+0	-9.893955E-3	-1.749770E-2	1.107016E-1	2.952075E+2	2.663574E+1	9.010000E+2
8.873594E+3	1.571000E+3	0.000000E+0	-7.125699E-3	-1.083516E-2	1.116304E-1	2.952169E+2	2.663574E+1	9.010000E+2
8.874923E+3	1.578000E+3	0.000000E+0	-3.948799E-3	-9.437253E-3	1.141854E-1	2.951857E+2	2.663574E+1	9.010000E+2
8.876254E+3	1.585000E+3	0.000000E+0	-3.910474E-3	-6.839387E-3	1.158226E-1	2.951932E+2	2.661133E+1	9.010000E+2
8.877580E+3	1.592000E+3	0.000000E+0	-3.142808E-3	-5.352687E-3	1.172854E-1	2.951882E+2	2.661133E+1	9.010000E+2
8.878799E+3	1.599000E+3	0.000000E+0	-3.235429E-3	-6.092017E-3	1.189838E-1	2.952072E+2	2.663574E+1	9.010000E+2
8.895063E+3	1.606000E+3	0.000000E+0	-3.163981E-3	-6.644865E-3	1.209688E-1	2.952213E+2	2.663574E+1	8.970000E+2
8.896280E+3	1.613000E+3	0.000000E+0	-3.699585E-3	-7.239528E-3	1.215343E-1	2.952021E+2	2.663574E+1	8.970000E+2
8.897601E+3	1.620000E+3	0.000000E+0	-3.729322E-3	-7.156695E-3	1.235573E-1	2.952157E+2	2.663574E+1	8.970000E+2
8.898925E+3	1.627000E+3	0.000000E+0	-3.621485E-3	-6.915790E-3	1.241794E-1	2.952193E+2	2.663574E+1	8.970000E+2
8.900246E+3	1.634000E+3	0.000000E+0	-3.074290E-3	-6.162360E-3	1.254671E-1	2.952136E+2	2.663574E+1	8.970000E+2
8.901456E+3	1.641000E+3	0.000000E+0	-2.727717E-3	-5.297335E-3	1.270153E-1	2.952125E+2	2.663574E+1	8.970000E+2
8.902784E+3	1.648000E+3	0.000000E+0	-2.506450E-3	-4.197944E-3	1.277827E-1	2.952299E+2	2.663574E+1	8.970000E+2
8.904117E+3	1.655000E+3	0.000000E+0	-1.949449E-3	-3.657930E-3	1.285363E-1	2.952066E+2	2.663574E+1	8.970000E+2
8.905558E+3	1.662000E+3	0.000000E+0	-1.929765E-3	-3.139873E-3	1.293081E-1	2.952157E+2	2.663574E+1	8.970000E+2
8.906883E+3	1.669000E+3	0.000000E+0	-1.686981E-3	-2.579755E-3	1.301363E-1	2.952218E+2	2.663574E+1	8.970000E+2
8.908107E+3	1.676000E+3	0.000000E+0	-1.658286E-3	-2.374285E-3	1.310782E-1	2.952273E+2	2.661133E+1	8.970000E+2
8.909437E+3	1.683000E+3	0.000000E+0	-1.611954E-3	-2.228636E-3	1.317816E-1	2.952132E+2	2.661133E+1	8.970000E+2
8.910761E+3	1.690000E+3	0.000000E+0	-1.445996E-3	-2.106574E-3	1.319087E-1	2.952075E+2	2.661133E+1	8.970000E+2
8.925922E+3	1.697000E+3	0.000000E+0	-1.628220E-3	-2.220521E-3	1.323307E-1	2.952099E+2	2.661133E+1	9.010000E+2
8.927247E+3	1.704000E+3	0.000000E+0	-1.423520E-3	-1.941676E-3	1.323012E-1	2.952185E+2	2.663574E+1	9.010000E+2
8.928575E+3	1.711000E+3	0.000000E+0	-1.545904E-3	-2.200097E-3	1.327369E-1	2.952158E+2	2.663574E+1	9.010000E+2
8.929897E+3	1.718000E+3	0.000000E+0	-1.444530E-3	-2.565046E-3	1.329048E-1	2.952163E+2	2.663574E+1	9.010000E+2
8.931225E+3	1.725000E+3	0.000000E+0	-1.898323E-3	-2.674064E-3	1.329932E-1	2.952066E+2	2.663574E+1	9.010000E+2
8.932446E+3	1.732000E+3	0.000000E+0	-2.015010E-3	-2.775374E-3	1.329229E-1	2.952149E+2	2.663574E+1	9.010000E+2
8.933772E+3	1.739000E+3	0.000000E+0	-1.960315E-3	-3.194269E-3	1.330114E-1	2.952170E+2	2.661133E+1	9.010000E+2
8.935101E+3	1.746000E+3	0.000000E+0	-2.205851E-3	-3.481193E-3	1.331589E-1	2.952096E+2	2.661133E+1	9.010000E+2
8.936536E+3	1.753000E+3	0.000000E+0	-2.424567E-3	-4.389430E-3	1.331135E-1	2.952270E+2	2.661133E+1	9.010000E+2
8.937856E+3	1.760000E+3	0.000000E+0	-2.930027E-3	-5.183273E-3	1.332179E-1	2.952344E+2	2.663574E+1	9.010000E+2
8.939064E+3	1.767000E+3	0.000000E+0	-3.767047E-3	-6.442313E-3	1.333290E-1	2.952320E+2	2.661133E+1	9.010000E+2
8.940497E+3	1.774000E+3	0.000000E+0	-4.742579E-3	-8.169483E-3	1.334470E-1	2.952120E+2	2.661133E+1	9.010000E+2
8.941814E+3	1.781000E+3	0.000000E+0	-5.994730E-3	-1.321287E-2	1.336467E-1	2.952131E+2	2.661133E+1	9.010000E+2
8.957871E+3	1.788000E+3	0.000000E+0	-1.134564E-2	-2.304205E-2	1.340437E-1	2.952107E+2	2.661133E+1	8.980000E+2
8.959202E+3	1.795000E+3	0.000000E+0	-1.585509E-2	-2.838906E-2	1.341345E-1	2.952099E+2	2.661133E+1	8.980000E+2
8.960533E+3	1.802000E+3	0.000000E+0	-2.465560E-2	-4.870254E-2	1.343637E-1	2.952024E+2	2.663574E+1	8.980000E+2
8.961752E+3	1.809000E+3	0.000000E+0	-3.401117E-2	-6.188197E-2	1.349014E-1	2.952007E+2	2.663574E+1	8.980000E+2
8.963082E+3	1.816000E+3	0.000000E+0	-4.495446E-2	-7.753535E-2	1.354595E-1	2.951924E+2	2.661133E+1	8.980000E+2
8.964413E+3	1.823000E+3	0.000000E+0	-5.133719E-2	-8.891134E-2	1.360835E-1	2.952159E+2	2.661133E+1	8.980000E+2
8.965740E+3	1.830000E+3	0.000000E+0	-5.375183E-2	-8.903230E-2	1.368050E-1	2.952104E+2	2.661133E+1	8.980000E+2
8.966956E+3	1.837000E+3	0.000000E+0	-4.772270E-2	-7.751533E-2	1.375878E-1	2.952131E+2	2.663574E+1	8.980000E+2
8.968283E+3	1.844000E+3	0.000000E+0	-3.418625E-2	-6.700489E-2	1.381777E-1	2.952057E+2	2.663574E+1	8.980000E+2
8.969605E+3	1.851000E+3	0.000000E+0	-2.467427E-2	-4.798470E-2	1.387767E-1	2.952030E+2	2.663574E+1	8.980000E+2
8.970926E+3	1.858000E+3	0.000000E+0	-1.675128E-2	-3.120598E-2	1.399746E-1	2.952023E+2	2.663574E+1	8.980000E+2
8.972136E+3	1.865000E+3	0.000000E+0	-7.516565E-3	-2.023013E-2	1.412157E-1	2.952062E+2	2.661133E+1	8.980000E+2
8.973557E+3	1.872000E+3	0.000000E+0	-1.405387E-2	-2.440614E-2	1.424704E-1	2.952091E+2	2.661133E+1	8.980000E+2
8.974774E+3	1.879000E+3	0.000000E+0	-2.298062E-2	-2.256164E-2	1.435935E-1	2.952044E+2	2.661133E+1	8.980000E+2
8.990982E+3	1.886000E+3	0.000000E+0	-1.464777E-2	-4.090172E-2	1.443740E-1	2.952093E+2	2.663574E+1	8.980000E+2
8.992310E+3	1.893000E+3	0.000000E+0	-2.795189E-2	-4.887336E-2	1.451795E-1	2.951972E+2	2.663574E+1	8.980000E+2
8.993637E+3	1.900000E+3	0.000000E+0	-2.749893E-2	-5.506644E-2	1.465068E-1	2.952036E+2	2.663574E+1	8.980000E+2
8.994964E+3	1.907000E+3	0.000000E+0	-3.277868E-2	-3.552522E-2	1.472941E-1	2.952216E+2	2.663574E+1	8.980000E+2
8.996295E+3	1.914000E+3	0.000000E+0	5.095137E-3	1.108326E-2	1.488687E-1	2.952181E+2	2.663574E+1	8.980000E+2
8.997621E+3	1.921000E+3	0.000000E+0	2.802586E-2	2.458201E-2	1.500145E-1	2.952017E+2	2.663574E+1	8.980000E+2
8.998836E+3	1.928000E+3	0.000000E+0	4.754682E-2	1.049568E-1	1.508131E-1	2.952107E+2	2.663574E+1	8.980000E+2
9.000164E+3	1.935000E+3	0.000000E+0	9.010985E-2	1.596527E-1	1.521268E-1	2.952132E+2	2.661133E+1	8.980000E+2
9.001492E+3	1.942000E+3	0.000000E+0	1.164149E-1	2.120554E-1	1.535948E-1	2.952189E+2	2.661133E+1	8.980000E+2
9.002821E+3	1.949000E+3	0.000000E+0	1.571755E-1	2.536851E-1	1.544524E-1	2.952109E+2	2.661133E+1	8.980000E+2
9.004038E+3	1.956000E+3	0.000000E+0	1.537863E-1	2.434260E-1	1.561246E-1	2.952205E+2	2.663574E+1	8.980000E+2
9.005365E+3	1.963000E+3	0.000000E+0	1.308531E-1	2.615943E-1	1.567327E-1	2.952224E+2	2.661133E+1	8.980000E+2
9.006698E+3	1.970000E+3	0.000000E+0	1.445766E-1	2.339067E-1	1.570594E-1	2.952231E+2	2.661133E+1	8.980000E+2
9.021873E+3	1.977000E+3	0.000000E+0	9.363710E-2	1.521633E-1	1.579011E-1	2.952165E+2	2.661133E+1	8.990000E+2
9.023204E+3	1.984000E+3	0.000000E+0	4.421169E-2	8.619576E-2	1.581530E-1	2.952217E+2	2.661133E+1	8.990000E+2
9.024417E+3	1.991000E+3	0.000000E+0	1.294600E-2	2.834419E-2	1.580600E-1	2.952237E+2	2.661133E+1	8.990000E+2
9.025747E+3	1.998000E+3	0.000000E+0	-1.687201E-2	-5.890730E-2	1.587837E-1	2.952202E+2	2.661133E+1	8.990000E+2
9.027069E+3	2.005000E+3	0.000000E+0	-5.471713E-2	-1.194351E-1	1.589584E-1	2.952206E+2	2.661133E+1	8.990000E+2
9.028391E+3	2.012000E+3	0.000000E+0	-8.577809E-2	-1.296191E-1	1.594349E-1	2.952227E+2	2.661133E+1	8.990000E+2
9.029607E+3	2.019000E+3	0.000000E+0	-7.322186E-2	-1.012801E-1	1.599817E-1	2.952193E+2	2.661133E+1	8.990000E+2
9.030934E+3	2.026000E+3	0.000000E+0	-4.294732E-2	-7.475646E-2	1.602540E-1	2.952352E+2	2.661133E+1	8.990000E+2
9.032264E+3	2.033000E+3	0.000000E+0	-1.969681E-2	-2.429964E-2	1.603515E-1	2.952284E+2	2.661133E+1	8.990000E+2
9.033588E+3	2.040000E+3	0.000000E+0	1.089650E-2	1.932651E-2	1.612750E-1	2.952091E+2	2.661133E+1	8.990000E+2
9.034805E+3	2.047000E+3	0.000000E+0	4.571392E-2	5.495952E-2	1.616630E-1	2.952163E+2	2.661133E+1	8.990000E+2
9.036136E+3	2.054000E+3	0.000000E+0	3.918385E-2	6.721701E-2	1.617787E-1	2.952204E+2	2.661133E+1	8.990000E+2
9.037460E+3	2.061000E+3	0.000000E+0	4.032272E-2	8.455920E-2	1.623187E-1	2.952250E+2	2.661133E+1	8.990000E+2
9.038791E+3	2.068000E+3	0.000000E+0	3.977068E-2	6.916542E-2	1.622098E-1	2.952264E+2	2.661133E+1	8.990000E+2
9.054861E+3	2.075000E+3	0.000000E+0	2.337432E-2	4.068119E-2	1.619375E-1	2.952165E+2	2.661133E+1	8.990000E+2
9.056193E+3	2.082000E+3	0.000000E+0	-5.348117E-3	-4.069591E-3	1.630426E-1	2.952231E+2	2.661133E+1	8.990000E+2
9.057408E+3	2.089000E+3	0.000000E+0	-2.451556E-2	-3.125208E-2	1.618651E-1	2.952119E+2	2.661133E+1	8.990000E+2
9.058728E+3	2.096000E+3	0.000000E+0	-4.131599E-2	-6.194046E-2	1.642569E-1	2.952249E+2	2.663574E+1	8.990000E+2
9.060050E+3	2.103000E+3	0.000000E+0	-4.538510E-2	-8.283029E-2	1.650040E-1	2.952120E+2	2.661133E+1	8.990000E+2
9.061379E+3	2.110000E+3	0.000000E+0	-5.123015E-2	-9.856484E-2	1.656647E-1	2.952230E+2	2.661133E+1	8.990000E+2
9.062601E+3	2.117000E+3	0.000000E+0	-5.465584E-2	-9.597138E-2	1.663412E-1	2.952228E+2	2.663574E+1	8.990000E+2
9.063928E+3	2.124000E+3	0.000000E+0	-4.713380E-2	-7.948178E-2	1.679897E-1	2.952236E+2	2.663574E+1	8.990000E+2
