2.622557E+3	7.680000E+2	0.000000E+0	-2.143752E-4	-1.961667E-5	1.687264E-2	2.952246E+2	2.722168E+1	3.000000E+2
2.623662E+3	7.750000E+2	0.000000E+0	-7.897039E-4	5.088760E-5	1.748298E-2	2.952254E+2	2.722168E+1	3.000000E+2
2.624767E+3	7.820000E+2	0.000000E+0	-7.281561E-4	-2.289797E-4	1.855162E-2	2.952342E+2	2.722168E+1	3.000000E+2
2.625869E+3	7.890000E+2	0.000000E+0	-4.488920E-4	-1.127444E-4	1.945464E-2	2.952239E+2	2.722168E+1	3.000000E+2
2.626871E+3	7.960000E+2	0.000000E+0	-6.821497E-4	-1.323899E-4	2.018523E-2	2.952309E+2	2.722168E+1	3.000000E+2
2.628074E+3	8.030000E+2	0.000000E+0	-2.036690E-4	6.037423E-4	2.086589E-2	2.952154E+2	2.722168E+1	3.000000E+2
2.629078E+3	8.100000E+2	0.000000E+0	-4.117361E-4	1.970575E-4	2.178933E-2	2.952208E+2	2.722168E+1	3.000000E+2
2.630181E+3	8.170000E+2	0.000000E+0	1.535819E-4	5.586324E-4	2.242008E-2	2.952220E+2	2.722168E+1	3.000000E+2
2.631286E+3	8.240000E+2	0.000000E+0	5.787992E-5	-3.446052E-4	2.317789E-2	2.952156E+2	2.722168E+1	3.000000E+2
2.632388E+3	8.310000E+2	0.000000E+0	2.040577E-5	5.359449E-4	2.364075E-2	2.952114E+2	2.722168E+1	3.000000E+2
2.633491E+3	8.380000E+2	0.000000E+0	3.009070E-5	6.792211E-5	2.515863E-2	2.952003E+2	2.722168E+1	3.000000E+2
2.634595E+3	8.450000E+2	0.000000E+0	4.581645E-4	6.004282E-4	2.578485E-2	2.952165E+2	2.722168E+1	3.000000E+2
2.635699E+3	8.520000E+2	0.000000E+0	3.280635E-4	-3.791909E-4	2.651997E-2	2.952227E+2	2.722168E+1	3.000000E+2
2.636804E+3	8.590000E+2	0.000000E+0	2.704751E-4	4.608031E-4	2.731408E-2	2.952255E+2	2.722168E+1	3.000000E+2
2.637907E+3	8.660000E+2	0.000000E+0	-5.859835E-5	1.301801E-4	2.800382E-2	2.952375E+2	2.722168E+1	3.000000E+2
2.653969E+3	8.730000E+2	0.000000E+0	3.847023E-4	-1.328655E-5	2.876163E-2	2.952434E+2	2.722168E+1	2.980000E+2
2.654970E+3	8.800000E+2	0.000000E+0	-6.464011E-4	-7.332437E-4	2.947633E-2	2.952451E+2	2.722168E+1	2.980000E+2
2.656074E+3	8.870000E+2	0.000000E+0	-6.400112E-4	-6.632429E-4	2.952398E-2	2.952301E+2	2.722168E+1	2.980000E+2
2.657178E+3	8.940000E+2	0.000000E+0	-2.028249E-4	-1.084937E-3	3.033851E-2	2.952303E+2	2.722168E+1	2.980000E+2
2.658283E+3	9.010000E+2	0.000000E+0	-1.608924E-3	-4.113642E-4	3.074691E-2	2.952313E+2	2.722168E+1	2.980000E+2
2.659386E+3	9.080000E+2	0.000000E+0	-7.100391E-4	-5.278224E-4	3.125515E-2	2.952201E+2	2.722168E+1	2.980000E+2
2.660491E+3	9.150000E+2	0.000000E+0	-5.274583E-4	-3.531089E-5	3.248715E-2	2.952318E+2	2.722168E+1	2.980000E+2
2.661593E+3	9.220000E+2	0.000000E+0	-3.590434E-4	-6.749452E-4	3.304303E-2	2.952322E+2	2.722168E+1	2.980000E+2
2.662698E+3	9.290000E+2	0.000000E+0	-1.065375E-3	-8.359870E-4	3.418655E-2	2.952298E+2	2.722168E+1	2.980000E+2
2.663804E+3	9.360000E+2	0.000000E+0	-2.257387E-4	-2.185090E-4	3.486041E-2	2.952319E+2	2.722168E+1	2.980000E+2
2.664910E+3	9.430000E+2	0.000000E+0	3.210989E-4	2.594582E-4	3.544579E-2	2.952210E+2	2.722168E+1	2.980000E+2
2.666015E+3	9.500000E+2	0.000000E+0	1.568445E-4	8.356217E-4	3.619679E-2	2.952126E+2	2.722168E+1	2.980000E+2
2.667117E+3	9.570000E+2	0.000000E+0	7.551250E-4	8.123231E-4	3.677990E-2	2.952234E+2	2.722168E+1	2.980000E+2
2.668220E+3	9.640000E+2	0.000000E+0	3.266890E-4	1.477377E-3	3.746056E-2	2.951971E+2	2.722168E+1	2.980000E+2
2.669323E+3	9.710000E+2	0.000000E+0	1.258814E-3	1.012214E-3	3.810039E-2	2.952214E+2	2.722168E+1	2.980000E+2
2.670424E+3	9.780000E+2	0.000000E+0	4.295148E-4	1.089555E-3	3.828871E-2	2.952123E+2	2.722168E+1	2.980000E+2
2.686273E+3	9.850000E+2	0.000000E+0	4.641016E-4	1.035408E-3	3.965685E-2	2.952021E+2	2.722168E+1	2.990000E+2
2.687377E+3	9.920000E+2	0.000000E+0	-5.022244E-4	7.987309E-4	3.985878E-2	2.952060E+2	2.722168E+1	2.990000E+2
2.688481E+3	9.990000E+2	0.000000E+0	3.645525E-5	1.991609E-4	4.065970E-2	2.951969E+2	2.722168E+1	2.990000E+2
2.689587E+3	1.006000E+3	0.000000E+0	-3.631537E-3	3.520303E-4	4.144020E-2	2.952021E+2	2.722168E+1	2.990000E+2
2.690692E+3	1.013000E+3	0.000000E+0	-1.165363E-3	-1.153719E-3	4.244532E-2	2.951920E+2	2.722168E+1	2.990000E+2
2.691795E+3	1.020000E+3	0.000000E+0	-6.818861E-4	-6.085934E-4	4.325985E-2	2.951925E+2	2.722168E+1	2.990000E+2
2.692898E+3	1.027000E+3	0.000000E+0	-8.949754E-4	-1.542810E-3	4.410615E-2	2.951872E+2	2.722168E+1	2.990000E+2
2.694004E+3	1.034000E+3	0.000000E+0	-6.666613E-4	-9.307900E-4	4.450774E-2	2.951995E+2	2.722168E+1	2.990000E+2
2.695109E+3	1.041000E+3	0.000000E+0	-1.626526E-3	-1.793272E-3	4.563992E-2	2.951963E+2	2.722168E+1	2.990000E+2
2.696215E+3	1.048000E+3	0.000000E+0	-7.784858E-4	-3.421001E-3	4.606647E-2	2.951909E+2	2.722168E+1	2.990000E+2
2.697316E+3	1.055000E+3	0.000000E+0	-4.231240E-3	-5.223195E-3	4.659285E-2	2.951930E+2	2.719727E+1	2.990000E+2
2.698421E+3	1.062000E+3	0.000000E+0	-5.211224E-3	-8.234506E-3	4.765242E-2	2.951942E+2	2.722168E+1	2.990000E+2
2.699526E+3	1.069000E+3	0.000000E+0	-9.001218E-3	-1.242609E-2	4.907048E-2	2.952012E+2	2.722168E+1	2.990000E+2
2.700527E+3	1.076000E+3	0.000000E+0	-1.458146E-2	-2.057013E-2	5.003476E-2	2.951965E+2	2.719727E+1	2.990000E+2
2.701728E+3	1.083000E+3	0.000000E+0	-1.766455E-2	-2.479414E-2	5.073358E-2	2.951910E+2	2.719727E+1	2.990000E+2
2.702729E+3	1.090000E+3	0.000000E+0	-2.417778E-2	-3.475853E-2	5.156172E-2	2.951835E+2	2.719727E+1	2.990000E+2
2.718508E+3	1.097000E+3	0.000000E+0	-2.993108E-2	-4.372005E-2	5.257138E-2	2.951886E+2	2.719727E+1	2.990000E+2
2.719833E+3	1.104000E+3	0.000000E+0	-3.088899E-2	-5.006972E-2	5.340633E-2	2.951720E+2	2.719727E+1	2.990000E+2
2.721161E+3	1.111000E+3	0.000000E+0	-3.681618E-2	-5.024016E-2	5.442960E-2	2.951888E+2	2.719727E+1	2.990000E+2
2.722494E+3	1.118000E+3	0.000000E+0	-3.556270E-2	-4.709493E-2	5.497640E-2	2.951812E+2	2.719727E+1	2.990000E+2
2.723712E+3	1.125000E+3	0.000000E+0	-2.669482E-2	-3.336499E-2	5.623110E-2	2.951797E+2	2.719727E+1	2.990000E+2
2.725036E+3	1.132000E+3	0.000000E+0	-1.574080E-2	-2.017426E-2	5.669395E-2	2.951922E+2	2.719727E+1	2.990000E+2
2.726252E+3	1.139000E+3	0.000000E+0	2.984850E-3	2.918013E-3	5.751529E-2	2.951793E+2	2.719727E+1	2.990000E+2
2.727586E+3	1.146000E+3	0.000000E+0	1.908204E-2	2.772823E-2	5.820504E-2	2.951772E+2	2.719727E+1	2.990000E+2
2.728918E+3	1.153000E+3	0.000000E+0	3.827095E-2	5.539136E-2	5.924873E-2	2.951795E+2	2.719727E+1	2.990000E+2
2.730250E+3	1.160000E+3	0.000000E+0	5.836742E-2	8.169118E-2	6.036729E-2	2.951828E+2	2.719727E+1	2.990000E+2
2.731568E+3	1.167000E+3	0.000000E+0	6.775188E-2	9.481320E-2	6.087779E-2	2.951739E+2	2.719727E+1	2.990000E+2
2.732782E+3	1.174000E+3	0.000000E+0	7.214598E-2	1.014054E-1	6.254089E-2	2.951802E+2	2.719727E+1	2.990000E+2
2.734112E+3	1.181000E+3	0.000000E+0	6.951252E-2	1.024337E-1	6.348928E-2	2.951955E+2	2.719727E+1	2.990000E+2
2.735443E+3	1.188000E+3	0.000000E+0	5.851107E-2	8.790091E-2	6.463507E-2	2.951870E+2	2.719727E+1	2.990000E+2
2.751500E+3	1.195000E+3	0.000000E+0	4.984454E-2	7.002761E-2	6.581036E-2	2.952139E+2	2.719727E+1	2.990000E+2
2.752828E+3	1.202000E+3	0.000000E+0	2.679252E-2	4.178377E-2	6.687674E-2	2.952126E+2	2.714844E+1	2.990000E+2
2.754046E+3	1.209000E+3	0.000000E+0	1.454286E-2	2.101588E-2	6.829706E-2	2.952085E+2	2.714844E+1	2.990000E+2
2.755486E+3	1.216000E+3	0.000000E+0	-3.794682E-3	-4.818830E-3	6.986487E-2	2.952219E+2	2.719727E+1	2.990000E+2
2.756706E+3	1.223000E+3	0.000000E+0	-1.577242E-2	-2.433151E-2	7.035268E-2	2.952138E+2	2.714844E+1	2.990000E+2
2.758032E+3	1.230000E+3	0.000000E+0	-2.661162E-2	-3.752905E-2	7.209972E-2	2.952051E+2	2.714844E+1	2.990000E+2
2.759253E+3	1.237000E+3	0.000000E+0	-3.151058E-2	-4.245856E-2	7.351551E-2	2.951908E+2	2.719727E+1	2.990000E+2
2.760583E+3	1.244000E+3	0.000000E+0	-3.136731E-2	-4.346732E-2	7.475887E-2	2.952103E+2	2.719727E+1	2.990000E+2
2.761912E+3	1.251000E+3	0.000000E+0	-2.826425E-2	-4.116020E-2	7.553483E-2	2.951955E+2	2.719727E+1	2.990000E+2
2.763240E+3	1.258000E+3	0.000000E+0	-2.670144E-2	-3.865425E-2	7.703003E-2	2.951925E+2	2.714844E+1	2.990000E+2
2.764573E+3	1.265000E+3	0.000000E+0	-2.299862E-2	-3.281192E-2	7.836640E-2	2.952107E+2	2.719727E+1	2.990000E+2
2.765903E+3	1.272000E+3	0.000000E+0	-2.045143E-2	-2.861327E-2	7.906295E-2	2.951984E+2	2.719727E+1	2.990000E+2
2.767228E+3	1.279000E+3	0.000000E+0	-1.575378E-2	-2.225582E-2	8.085991E-2	2.952056E+2	2.719727E+1	2.990000E+2
2.782281E+3	1.286000E+3	0.000000E+0	-1.224966E-2	-1.766048E-2	8.177881E-2	2.952279E+2	2.719727E+1	2.980000E+2
2.783608E+3	1.293000E+3	0.000000E+0	-8.195805E-3	-1.140366E-2	8.218495E-2	2.952369E+2	2.719727E+1	2.980000E+2
2.784934E+3	1.300000E+3	0.000000E+0	-4.504977E-3	-6.198948E-3	8.352586E-2	2.952246E+2	2.719727E+1	2.980000E+2
2.786260E+3	1.307000E+3	0.000000E+0	-1.934755E-3	-1.806779E-3	8.396829E-2	2.952142E+2	2.719727E+1	2.980000E+2
2.787591E+3	1.314000E+3	0.000000E+0	1.571646E-3	2.342207E-3	8.508913E-2	2.952337E+2	2.719727E+1	2.980000E+2
2.788918E+3	1.321000E+3	0.000000E+0	4.062648E-3	5.903040E-3	8.574030E-2	2.952319E+2	2.719727E+1	2.980000E+2
2.790242E+3	1.328000E+3	0.000000E+0	5.278130E-3	7.215980E-3	8.614643E-2	2.952292E+2	2.719727E+1	2.980000E+2
2.791459E+3	1.335000E+3	0.000000E+0	5.326183E-3	7.325519E-3	8.672046E-2	2.952220E+2	2.719727E+1	2.980000E+2
2.792782E+3	1.342000E+3	0.000000E+0	3.731369E-3	6.647474E-3	8.753499E-2	2.952292E+2	2.719727E+1	2.980000E+2
2.794108E+3	1.349000E+3	0.000000E+0	3.209891E-3	5.173875E-3	8.800692E-2	2.952245E+2	2.719727E+1	2.980000E+2
2.795438E+3	1.356000E+3	0.000000E+0	1.738494E-3	1.815629E-3	8.833591E-2	2.952237E+2	2.719727E+1	2.980000E+2
2.796659E+3	1.363000E+3	0.000000E+0	-1.040923E-3	-5.197329E-4	8.897574E-2	2.952217E+2	2.719727E+1	2.980000E+2
2.797985E+3	1.370000E+3	0.000000E+0	-2.315973E-3	-3.076124E-3	8.910280E-2	2.952204E+2	2.719727E+1	2.980000E+2
2.799311E+3	1.377000E+3	0.000000E+0	-4.215959E-3	-5.093057E-3	8.929565E-2	2.952271E+2	2.719727E+1	2.980000E+2
2.815483E+3	1.384000E+3	0.000000E+0	-5.208691E-3	-6.653561E-3	8.993321E-2	2.952222E+2	2.719727E+1	2.970000E+2
2.816799E+3	1.391000E+3	0.000000E+0	-6.923371E-3	-1.042614E-2	9.045279E-2	2.952287E+2	2.719727E+1	2.970000E+2
2.818122E+3	1.398000E+3	0.000000E+0	-9.830546E-3	-1.151734E-2	9.087026E-2	2.952291E+2	2.719727E+1	2.970000E+2
2.819342E+3	1.405000E+3	0.000000E+0	-1.234874E-2	-1.783987E-2	9.105177E-2	2.952268E+2	2.719727E+1	2.970000E+2
2.820659E+3	1.412000E+3	0.000000E+0	-1.710790E-2	-2.498581E-2	9.146698E-2	2.952239E+2	2.719727E+1	2.970000E+2
2.821982E+3	1.419000E+3	0.000000E+0	-2.084786E-2	-3.140935E-2	9.175286E-2	2.952126E+2	2.722168E+1	2.970000E+2
2.823309E+3	1.426000E+3	0.000000E+0	-2.254986E-2	-3.332299E-2	9.223614E-2	2.952169E+2	2.719727E+1	2.970000E+2
2.824639E+3	1.433000E+3	0.000000E+0	-2.018808E-2	-3.361357E-2	9.274891E-2	2.952311E+2	2.719727E+1	2.970000E+2
2.825969E+3	1.440000E+3	0.000000E+0	-1.512200E-2	-2.535606E-2	9.327530E-2	2.952160E+2	2.719727E+1	2.970000E+2
2.827302E+3	1.447000E+3	0.000000E+0	-8.195090E-3	-1.054802E-2	9.350219E-2	2.952311E+2	2.719727E+1	2.970000E+2
2.828518E+3	1.454000E+3	0.000000E+0	8.795342E-3	1.526290E-2	9.386299E-2	2.952328E+2	2.719727E+1	2.970000E+2
2.829854E+3	1.461000E+3	0.000000E+0	2.419783E-2	3.487472E-2	9.426699E-2	2.952165E+2	2.719727E+1	2.970000E+2
2.831177E+3	1.468000E+3	0.000000E+0	4.046084E-2	5.451948E-2	9.522009E-2	2.952217E+2	2.719727E+1	2.970000E+2
2.846336E+3	1.475000E+3	0.000000E+0	4.912319E-2	6.262429E-2	9.603741E-2	2.952251E+2	2.719727E+1	2.970000E+2
2.847669E+3	1.482000E+3	0.000000E+0	4.547930E-2	6.367331E-2	9.657966E-2	2.952218E+2	2.719727E+1	2.970000E+2
2.848999E+3	1.489000E+3	0.000000E+0	3.808268E-2	5.387127E-2	9.781939E-2	2.952281E+2	2.719727E+1	2.970000E+2
2.850217E+3	1.496000E+3	0.000000E+0	2.633099E-2	4.083497E-2	9.880679E-2	2.952238E+2	2.719727E+1	2.970000E+2
2.851549E+3	1.503000E+3	0.000000E+0	1.303016E-2	1.850433E-2	9.985369E-2	2.952220E+2	2.719727E+1	2.970000E+2
2.852881E+3	1.510000E+3	0.000000E+0	5.966244E-4	-3.042898E-3	1.002261E-1	2.952369E+2	2.719727E+1	2.970000E+2
2.854210E+3	1.517000E+3	0.000000E+0	-1.159005E-2	-2.124351E-2	1.025405E-1	2.952181E+2	2.719727E+1	2.970000E+2
2.855431E+3	1.524000E+3	0.000000E+0	-2.011281E-2	-3.427393E-2	1.037442E-1	2.952296E+2	2.719727E+1	2.970000E+2
2.856760E+3	1.531000E+3	0.000000E+0	-2.363080E-2	-3.604767E-2	1.048915E-1	2.952254E+2	2.719727E+1	2.970000E+2
2.858087E+3	1.538000E+3	0.000000E+0	-2.002126E-2	-2.884115E-2	1.070832E-1	2.952127E+2	2.714844E+1	2.970000E+2
2.859309E+3	1.545000E+3	0.000000E+0	-1.462460E-2	-1.996611E-2	1.086144E-1	2.952045E+2	2.714844E+1	2.970000E+2
2.860634E+3	1.552000E+3	0.000000E+0	-4.962037E-3	-8.992353E-3	1.097977E-1	2.951969E+2	2.714844E+1	2.970000E+2
2.861960E+3	1.559000E+3	0.000000E+0	-4.552150E-5	-4.107861E-3	1.110197E-1	2.951894E+2	2.719727E+1	2.970000E+2
2.863293E+3	1.566000E+3	0.000000E+0	2.078131E-3	1.882487E-3	1.134816E-1	2.952127E+2	2.719727E+1	2.970000E+2
2.879569E+3	1.573000E+3	0.000000E+0	1.676277E-3	3.075755E-3	1.145288E-1	2.952074E+2	2.719727E+1	2.990000E+2
2.880789E+3	1.580000E+3	0.000000E+0	7.013514E-4	7.471728E-4	1.166115E-1	2.951909E+2	2.719727E+1	2.990000E+2
2.882114E+3	1.587000E+3	0.000000E+0	-9.176636E-4	-1.028140E-3	1.181943E-1	2.951976E+2	2.714844E+1	2.990000E+2
2.883440E+3	1.594000E+3	0.000000E+0	-1.689331E-3	-3.696302E-3	1.201385E-1	2.952163E+2	2.714844E+1	2.990000E+2
2.884757E+3	1.601000E+3	0.000000E+0	-2.554892E-3	-3.618091E-3	1.218734E-1	2.952144E+2	2.714844E+1	2.990000E+2
2.886082E+3	1.608000E+3	0.000000E+0	-2.748225E-3	-4.676030E-3	1.225208E-1	2.952111E+2	2.714844E+1	2.990000E+2
2.887297E+3	1.615000E+3	0.000000E+0	-1.267942E-3	-3.444635E-3	1.247684E-1	2.952229E+2	2.714844E+1	2.990000E+2
2.888626E+3	1.622000E+3	0.000000E+0	-1.766013E-3	-3.609947E-3	1.260237E-1	2.952232E+2	2.714844E+1	2.990000E+2
2.889959E+3	1.629000E+3	0.000000E+0	-1.243315E-3	-3.218208E-3	1.266797E-1	2.952139E+2	2.714844E+1	2.990000E+2
2.891175E+3	1.636000E+3	0.000000E+0	-6.247875E-4	-1.881939E-3	1.272178E-1	2.952251E+2	2.714844E+1	2.990000E+2
2.892501E+3	1.643000E+3	0.000000E+0	-1.039215E-3	-7.269378E-4	1.289542E-1	2.952237E+2	2.714844E+1	2.990000E+2
2.893834E+3	1.650000E+3	0.000000E+0	-6.698298E-4	-8.843502E-4	1.300343E-1	2.952344E+2	2.714844E+1	2.990000E+2
2.895163E+3	1.657000E+3	0.000000E+0	-4.998138E-4	-4.582697E-4	1.304088E-1	2.952247E+2	2.714844E+1	2.990000E+2
2.910303E+3	1.664000E+3	0.000000E+0	-5.890793E-4	-7.668592E-4	1.315048E-1	2.952055E+2	2.714844E+1	2.970000E+2
2.911635E+3	1.671000E+3	0.000000E+0	-7.324251E-4	-9.138787E-4	1.320063E-1	2.952299E+2	2.714844E+1	2.970000E+2
2.912959E+3	1.678000E+3	0.000000E+0	-1.117382E-3	-5.115638E-4	1.325485E-1	2.952073E+2	2.714844E+1	2.970000E+2
2.914295E+3	1.685000E+3	0.000000E+0	3.063554E-5	-4.841627E-4	1.328299E-1	2.952081E+2	2.714844E+1	2.970000E+2
2.915512E+3	1.692000E+3	0.000000E+0	-3.023603E-5	-2.022173E-4	1.332406E-1	2.952091E+2	2.714844E+1	2.970000E+2
2.916836E+3	1.699000E+3	0.000000E+0	-1.041143E-4	3.628867E-4	1.333812E-1	2.952000E+2	2.714844E+1	2.970000E+2
2.918163E+3	1.706000E+3	0.000000E+0	-3.051164E-4	-1.922397E-4	1.334085E-1	2.952163E+2	2.714844E+1	2.970000E+2
2.919488E+3	1.713000E+3	0.000000E+0	-6.376664E-4	-2.659331E-5	1.336195E-1	2.952276E+2	2.712402E+1	2.970000E+2
2.920704E+3	1.720000E+3	0.000000E+0	4.865216E-5	-3.005142E-4	1.335809E-1	2.952336E+2	2.712402E+1	2.970000E+2
2.922030E+3	1.727000E+3	0.000000E+0	-4.486427E-4	-1.754332E-4	1.336127E-1	2.952178E+2	2.712402E+1	2.970000E+2
2.923329E+3	1.734000E+3	0.000000E+0	-7.583611E-4	-4.900307E-4	1.336308E-1	2.952214E+2	2.712402E+1	2.970000E+2
2.924656E+3	1.741000E+3	0.000000E+0	-1.008224E-3	-7.234971E-4	1.336240E-1	2.952077E+2	2.714844E+1	2.970000E+2
2.925983E+3	1.748000E+3	0.000000E+0	-4.333152E-4	-7.749510E-4	1.335559E-1	2.952212E+2	2.712402E+1	2.970000E+2
2.927199E+3	1.755000E+3	0.000000E+0	-3.422328E-4	-1.105177E-3	1.336830E-1	2.952223E+2	2.712402E+1	2.970000E+2
2.943493E+3	1.762000E+3	0.000000E+0	-7.560339E-5	-1.119819E-3	1.336762E-1	2.952148E+2	2.712402E+1	2.970000E+2
2.944822E+3	1.769000E+3	0.000000E+0	-5.477743E-4	-1.092766E-3	1.336081E-1	2.952236E+2	2.712402E+1	2.970000E+2
2.946038E+3	1.776000E+3	0.000000E+0	8.965611E-5	-1.109388E-3	1.337964E-1	2.952260E+2	2.712402E+1	2.970000E+2
2.947368E+3	1.783000E+3	0.000000E+0	-1.270823E-3	-2.514172E-3	1.341572E-1	2.952121E+2	2.712402E+1	2.970000E+2
2.948697E+3	1.790000E+3	0.000000E+0	-2.429863E-3	-2.829767E-3	1.340959E-1	2.952111E+2	2.712402E+1	2.970000E+2
2.950023E+3	1.797000E+3	0.000000E+0	-4.109113E-3	-6.089184E-3	1.344884E-1	2.952158E+2	2.712402E+1	2.970000E+2
2.951358E+3	1.804000E+3	0.000000E+0	-9.939793E-3	-1.286627E-2	1.347834E-1	2.952121E+2	2.712402E+1	2.970000E+2
2.952578E+3	1.811000E+3	0.000000E+0	-1.515391E-2	-2.019162E-2	1.351600E-1	2.952185E+2	2.712402E+1	2.970000E+2
2.953910E+3	1.818000E+3	0.000000E+0	-2.633423E-2	-3.604301E-2	1.355344E-1	2.952221E+2	2.712402E+1	2.970000E+2
2.955240E+3	1.825000E+3	0.000000E+0	-3.370554E-2	-4.754199E-2	1.364261E-1	2.952097E+2	2.712402E+1	2.970000E+2
2.956565E+3	1.832000E+3	0.000000E+0	-3.962704E-2	-5.915470E-2	1.371862E-1	2.952270E+2	2.712402E+1	2.970000E+2
2.957781E+3	1.839000E+3	0.000000E+0	-3.955856E-2	-6.078525E-2	1.375696E-1	2.952123E+2	2.712402E+1	2.970000E+2
2.959106E+3	1.846000E+3	0.000000E+0	-3.146359E-2	-5.068360E-2	1.391760E-1	2.952333E+2	2.712402E+1	2.970000E+2
2.974401E+3	1.853000E+3	0.000000E+0	-1.683877E-2	-2.735975E-2	1.403490E-1	2.952213E+2	2.712402E+1	2.990000E+2
2.975732E+3	1.860000E+3	0.000000E+0	-2.338162E-4	1.569735E-3	1.417285E-1	2.952201E+2	2.712402E+1	2.990000E+2
2.976952E+3	1.867000E+3	0.000000E+0	2.722652E-2	3.487097E-2	1.420643E-1	2.952377E+2	2.712402E+1	2.990000E+2
2.978387E+3	1.874000E+3	0.000000E+0	3.735319E-2	3.907886E-2	1.442560E-1	2.952084E+2	2.712402E+1	2.990000E+2
2.979716E+3	1.881000E+3	0.000000E+0	2.498436E-2	2.124434E-2	1.453020E-1	2.952036E+2	2.712402E+1	2.990000E+2
2.980934E+3	1.888000E+3	0.000000E+0	-4.700993E-3	-1.112251E-2	1.468743E-1	2.952252E+2	2.714844E+1	2.990000E+2
2.982266E+3	1.895000E+3	0.000000E+0	-3.782015E-2	-4.474889E-2	1.482652E-1	2.952050E+2	2.714844E+1	2.990000E+2
2.983705E+3	1.902000E+3	0.000000E+0	-6.907246E-2	-9.982152E-2	1.491387E-1	2.952174E+2	2.714844E+1	2.990000E+2
2.985039E+3	1.909000E+3	0.000000E+0	-8.907005E-2	-1.381125E-1	1.497354E-1	2.952259E+2	2.712402E+1	2.990000E+2
2.986257E+3	1.916000E+3	0.000000E+0	-1.008990E-1	-1.500808E-1	1.516798E-1	2.952262E+2	2.712402E+1	2.990000E+2
2.987588E+3	1.923000E+3	0.000000E+0	-8.469462E-2	-1.059824E-1	1.521745E-1	2.952178E+2	2.712402E+1	2.990000E+2
2.988910E+3	1.930000E+3	0.000000E+0	-9.086996E-3	-1.436778E-3	1.544638E-1	2.952241E+2	2.712402E+1	2.990000E+2
2.990238E+3	1.937000E+3	0.000000E+0	6.040164E-2	9.555934E-2	1.550355E-1	2.952242E+2	2.712402E+1	2.990000E+2
3.006311E+3	1.944000E+3	0.000000E+0	1.502306E-1	2.087764E-1	1.567667E-1	2.952098E+2	2.712402E+1	2.980000E+2
3.007746E+3	1.951000E+3	0.000000E+0	2.029860E-1	2.822125E-1	1.578580E-1	2.952171E+2	2.712402E+1	2.980000E+2
3.008958E+3	1.958000E+3	0.000000E+0	2.368257E-1	2.998250E-1	1.591195E-1	2.952168E+2	2.712402E+1	2.980000E+2
3.010288E+3	1.965000E+3	0.000000E+0	2.067434E-1	2.602694E-1	1.601791E-1	2.952085E+2	2.712402E+1	2.980000E+2
3.011504E+3	1.972000E+3	0.000000E+0	1.370566E-1	1.861721E-1	1.607146E-1	2.952128E+2	2.712402E+1	2.980000E+2
3.012829E+3	1.979000E+3	0.000000E+0	5.441950E-2	7.984651E-2	1.613453E-1	2.952088E+2	2.712402E+1	2.980000E+2
3.014156E+3	1.986000E+3	0.000000E+0	-5.766313E-3	-2.125624E-2	1.611888E-1	2.952209E+2	2.712402E+1	2.980000E+2
3.015482E+3	1.993000E+3	0.000000E+0	-1.008738E-1	-1.484145E-1	1.613135E-1	2.952023E+2	2.712402E+1	2.980000E+2
3.016808E+3	2.000000E+3	0.000000E+0	-1.486257E-1	-1.848345E-1	1.619171E-1	2.951931E+2	2.712402E+1	2.980000E+2
3.018136E+3	2.007000E+3	0.000000E+0	-1.453006E-1	-1.863900E-1	1.622052E-1	2.951951E+2	2.712402E+1	2.980000E+2
3.019353E+3	2.014000E+3	0.000000E+0	-1.135524E-1	-1.728476E-1	1.623277E-1	2.952077E+2	2.712402E+1	2.980000E+2
3.020681E+3	2.021000E+3	0.000000E+0	-7.676736E-2	-1.086236E-1	1.623300E-1	2.952091E+2	2.712402E+1	2.980000E+2
3.022013E+3	2.028000E+3	0.000000E+0	-1.517279E-2	-2.629338E-2	1.624298E-1	2.952118E+2	2.712402E+1	2.980000E+2
3.023225E+3	2.035000E+3	0.000000E+0	2.937402E-2	3.401944E-2	1.626794E-1	2.952097E+2	2.712402E+1	2.980000E+2
3.039198E+3	2.042000E+3	0.000000E+0	6.317140E-2	8.759484E-2	1.631196E-1	2.952058E+2	2.707520E+1	2.990000E+2
3.040301E+3	2.049000E+3	0.000000E+0	7.389814E-2	1.195480E-1	1.629086E-1	2.952109E+2	2.707520E+1	2.990000E+2
3.041405E+3	2.056000E+3	0.000000E+0	7.999518E-2	1.189564E-1	1.629812E-1	2.952216E+2	2.712402E+1	2.990000E+2
3.042511E+3	2.063000E+3	0.000000E+0	6.630732E-2	8.810800E-2	1.628814E-1	2.952141E+2	2.712402E+1	2.990000E+2
3.043613E+3	2.070000E+3	0.000000E+0	3.375131E-2	4.968154E-2	1.626681E-1	2.952195E+2	2.707520E+1	2.990000E+2
3.044717E+3	2.077000E+3	0.000000E+0	1.963317E-3	7.084250E-3	1.631037E-1	2.952250E+2	2.707520E+1	2.990000E+2
3.045822E+3	2.084000E+3	0.000000E+0	-1.955747E-2	-3.287113E-2	1.636052E-1	2.952284E+2	2.712402E+1	2.990000E+2
3.046927E+3	2.091000E+3	0.000000E+0	-4.983606E-2	-6.941992E-2	1.639434E-1	2.952381E+2	2.712402E+1	2.990000E+2
3.048030E+3	2.098000E+3	0.000000E+0	-6.289934E-2	-7.972513E-2	1.649261E-1	2.952160E+2	2.712402E+1	2.990000E+2
3.049135E+3	2.105000E+3	0.000000E+0	-5.980450E-2	-7.990338E-2	1.656933E-1	2.952169E+2	2.712402E+1	2.990000E+2
3.050244E+3	2.112000E+3	0.000000E+0	-4.832708E-2	-6.959372E-2	1.669191E-1	2.952148E+2	2.707520E+1	2.990000E+2
3.051347E+3	2.119000E+3	0.000000E+0	-3.726128E-2	-5.438007E-2	1.679043E-1	2.952142E+2	2.707520E+1	2.990000E+2
3.052449E+3	2.126000E+3	0.000000E+0	-2.225338E-2	-3.068728E-2	1.690304E-1	2.952245E+2	2.707520E+1	2.990000E+2
