6.150830E+3	2.131000E+3	0.000000E+0	-2.461763E-2	-4.010348E-2	1.702274E-1	2.952042E+2	2.690430E+1	6.010000E+2
6.152163E+3	8.500000E+2	0.000000E+0	2.378479E-4	1.788269E-4	2.624770E-2	2.951606E+2	2.690430E+1	6.010000E+2
6.153383E+3	8.570000E+2	0.000000E+0	1.116629E-4	2.044686E-4	2.665610E-2	2.951735E+2	2.690430E+1	6.010000E+2
6.154709E+3	8.640000E+2	0.000000E+0	-2.016435E-5	-1.056266E-4	2.781097E-2	2.951862E+2	2.690430E+1	6.010000E+2
6.170099E+3	8.710000E+2	0.000000E+0	1.520731E-4	-1.008521E-5	2.841676E-2	2.952262E+2	2.687988E+1	6.000000E+2
6.171432E+3	8.780000E+2	0.000000E+0	-1.344878E-4	-3.278946E-4	2.884785E-2	2.952271E+2	2.687988E+1	6.000000E+2
6.172760E+3	8.850000E+2	0.000000E+0	-1.963140E-4	-2.598100E-4	2.920634E-2	2.952242E+2	2.685547E+1	6.000000E+2
6.173980E+3	8.920000E+2	0.000000E+0	-2.462139E-4	-6.000997E-4	3.068792E-2	2.952249E+2	2.685547E+1	6.000000E+2
6.175420E+3	8.990000E+2	0.000000E+0	-6.587419E-4	-5.938148E-4	3.102145E-2	2.952357E+2	2.685547E+1	6.000000E+2
6.176642E+3	9.060000E+2	0.000000E+0	-7.895451E-4	-7.877765E-4	3.157052E-2	2.952259E+2	2.687988E+1	6.000000E+2
6.177973E+3	9.130000E+2	0.000000E+0	-8.656835E-4	-1.042993E-3	3.238732E-2	2.952196E+2	2.690430E+1	6.000000E+2
6.179192E+3	9.200000E+2	0.000000E+0	-6.127150E-4	-8.811742E-4	3.274354E-2	2.952270E+2	2.690430E+1	6.000000E+2
6.180522E+3	9.270000E+2	0.000000E+0	-6.308148E-4	-1.206329E-3	3.391429E-2	2.952155E+2	2.687988E+1	6.000000E+2
6.181851E+3	9.340000E+2	0.000000E+0	-4.486416E-4	-6.483183E-4	3.391655E-2	2.952174E+2	2.687988E+1	6.000000E+2
6.183182E+3	9.410000E+2	0.000000E+0	-4.039059E-4	-3.254670E-4	3.489672E-2	2.952242E+2	2.687988E+1	6.000000E+2
6.184399E+3	9.480000E+2	0.000000E+0	-5.124620E-5	1.400265E-4	3.555016E-2	2.952188E+2	2.685547E+1	6.000000E+2
6.185837E+3	9.550000E+2	0.000000E+0	2.884244E-4	2.342561E-4	3.651897E-2	2.951919E+2	2.685547E+1	6.000000E+2
6.201222E+3	9.620000E+2	0.000000E+0	4.810043E-4	4.263310E-4	3.679124E-2	2.952238E+2	2.685547E+1	5.990000E+2
6.202548E+3	9.690000E+2	0.000000E+0	3.577004E-4	7.857936E-4	3.789619E-2	2.952319E+2	2.685547E+1	5.990000E+2
6.203876E+3	9.760000E+2	0.000000E+0	1.893446E-4	6.218554E-4	3.851106E-2	2.952354E+2	2.685547E+1	5.990000E+2
6.205205E+3	9.830000E+2	0.000000E+0	4.356315E-5	6.934075E-4	3.851560E-2	2.952306E+2	2.687988E+1	5.990000E+2
6.206528E+3	9.900000E+2	0.000000E+0	2.970405E-5	2.033651E-5	3.999491E-2	2.952246E+2	2.687988E+1	5.990000E+2
6.207856E+3	9.970000E+2	0.000000E+0	-1.316292E-4	-2.862902E-4	4.033979E-2	2.952132E+2	2.687988E+1	5.990000E+2
6.209074E+3	1.004000E+3	0.000000E+0	-3.523967E-4	-7.620512E-4	4.113844E-2	2.952156E+2	2.687988E+1	5.990000E+2
6.210509E+3	1.011000E+3	0.000000E+0	-1.059924E-3	-1.642159E-3	4.186221E-2	2.952088E+2	2.687988E+1	5.990000E+2
6.211836E+3	1.018000E+3	0.000000E+0	-1.242261E-3	-2.422526E-3	4.293994E-2	2.951961E+2	2.687988E+1	5.990000E+2
6.213045E+3	1.025000E+3	0.000000E+0	-1.730343E-3	-2.869052E-3	4.308741E-2	2.951995E+2	2.687988E+1	5.990000E+2
6.214372E+3	1.032000E+3	0.000000E+0	-2.245279E-3	-3.707642E-3	4.438068E-2	2.952090E+2	2.690430E+1	5.990000E+2
6.215696E+3	1.039000E+3	0.000000E+0	-2.901534E-3	-5.659610E-3	4.527236E-2	2.952145E+2	2.690430E+1	5.990000E+2
6.217031E+3	1.046000E+3	0.000000E+0	-3.893495E-3	-7.657081E-3	4.549471E-2	2.952131E+2	2.687988E+1	5.990000E+2
6.232427E+3	1.053000E+3	0.000000E+0	-5.372415E-3	-1.048831E-2	4.668587E-2	2.952041E+2	2.687988E+1	5.960000E+2
6.233756E+3	1.060000E+3	0.000000E+0	-8.758091E-3	-1.608107E-2	4.739831E-2	2.952162E+2	2.687988E+1	5.960000E+2
6.235078E+3	1.067000E+3	0.000000E+0	-1.290061E-2	-2.079546E-2	4.799956E-2	2.952111E+2	2.687988E+1	5.960000E+2
6.236402E+3	1.074000E+3	0.000000E+0	-1.678974E-2	-2.850489E-2	4.871880E-2	2.952040E+2	2.687988E+1	5.960000E+2
6.237730E+3	1.081000E+3	0.000000E+0	-2.156414E-2	-3.634163E-2	5.005291E-2	2.951989E+2	2.690430E+1	5.960000E+2
6.238949E+3	1.088000E+3	0.000000E+0	-2.851688E-2	-4.493728E-2	5.082660E-2	2.951977E+2	2.690430E+1	5.960000E+2
6.240277E+3	1.095000E+3	0.000000E+0	-3.167131E-2	-5.165244E-2	5.150273E-2	2.952042E+2	2.687988E+1	5.960000E+2
6.241607E+3	1.102000E+3	0.000000E+0	-3.554962E-2	-5.700967E-2	5.253281E-2	2.952089E+2	2.687988E+1	5.960000E+2
6.242940E+3	1.109000E+3	0.000000E+0	-3.456074E-2	-5.798477E-2	5.327473E-2	2.952095E+2	2.687988E+1	5.960000E+2
6.244259E+3	1.116000E+3	0.000000E+0	-3.247321E-2	-5.624840E-2	5.377616E-2	2.952098E+2	2.687988E+1	5.960000E+2
6.245585E+3	1.123000E+3	0.000000E+0	-2.766110E-2	-4.282374E-2	5.429800E-2	2.952298E+2	2.687988E+1	5.960000E+2
6.246904E+3	1.130000E+3	0.000000E+0	-1.458501E-2	-2.286046E-2	5.560262E-2	2.952202E+2	2.687988E+1	5.960000E+2
6.248233E+3	1.137000E+3	0.000000E+0	4.084766E-3	1.291406E-3	5.643303E-2	2.952225E+2	2.687988E+1	5.960000E+2
6.263725E+3	1.144000E+3	0.000000E+0	1.570644E-2	2.905607E-2	5.717723E-2	2.952253E+2	2.687988E+1	5.960000E+2
6.265054E+3	1.151000E+3	0.000000E+0	3.604418E-2	5.975696E-2	5.797815E-2	2.952002E+2	2.687988E+1	5.960000E+2
6.266270E+3	1.158000E+3	0.000000E+0	5.451861E-2	8.957377E-2	5.921923E-2	2.952156E+2	2.687988E+1	5.960000E+2
6.267601E+3	1.165000E+3	0.000000E+0	6.896392E-2	1.106762E-1	5.964351E-2	2.952109E+2	2.687988E+1	5.960000E+2
6.268927E+3	1.172000E+3	0.000000E+0	7.832898E-2	1.209926E-1	6.119090E-2	2.952179E+2	2.687988E+1	5.960000E+2
6.270254E+3	1.179000E+3	0.000000E+0	7.472797E-2	1.270821E-1	6.160383E-2	2.952163E+2	2.687988E+1	5.960000E+2
6.271583E+3	1.186000E+3	0.000000E+0	7.321417E-2	1.225501E-1	6.316256E-2	2.952131E+2	2.687988E+1	5.960000E+2
6.272918E+3	1.193000E+3	0.000000E+0	6.714773E-2	1.063655E-1	6.417903E-2	2.952165E+2	2.690430E+1	5.960000E+2
6.274244E+3	1.200000E+3	0.000000E+0	4.870414E-2	7.948454E-2	6.555624E-2	2.952262E+2	2.690430E+1	5.960000E+2
6.275574E+3	1.207000E+3	0.000000E+0	3.444190E-2	5.475210E-2	6.664985E-2	2.952227E+2	2.687988E+1	5.960000E+2
6.276902E+3	1.214000E+3	0.000000E+0	1.481008E-2	2.254128E-2	6.814732E-2	2.952073E+2	2.687988E+1	5.960000E+2
6.278121E+3	1.221000E+3	0.000000E+0	-4.783009E-3	-3.774566E-3	6.929311E-2	2.951945E+2	2.687988E+1	5.960000E+2
6.279448E+3	1.228000E+3	0.000000E+0	-1.420448E-2	-2.027293E-2	7.037310E-2	2.952098E+2	2.687988E+1	5.960000E+2
6.295058E+3	1.235000E+3	0.000000E+0	-2.501070E-2	-4.398062E-2	7.181384E-2	2.952243E+2	2.685547E+1	5.970000E+2
6.296392E+3	1.242000E+3	0.000000E+0	-3.247776E-2	-5.251950E-2	7.355635E-2	2.952128E+2	2.685547E+1	5.970000E+2
6.297723E+3	1.249000E+3	0.000000E+0	-3.442380E-2	-5.587364E-2	7.464088E-2	2.952221E+2	2.685547E+1	5.970000E+2
6.298941E+3	1.256000E+3	0.000000E+0	-3.323916E-2	-5.517771E-2	7.512416E-2	2.952290E+2	2.687988E+1	5.970000E+2
6.300274E+3	1.263000E+3	0.000000E+0	-3.182904E-2	-5.243522E-2	7.690524E-2	2.952045E+2	2.687988E+1	5.970000E+2
6.301602E+3	1.270000E+3	0.000000E+0	-2.777706E-2	-4.587142E-2	7.840270E-2	2.952254E+2	2.685547E+1	5.970000E+2
6.302931E+3	1.277000E+3	0.000000E+0	-2.516142E-2	-4.104369E-2	7.913102E-2	2.952316E+2	2.685547E+1	5.970000E+2
6.304156E+3	1.284000E+3	0.000000E+0	-2.007687E-2	-3.248559E-2	7.968690E-2	2.952254E+2	2.687988E+1	5.970000E+2
6.305484E+3	1.291000E+3	0.000000E+0	-1.609352E-2	-2.523249E-2	8.116848E-2	2.952100E+2	2.685547E+1	5.970000E+2
6.306811E+3	1.298000E+3	0.000000E+0	-1.048247E-2	-1.701264E-2	8.220764E-2	2.952174E+2	2.685547E+1	5.970000E+2
6.308026E+3	1.305000E+3	0.000000E+0	-5.949294E-3	-9.751172E-3	8.301309E-2	2.952246E+2	2.685547E+1	5.970000E+2
6.309466E+3	1.312000E+3	0.000000E+0	-2.720383E-3	-4.153295E-3	8.350090E-2	2.952057E+2	2.685547E+1	5.970000E+2
6.310794E+3	1.319000E+3	0.000000E+0	8.576050E-4	2.569439E-3	8.419745E-2	2.952086E+2	2.685547E+1	5.970000E+2
6.325922E+3	1.326000E+3	0.000000E+0	3.279073E-3	5.908196E-3	8.525022E-2	2.951971E+2	2.685547E+1	6.000000E+2
6.327242E+3	1.333000E+3	0.000000E+0	4.789797E-3	7.178287E-3	8.557240E-2	2.952096E+2	2.685547E+1	6.000000E+2
6.328560E+3	1.340000E+3	0.000000E+0	4.907430E-3	6.691300E-3	8.633248E-2	2.952093E+2	2.685547E+1	6.000000E+2
6.329883E+3	1.347000E+3	0.000000E+0	3.477864E-3	5.458257E-3	8.711978E-2	2.952126E+2	2.685547E+1	6.000000E+2
6.331214E+3	1.354000E+3	0.000000E+0	1.610109E-3	3.220637E-3	8.745785E-2	2.952116E+2	2.685547E+1	6.000000E+2
6.332540E+3	1.361000E+3	0.000000E+0	-1.059413E-5	6.433768E-4	8.775281E-2	2.952162E+2	2.685547E+1	6.000000E+2
6.333869E+3	1.368000E+3	0.000000E+0	-2.255238E-3	-3.632696E-3	8.819070E-2	2.952178E+2	2.685547E+1	6.000000E+2
6.335084E+3	1.375000E+3	0.000000E+0	-4.890627E-3	-7.544383E-3	8.865582E-2	2.952241E+2	2.685547E+1	6.000000E+2
6.336405E+3	1.382000E+3	0.000000E+0	-7.496510E-3	-1.173741E-2	8.913910E-2	2.952107E+2	2.685547E+1	6.000000E+2
6.337736E+3	1.389000E+3	0.000000E+0	-1.072111E-2	-1.780296E-2	8.935691E-2	2.952111E+2	2.685547E+1	6.000000E+2
6.339067E+3	1.396000E+3	0.000000E+0	-1.416098E-2	-2.322394E-2	8.977666E-2	2.952116E+2	2.685547E+1	6.000000E+2
6.340382E+3	1.403000E+3	0.000000E+0	-1.869691E-2	-3.001943E-2	9.026220E-2	2.952330E+2	2.685547E+1	6.000000E+2
6.341696E+3	1.410000E+3	0.000000E+0	-2.115280E-2	-3.380793E-2	9.084757E-2	2.952256E+2	2.685547E+1	6.000000E+2
6.357212E+3	1.417000E+3	0.000000E+0	-2.290486E-2	-3.876080E-2	9.106312E-2	2.952151E+2	2.685547E+1	6.000000E+2
6.358539E+3	1.424000E+3	0.000000E+0	-2.365011E-2	-3.787028E-2	9.120379E-2	2.952126E+2	2.685547E+1	6.000000E+2
6.359859E+3	1.431000E+3	0.000000E+0	-1.945516E-2	-3.005277E-2	9.165984E-2	2.952172E+2	2.685547E+1	6.000000E+2
6.361176E+3	1.438000E+3	0.000000E+0	-8.356903E-3	-1.901284E-2	9.217943E-2	2.952230E+2	2.685547E+1	6.000000E+2
6.362488E+3	1.445000E+3	0.000000E+0	-4.445159E-3	-8.237909E-3	9.231558E-2	2.952137E+2	2.685547E+1	6.000000E+2
6.363815E+3	1.452000E+3	0.000000E+0	1.061430E-2	1.960354E-2	9.329587E-2	2.952239E+2	2.685547E+1	6.000000E+2
6.365143E+3	1.459000E+3	0.000000E+0	2.313702E-2	3.636801E-2	9.373380E-2	2.952297E+2	2.685547E+1	6.000000E+2
6.366471E+3	1.466000E+3	0.000000E+0	3.575384E-2	6.000327E-2	9.443955E-2	2.952140E+2	2.685547E+1	6.000000E+2
6.367797E+3	1.473000E+3	0.000000E+0	4.633105E-2	6.751683E-2	9.490487E-2	2.952250E+2	2.685547E+1	6.000000E+2
6.369015E+3	1.480000E+3	0.000000E+0	4.261129E-2	6.977397E-2	9.587422E-2	2.952247E+2	2.685547E+1	6.000000E+2
6.370345E+3	1.487000E+3	0.000000E+0	3.999885E-2	7.204796E-2	9.681852E-2	2.952206E+2	2.685547E+1	6.000000E+2
6.371672E+3	1.494000E+3	0.000000E+0	3.823519E-2	5.943230E-2	9.693656E-2	2.952221E+2	2.685547E+1	6.000000E+2
6.373006E+3	1.501000E+3	0.000000E+0	2.302191E-2	3.818982E-2	9.902296E-2	2.952073E+2	2.685547E+1	6.000000E+2
6.388163E+3	1.508000E+3	0.000000E+0	1.218766E-2	1.823856E-2	1.001473E-1	2.952113E+2	2.685547E+1	5.990000E+2
6.389489E+3	1.515000E+3	0.000000E+0	4.651331E-4	-9.107075E-4	1.010237E-1	2.952073E+2	2.685547E+1	5.990000E+2
6.390814E+3	1.522000E+3	0.000000E+0	-1.515235E-2	-1.624243E-2	1.021710E-1	2.952075E+2	2.685547E+1	5.990000E+2
6.392137E+3	1.529000E+3	0.000000E+0	-1.573020E-2	-2.205929E-2	1.038040E-1	2.952199E+2	2.685547E+1	5.990000E+2
6.393576E+3	1.536000E+3	0.000000E+0	-1.771219E-2	-3.077394E-2	1.052323E-1	2.952367E+2	2.685547E+1	5.990000E+2
6.394798E+3	1.543000E+3	0.000000E+0	-1.883339E-2	-3.035174E-2	1.064681E-1	2.952267E+2	2.685547E+1	5.990000E+2
6.396119E+3	1.550000E+3	0.000000E+0	-1.351230E-2	-2.261379E-2	1.087370E-1	2.952331E+2	2.685547E+1	5.990000E+2
6.397443E+3	1.557000E+3	0.000000E+0	-9.009675E-3	-1.681735E-2	1.102879E-1	2.952270E+2	2.685547E+1	5.990000E+2
6.398767E+3	1.564000E+3	0.000000E+0	-7.363638E-3	-9.735128E-3	1.114396E-1	2.952288E+2	2.685547E+1	5.990000E+2
6.399983E+3	1.571000E+3	0.000000E+0	-3.469927E-3	-3.156868E-3	1.126594E-1	2.952216E+2	2.685547E+1	5.990000E+2
6.401419E+3	1.578000E+3	0.000000E+0	-8.568165E-4	-1.139876E-3	1.144534E-1	2.952128E+2	2.685547E+1	5.990000E+2
6.402742E+3	1.585000E+3	0.000000E+0	-1.137282E-3	-1.950024E-3	1.167017E-1	2.952082E+2	2.685547E+1	5.990000E+2
6.404067E+3	1.592000E+3	0.000000E+0	-2.047020E-3	-3.077717E-3	1.177534E-1	2.952031E+2	2.685547E+1	5.990000E+2
6.419341E+3	1.599000E+3	0.000000E+0	-2.448787E-3	-4.186290E-3	1.198517E-1	2.952152E+2	2.685547E+1	5.970000E+2
6.420780E+3	1.606000E+3	0.000000E+0	-2.562313E-3	-5.646693E-3	1.215073E-1	2.952144E+2	2.685547E+1	5.970000E+2
6.422106E+3	1.613000E+3	0.000000E+0	-3.236367E-3	-6.186376E-3	1.220410E-1	2.952040E+2	2.685547E+1	5.970000E+2
6.423423E+3	1.620000E+3	0.000000E+0	-2.915870E-3	-6.080359E-3	1.240234E-1	2.952183E+2	2.685547E+1	5.970000E+2
6.424749E+3	1.627000E+3	0.000000E+0	-2.807207E-3	-5.561002E-3	1.252198E-1	2.952021E+2	2.680664E+1	5.970000E+2
6.425957E+3	1.634000E+3	0.000000E+0	-1.973825E-3	-3.818502E-3	1.264389E-1	2.952024E+2	2.680664E+1	5.970000E+2
6.427271E+3	1.641000E+3	0.000000E+0	-1.649684E-3	-3.168706E-3	1.274945E-1	2.952061E+2	2.680664E+1	5.970000E+2
6.428591E+3	1.648000E+3	0.000000E+0	-1.374791E-3	-2.219547E-3	1.286409E-1	2.952036E+2	2.680664E+1	5.970000E+2
6.429915E+3	1.655000E+3	0.000000E+0	-1.410048E-3	-1.964433E-3	1.295304E-1	2.952042E+2	2.680664E+1	5.970000E+2
6.431234E+3	1.662000E+3	0.000000E+0	-1.308352E-3	-1.740893E-3	1.298732E-1	2.952132E+2	2.680664E+1	5.970000E+2
6.432550E+3	1.669000E+3	0.000000E+0	-9.860446E-4	-1.507804E-3	1.309739E-1	2.952134E+2	2.680664E+1	5.970000E+2
6.433863E+3	1.676000E+3	0.000000E+0	-1.334490E-3	-1.263231E-3	1.313165E-1	2.952184E+2	2.680664E+1	5.970000E+2
6.435074E+3	1.683000E+3	0.000000E+0	-8.406767E-4	-9.533662E-4	1.320721E-1	2.952061E+2	2.680664E+1	5.970000E+2
6.450828E+3	1.690000E+3	0.000000E+0	-9.436166E-4	-1.177965E-3	1.326211E-1	2.952149E+2	2.685547E+1	6.000000E+2
6.452160E+3	1.697000E+3	0.000000E+0	-8.554720E-4	-9.131455E-4	1.329343E-1	2.952121E+2	2.685547E+1	6.000000E+2
6.453380E+3	1.704000E+3	0.000000E+0	-5.064153E-4	-9.480760E-4	1.329864E-1	2.952009E+2	2.685547E+1	6.000000E+2
6.454711E+3	1.711000E+3	0.000000E+0	-7.553274E-4	-8.608708E-4	1.332519E-1	2.952130E+2	2.685547E+1	6.000000E+2
6.456039E+3	1.718000E+3	0.000000E+0	-7.630086E-4	-1.104655E-3	1.334448E-1	2.952224E+2	2.685547E+1	6.000000E+2
6.457260E+3	1.725000E+3	0.000000E+0	-8.471883E-4	-1.112731E-3	1.334085E-1	2.952177E+2	2.680664E+1	6.000000E+2
6.458590E+3	1.732000E+3	0.000000E+0	-9.193398E-4	-1.187130E-3	1.335060E-1	2.952216E+2	2.680664E+1	6.000000E+2
6.459913E+3	1.739000E+3	0.000000E+0	-1.309452E-3	-1.713978E-3	1.335514E-1	2.952145E+2	2.680664E+1	6.000000E+2
6.461126E+3	1.746000E+3	0.000000E+0	-1.423470E-3	-1.516445E-3	1.334402E-1	2.952165E+2	2.685547E+1	6.000000E+2
6.462454E+3	1.753000E+3	0.000000E+0	-1.228487E-3	-2.020434E-3	1.333790E-1	2.952169E+2	2.685547E+1	6.000000E+2
6.463781E+3	1.760000E+3	0.000000E+0	-1.554279E-3	-2.291767E-3	1.335559E-1	2.952137E+2	2.685547E+1	6.000000E+2
6.465109E+3	1.767000E+3	0.000000E+0	-1.488287E-3	-2.930623E-3	1.335242E-1	2.952305E+2	2.685547E+1	6.000000E+2
6.466548E+3	1.774000E+3	0.000000E+0	-1.801413E-3	-3.447942E-3	1.337125E-1	2.952240E+2	2.685547E+1	6.000000E+2
6.480922E+3	1.781000E+3	0.000000E+0	-2.320197E-3	-5.250936E-3	1.336830E-1	2.952107E+2	2.685547E+1	6.000000E+2
6.482247E+3	1.788000E+3	0.000000E+0	-5.562245E-3	-1.026406E-2	1.340437E-1	2.952115E+2	2.685547E+1	6.000000E+2
6.483575E+3	1.795000E+3	0.000000E+0	-1.036610E-2	-1.730492E-2	1.343069E-1	2.952159E+2	2.685547E+1	6.000000E+2
6.485011E+3	1.802000E+3	0.000000E+0	-1.666522E-2	-2.463195E-2	1.347108E-1	2.952068E+2	2.685547E+1	6.000000E+2
6.486340E+3	1.809000E+3	0.000000E+0	-2.632298E-2	-3.941493E-2	1.349082E-1	2.952121E+2	2.685547E+1	6.000000E+2
6.487560E+3	1.816000E+3	0.000000E+0	-3.379519E-2	-5.409239E-2	1.352395E-1	2.952009E+2	2.685547E+1	6.000000E+2
6.488882E+3	1.823000E+3	0.000000E+0	-4.399363E-2	-7.261354E-2	1.357137E-1	2.952073E+2	2.685547E+1	6.000000E+2
6.490208E+3	1.830000E+3	0.000000E+0	-4.930080E-2	-7.803880E-2	1.364102E-1	2.952081E+2	2.685547E+1	6.000000E+2
6.491424E+3	1.837000E+3	0.000000E+0	-5.048609E-2	-7.163103E-2	1.373450E-1	2.952152E+2	2.685547E+1	6.000000E+2
6.492750E+3	1.844000E+3	0.000000E+0	-3.758292E-2	-5.750893E-2	1.379621E-1	2.952013E+2	2.685547E+1	6.000000E+2
6.494177E+3	1.851000E+3	0.000000E+0	-2.042772E-2	-3.551058E-2	1.393530E-1	2.952146E+2	2.685547E+1	6.000000E+2
6.495494E+3	1.858000E+3	0.000000E+0	-3.824764E-3	-1.189887E-2	1.404897E-1	2.952210E+2	2.685547E+1	6.000000E+2
6.496825E+3	1.865000E+3	0.000000E+0	7.422272E-3	1.252342E-2	1.411681E-1	2.952199E+2	2.685547E+1	6.000000E+2
6.512223E+3	1.872000E+3	0.000000E+0	2.068683E-2	2.599495E-2	1.428244E-1	2.952170E+2	2.685547E+1	5.960000E+2
6.513442E+3	1.879000E+3	0.000000E+0	1.364149E-2	-4.306749E-3	1.440201E-1	2.952178E+2	2.685547E+1	5.960000E+2
6.514771E+3	1.886000E+3	0.000000E+0	-1.559140E-2	-2.482696E-2	1.452838E-1	2.952117E+2	2.680664E+1	5.960000E+2
6.515992E+3	1.893000E+3	0.000000E+0	-4.045349E-2	-5.105564E-2	1.455538E-1	2.952119E+2	2.680664E+1	5.960000E+2
6.517316E+3	1.900000E+3	0.000000E+0	-4.907232E-2	-8.161208E-2	1.469265E-1	2.952153E+2	2.685547E+1	5.960000E+2
6.518646E+3	1.907000E+3	0.000000E+0	-6.774547E-2	-1.070596E-1	1.483877E-1	2.952048E+2	2.680664E+1	5.960000E+2
6.519974E+3	1.914000E+3	0.000000E+0	-7.318307E-2	-8.554932E-2	1.492703E-1	2.952255E+2	2.680664E+1	5.960000E+2
6.521299E+3	1.921000E+3	0.000000E+0	-4.180509E-2	-2.247995E-2	1.506271E-1	2.952183E+2	2.680664E+1	5.960000E+2
6.522619E+3	1.928000E+3	0.000000E+0	1.254249E-2	5.223271E-2	1.519045E-1	2.952339E+2	2.680664E+1	5.960000E+2
6.523952E+3	1.935000E+3	0.000000E+0	7.748020E-2	1.266001E-1	1.530911E-1	2.952432E+2	2.680664E+1	5.960000E+2
6.525283E+3	1.942000E+3	0.000000E+0	1.235914E-1	2.029375E-1	1.544048E-1	2.952333E+2	2.680664E+1	5.960000E+2
6.526503E+3	1.949000E+3	0.000000E+0	1.485452E-1	2.663800E-1	1.556799E-1	2.952454E+2	2.680664E+1	5.960000E+2
6.527944E+3	1.956000E+3	0.000000E+0	1.688835E-1	3.225130E-1	1.576833E-1	2.952199E+2	2.680664E+1	5.960000E+2
6.543117E+3	1.963000E+3	0.000000E+0	1.822533E-1	3.273437E-1	1.581870E-1	2.952246E+2	2.680664E+1	5.990000E+2
6.544447E+3	1.970000E+3	0.000000E+0	1.647527E-1	2.747777E-1	1.589584E-1	2.952054E+2	2.680664E+1	5.990000E+2
6.545772E+3	1.977000E+3	0.000000E+0	9.699228E-2	1.627605E-1	1.596119E-1	2.952191E+2	2.680664E+1	5.990000E+2
6.546992E+3	1.984000E+3	0.000000E+0	4.867718E-2	7.425174E-2	1.595960E-1	2.952135E+2	2.680664E+1	5.990000E+2
6.548321E+3	1.991000E+3	0.000000E+0	-1.975462E-2	-6.394322E-2	1.602336E-1	2.952094E+2	2.685547E+1	5.990000E+2
6.549755E+3	1.998000E+3	0.000000E+0	-5.741379E-2	-1.317782E-1	1.603833E-1	2.952066E+2	2.685547E+1	5.990000E+2
6.551082E+3	2.005000E+3	0.000000E+0	-9.226692E-2	-1.874485E-1	1.609778E-1	2.952066E+2	2.680664E+1	5.990000E+2
6.552297E+3	2.012000E+3	0.000000E+0	-9.787826E-2	-1.892792E-1	1.609573E-1	2.951983E+2	2.680664E+1	5.990000E+2
6.553625E+3	2.019000E+3	0.000000E+0	-8.344799E-2	-1.479463E-1	1.615359E-1	2.952164E+2	2.680664E+1	5.990000E+2
6.554949E+3	2.026000E+3	0.000000E+0	-5.113192E-2	-8.136427E-2	1.618445E-1	2.952184E+2	2.680664E+1	5.990000E+2
6.556279E+3	2.033000E+3	0.000000E+0	-1.787320E-2	-1.863639E-2	1.624480E-1	2.952126E+2	2.680664E+1	5.990000E+2
6.557497E+3	2.040000E+3	0.000000E+0	2.508528E-2	5.971202E-2	1.624979E-1	2.952195E+2	2.680664E+1	5.990000E+2
6.558831E+3	2.047000E+3	0.000000E+0	4.712486E-2	9.918112E-2	1.624934E-1	2.952193E+2	2.680664E+1	5.990000E+2
6.574225E+3	2.054000E+3	0.000000E+0	6.252787E-2	1.226601E-1	1.624253E-1	2.952135E+2	2.680664E+1	5.990000E+2
6.575549E+3	2.061000E+3	0.000000E+0	5.637205E-2	1.068474E-1	1.626545E-1	2.951950E+2	2.680664E+1	5.990000E+2
6.576875E+3	2.068000E+3	0.000000E+0	4.577195E-2	8.036060E-2	1.627157E-1	2.952179E+2	2.680664E+1	5.990000E+2
6.578203E+3	2.075000E+3	0.000000E+0	1.864013E-2	3.237760E-2	1.630674E-1	2.952124E+2	2.680664E+1	5.990000E+2
6.579541E+3	2.082000E+3	0.000000E+0	-4.241334E-3	-6.027911E-4	1.632105E-1	2.952026E+2	2.680664E+1	5.990000E+2
6.580762E+3	2.089000E+3	0.000000E+0	-3.561927E-2	-4.659229E-2	1.633511E-1	2.952183E+2	2.680664E+1	5.990000E+2
6.582093E+3	2.096000E+3	0.000000E+0	-5.719511E-2	-7.972900E-2	1.642976E-1	2.952261E+2	2.680664E+1	5.990000E+2
6.583423E+3	2.103000E+3	0.000000E+0	-6.522125E-2	-1.002855E-1	1.656276E-1	2.952204E+2	2.680664E+1	5.990000E+2
6.584860E+3	2.110000E+3	0.000000E+0	-6.187928E-2	-1.044685E-1	1.660454E-1	2.952163E+2	2.680664E+1	5.990000E+2
6.586185E+3	2.117000E+3	0.000000E+0	-5.346982E-2	-8.991451E-2	1.670081E-1	2.952245E+2	2.680664E+1	5.990000E+2
6.587509E+3	2.124000E+3	0.000000E+0	-3.957386E-2	-6.390309E-2	1.686381E-1	2.952194E+2	2.680664E+1	5.990000E+2
