8.176029E+3	2.133000E+3	0.000000E+0	-2.979441E-2	-5.027083E-2	1.702487E-1	2.952375E+2	2.675781E+1	8.980000E+2
8.191105E+3	8.500000E+2	0.000000E+0	2.951691E-2	-5.854808E-2	2.602308E-2	2.952126E+2	2.675781E+1	8.990000E+2
8.192433E+3	8.570000E+2	0.000000E+0	9.970955E-6	-1.031346E-4	2.657215E-2	2.952190E+2	2.678223E+1	8.990000E+2
8.193761E+3	8.640000E+2	0.000000E+0	9.670111E-5	-1.461803E-4	2.728459E-2	2.952245E+2	2.678223E+1	8.990000E+2
8.195088E+3	8.710000E+2	0.000000E+0	-1.335090E-4	-3.083071E-4	2.800609E-2	2.952303E+2	2.675781E+1	8.990000E+2
8.196417E+3	8.780000E+2	0.000000E+0	-2.721591E-4	-4.048387E-4	2.882516E-2	2.952367E+2	2.678223E+1	8.990000E+2
8.197745E+3	8.850000E+2	0.000000E+0	-4.652948E-4	-7.301506E-4	2.942188E-2	2.952430E+2	2.678223E+1	8.990000E+2
8.199073E+3	8.920000E+2	0.000000E+0	-5.539029E-4	-8.140054E-4	3.039524E-2	2.952436E+2	2.675781E+1	8.990000E+2
8.200400E+3	8.990000E+2	0.000000E+0	-6.448003E-4	-9.402161E-4	3.077868E-2	2.952351E+2	2.675781E+1	8.990000E+2
8.201619E+3	9.060000E+2	0.000000E+0	-7.142252E-4	-1.465704E-3	3.152741E-2	2.952340E+2	2.675781E+1	8.990000E+2
8.203058E+3	9.130000E+2	0.000000E+0	-7.799157E-4	-1.175308E-3	3.185186E-2	2.952360E+2	2.678223E+1	8.990000E+2
8.204277E+3	9.200000E+2	0.000000E+0	-7.204366E-4	-1.158804E-3	3.275715E-2	2.952471E+2	2.675781E+1	8.990000E+2
8.205607E+3	9.270000E+2	0.000000E+0	-6.620652E-4	-9.842732E-4	3.366698E-2	2.952332E+2	2.675781E+1	8.990000E+2
8.206933E+3	9.340000E+2	0.000000E+0	-4.827249E-4	-8.269182E-4	3.418202E-2	2.952332E+2	2.675781E+1	8.990000E+2
8.222889E+3	9.410000E+2	0.000000E+0	-4.226634E-4	-5.894153E-4	3.496251E-2	2.952256E+2	2.675781E+1	8.980000E+2
8.224327E+3	9.480000E+2	0.000000E+0	-3.523465E-4	-4.270161E-4	3.509638E-2	2.952241E+2	2.678223E+1	8.980000E+2
8.225659E+3	9.550000E+2	0.000000E+0	-2.839981E-4	-1.919029E-4	3.631704E-2	2.952108E+2	2.678223E+1	8.980000E+2
8.226989E+3	9.620000E+2	0.000000E+0	-8.405838E-5	5.816162E-5	3.703628E-2	2.952193E+2	2.675781E+1	8.980000E+2
8.228204E+3	9.690000E+2	0.000000E+0	1.744370E-4	1.648455E-4	3.744241E-2	2.952132E+2	2.675781E+1	8.980000E+2
8.229643E+3	9.760000E+2	0.000000E+0	-1.351299E-4	-2.076911E-4	3.829098E-2	2.952167E+2	2.675781E+1	8.980000E+2
8.230863E+3	9.830000E+2	0.000000E+0	-2.250264E-4	-5.065826E-4	3.884912E-2	2.952181E+2	2.675781E+1	8.980000E+2
8.232192E+3	9.900000E+2	0.000000E+0	-8.222843E-4	-8.492394E-4	3.942996E-2	2.952178E+2	2.678223E+1	8.980000E+2
8.233517E+3	9.970000E+2	0.000000E+0	-1.053201E-3	-1.555675E-3	4.039424E-2	2.952073E+2	2.678223E+1	8.980000E+2
8.234735E+3	1.004000E+3	0.000000E+0	-1.500405E-3	-2.282261E-3	4.110213E-2	2.951991E+2	2.675781E+1	8.980000E+2
8.236062E+3	1.011000E+3	0.000000E+0	-1.819317E-3	-3.339387E-3	4.184406E-2	2.952043E+2	2.675781E+1	8.980000E+2
8.237501E+3	1.018000E+3	0.000000E+0	-2.376603E-3	-4.118969E-3	4.209364E-2	2.952092E+2	2.675781E+1	8.980000E+2
8.238831E+3	1.025000E+3	0.000000E+0	-2.781797E-3	-5.980704E-3	4.333018E-2	2.952051E+2	2.675781E+1	8.980000E+2
8.254783E+3	1.032000E+3	0.000000E+0	-4.003093E-3	-7.863770E-3	4.417194E-2	2.952073E+2	2.675781E+1	9.010000E+2
8.256227E+3	1.039000E+3	0.000000E+0	-6.479833E-3	-1.079374E-2	4.490026E-2	2.951973E+2	2.675781E+1	9.010000E+2
8.257557E+3	1.046000E+3	0.000000E+0	-8.017011E-3	-1.384532E-2	4.543798E-2	2.951967E+2	2.675781E+1	9.010000E+2
8.258887E+3	1.053000E+3	0.000000E+0	-1.110909E-2	-1.857867E-2	4.660193E-2	2.951944E+2	2.675781E+1	9.010000E+2
8.260106E+3	1.060000E+3	0.000000E+0	-1.347036E-2	-2.319329E-2	4.732116E-2	2.952043E+2	2.675781E+1	9.010000E+2
8.261545E+3	1.067000E+3	0.000000E+0	-1.680277E-2	-3.022091E-2	4.823099E-2	2.952056E+2	2.675781E+1	9.010000E+2
8.262872E+3	1.074000E+3	0.000000E+0	-2.080317E-2	-3.828258E-2	4.928375E-2	2.951990E+2	2.675781E+1	9.010000E+2
8.264197E+3	1.081000E+3	0.000000E+0	-2.515718E-2	-4.524634E-2	5.006425E-2	2.952052E+2	2.675781E+1	9.010000E+2
8.265517E+3	1.088000E+3	0.000000E+0	-3.014981E-2	-5.279179E-2	5.077895E-2	2.952062E+2	2.675781E+1	9.010000E+2
8.266736E+3	1.095000E+3	0.000000E+0	-3.225178E-2	-5.709082E-2	5.110567E-2	2.951988E+2	2.675781E+1	9.010000E+2
8.268064E+3	1.102000E+3	0.000000E+0	-3.445676E-2	-6.090308E-2	5.250104E-2	2.952096E+2	2.675781E+1	9.010000E+2
8.269393E+3	1.109000E+3	0.000000E+0	-3.426754E-2	-5.729087E-2	5.305692E-2	2.952049E+2	2.675781E+1	9.010000E+2
8.270611E+3	1.116000E+3	0.000000E+0	-2.808635E-2	-4.520030E-2	5.399397E-2	2.951806E+2	2.675781E+1	9.010000E+2
8.286763E+3	1.123000E+3	0.000000E+0	-1.738729E-2	-3.114882E-2	5.467691E-2	2.952157E+2	2.670898E+1	8.970000E+2
8.288093E+3	1.130000E+3	0.000000E+0	-8.773125E-3	-1.697736E-2	5.531901E-2	2.952230E+2	2.670898E+1	8.970000E+2
8.289426E+3	1.137000E+3	0.000000E+0	6.288801E-3	1.423443E-2	5.618572E-2	2.952244E+2	2.675781E+1	8.970000E+2
8.290754E+3	1.144000E+3	0.000000E+0	2.050886E-2	3.798084E-2	5.716588E-2	2.952220E+2	2.675781E+1	8.970000E+2
8.292080E+3	1.151000E+3	0.000000E+0	4.066474E-2	7.055362E-2	5.772403E-2	2.952092E+2	2.675781E+1	8.970000E+2
8.293410E+3	1.158000E+3	0.000000E+0	5.118956E-2	9.090824E-2	5.906721E-2	2.952181E+2	2.675781E+1	8.970000E+2
8.294742E+3	1.165000E+3	0.000000E+0	6.709326E-2	1.180995E-1	6.055561E-2	2.952116E+2	2.675781E+1	8.970000E+2
8.296071E+3	1.172000E+3	0.000000E+0	7.707382E-2	1.287534E-1	6.086191E-2	2.952193E+2	2.675781E+1	8.970000E+2
8.297289E+3	1.179000E+3	0.000000E+0	7.866213E-2	1.299748E-1	6.272920E-2	2.952181E+2	2.675781E+1	8.970000E+2
8.298729E+3	1.186000E+3	0.000000E+0	7.332776E-2	1.246548E-1	6.378651E-2	2.952261E+2	2.675781E+1	8.970000E+2
8.300059E+3	1.193000E+3	0.000000E+0	6.536999E-2	1.152247E-1	6.403835E-2	2.952197E+2	2.675781E+1	8.970000E+2
8.301385E+3	1.200000E+3	0.000000E+0	5.346656E-2	9.542397E-2	6.596918E-2	2.952292E+2	2.675781E+1	8.970000E+2
8.302607E+3	1.207000E+3	0.000000E+0	4.288891E-2	7.508833E-2	6.666573E-2	2.952238E+2	2.675781E+1	8.970000E+2
8.318752E+3	1.214000E+3	0.000000E+0	2.369413E-2	4.196449E-2	6.828118E-2	2.952166E+2	2.675781E+1	8.980000E+2
8.320076E+3	1.221000E+3	0.000000E+0	1.047959E-2	2.175538E-2	6.898907E-2	2.952045E+2	2.675781E+1	8.980000E+2
8.321403E+3	1.228000E+3	0.000000E+0	-4.075780E-3	-7.104084E-3	7.038444E-2	2.952144E+2	2.675781E+1	8.980000E+2
8.322731E+3	1.235000E+3	0.000000E+0	-1.488326E-2	-2.903291E-2	7.171174E-2	2.952110E+2	2.675781E+1	8.980000E+2
8.324060E+3	1.242000E+3	0.000000E+0	-2.455218E-2	-4.596796E-2	7.294602E-2	2.952056E+2	2.673340E+1	8.980000E+2
8.325392E+3	1.249000E+3	0.000000E+0	-3.280928E-2	-5.725024E-2	7.328862E-2	2.952064E+2	2.673340E+1	8.980000E+2
8.326610E+3	1.256000E+3	0.000000E+0	-3.548035E-2	-6.046147E-2	7.536466E-2	2.952043E+2	2.675781E+1	8.980000E+2
8.327936E+3	1.263000E+3	0.000000E+0	-3.503811E-2	-6.016385E-2	7.640608E-2	2.952109E+2	2.673340E+1	8.980000E+2
8.329155E+3	1.270000E+3	0.000000E+0	-3.261405E-2	-5.717035E-2	7.748834E-2	2.951870E+2	2.673340E+1	8.980000E+2
8.330595E+3	1.277000E+3	0.000000E+0	-2.930438E-2	-5.072976E-2	7.887463E-2	2.951890E+2	2.675781E+1	8.980000E+2
8.331815E+3	1.284000E+3	0.000000E+0	-2.551345E-2	-4.398139E-2	7.943505E-2	2.951997E+2	2.675781E+1	8.980000E+2
8.333143E+3	1.291000E+3	0.000000E+0	-2.053406E-2	-3.517177E-2	8.042882E-2	2.951916E+2	2.675781E+1	8.980000E+2
8.334468E+3	1.298000E+3	0.000000E+0	-1.500696E-2	-2.601751E-2	8.086672E-2	2.951960E+2	2.675781E+1	8.980000E+2
8.335690E+3	1.305000E+3	0.000000E+0	-1.078280E-2	-1.936423E-2	8.197621E-2	2.952002E+2	2.675781E+1	8.980000E+2
8.351743E+3	1.312000E+3	0.000000E+0	-6.772894E-3	-1.020468E-2	8.300855E-2	2.951971E+2	2.675781E+1	9.010000E+2
8.353071E+3	1.319000E+3	0.000000E+0	-3.715796E-3	-4.730781E-3	8.370737E-2	2.952055E+2	2.670898E+1	9.010000E+2
8.354284E+3	1.326000E+3	0.000000E+0	-3.340241E-4	1.034830E-3	8.462400E-2	2.952132E+2	2.670898E+1	9.010000E+2
8.355607E+3	1.333000E+3	0.000000E+0	1.362726E-3	3.193741E-3	8.548165E-2	2.952007E+2	2.670898E+1	9.010000E+2
8.356937E+3	1.340000E+3	0.000000E+0	2.217895E-3	4.215003E-3	8.604887E-2	2.952227E+2	2.670898E+1	9.010000E+2
8.358262E+3	1.347000E+3	0.000000E+0	1.945759E-3	3.036513E-3	8.663878E-2	2.952310E+2	2.670898E+1	9.010000E+2
8.359479E+3	1.354000E+3	0.000000E+0	7.036477E-4	1.128129E-3	8.700407E-2	2.952307E+2	2.670898E+1	9.010000E+2
8.360809E+3	1.361000E+3	0.000000E+0	-1.706254E-3	-2.631243E-3	8.757583E-2	2.952224E+2	2.670898E+1	9.010000E+2
8.362137E+3	1.368000E+3	0.000000E+0	-3.613998E-3	-6.132563E-3	8.819751E-2	2.952148E+2	2.670898E+1	9.010000E+2
8.363463E+3	1.375000E+3	0.000000E+0	-7.412650E-3	-1.242488E-2	8.846524E-2	2.952261E+2	2.670898E+1	9.010000E+2
8.364790E+3	1.382000E+3	0.000000E+0	-9.985409E-3	-1.752036E-2	8.920263E-2	2.952256E+2	2.670898E+1	9.010000E+2
8.366114E+3	1.389000E+3	0.000000E+0	-1.392087E-2	-2.454562E-2	8.944086E-2	2.952433E+2	2.670898E+1	9.010000E+2
8.367335E+3	1.396000E+3	0.000000E+0	-1.731073E-2	-3.060043E-2	8.970859E-2	2.952331E+2	2.670898E+1	9.010000E+2
8.382606E+3	1.403000E+3	0.000000E+0	-2.011245E-2	-3.562665E-2	8.960422E-2	2.952120E+2	2.670898E+1	8.970000E+2
8.383932E+3	1.410000E+3	0.000000E+0	-2.158614E-2	-3.831206E-2	9.008069E-2	2.952171E+2	2.670898E+1	8.970000E+2
8.385259E+3	1.417000E+3	0.000000E+0	-2.077101E-2	-3.835727E-2	9.063883E-2	2.952116E+2	2.670898E+1	8.970000E+2
8.386587E+3	1.424000E+3	0.000000E+0	-1.863895E-2	-3.478723E-2	9.104952E-2	2.952097E+2	2.670898E+1	8.970000E+2
8.387915E+3	1.431000E+3	0.000000E+0	-1.300635E-2	-2.487226E-2	9.070463E-2	2.952055E+2	2.670898E+1	8.970000E+2
8.389134E+3	1.438000E+3	0.000000E+0	-7.547484E-3	-1.302373E-2	9.153052E-2	2.952152E+2	2.670898E+1	8.970000E+2
8.390460E+3	1.445000E+3	0.000000E+0	3.328942E-3	8.087545E-3	9.192535E-2	2.952208E+2	2.675781E+1	8.970000E+2
8.391791E+3	1.452000E+3	0.000000E+0	1.247869E-2	2.309593E-2	9.286249E-2	2.952119E+2	2.675781E+1	8.970000E+2
8.393119E+3	1.459000E+3	0.000000E+0	2.479026E-2	4.121795E-2	9.353650E-2	2.952269E+2	2.675781E+1	8.970000E+2
8.394333E+3	1.466000E+3	0.000000E+0	3.158009E-2	5.257710E-2	9.389736E-2	2.952377E+2	2.675781E+1	8.970000E+2
8.395664E+3	1.473000E+3	0.000000E+0	3.552769E-2	6.108141E-2	9.487106E-2	2.952207E+2	2.675781E+1	8.970000E+2
8.396994E+3	1.480000E+3	0.000000E+0	3.537757E-2	6.644221E-2	9.550009E-2	2.952130E+2	2.675781E+1	8.970000E+2
8.398321E+3	1.487000E+3	0.000000E+0	3.497020E-2	6.687117E-2	9.626735E-2	2.952129E+2	2.675781E+1	8.970000E+2
8.399420E+3	1.494000E+3	0.000000E+0	3.212067E-2	5.827755E-2	9.764095E-2	2.952108E+2	2.675781E+1	8.970000E+2
8.415350E+3	1.501000E+3	0.000000E+0	2.468036E-2	4.536560E-2	9.847415E-2	2.952156E+2	2.673340E+1	8.980000E+2
8.416456E+3	1.508000E+3	0.000000E+0	1.704433E-2	2.968784E-2	9.930533E-2	2.952340E+2	2.673340E+1	8.980000E+2
8.417560E+3	1.515000E+3	0.000000E+0	7.410666E-3	1.188776E-2	1.008384E-1	2.952250E+2	2.675781E+1	8.980000E+2
8.418663E+3	1.522000E+3	0.000000E+0	-4.643770E-4	-1.084748E-3	1.018422E-1	2.952234E+2	2.675781E+1	8.980000E+2
8.419768E+3	1.529000E+3	0.000000E+0	-1.012004E-2	-1.462307E-2	1.028278E-1	2.952252E+2	2.678223E+1	8.980000E+2
8.420872E+3	1.536000E+3	0.000000E+0	-1.492176E-2	-2.042411E-2	1.042155E-1	2.952143E+2	2.678223E+1	8.980000E+2
8.421878E+3	1.543000E+3	0.000000E+0	-1.524893E-2	-2.258857E-2	1.054328E-1	2.952231E+2	2.675781E+1	8.980000E+2
8.422984E+3	1.550000E+3	0.000000E+0	-1.379295E-2	-2.339170E-2	1.065228E-1	2.952161E+2	2.675781E+1	8.980000E+2
8.424295E+3	1.557000E+3	0.000000E+0	-1.280596E-2	-2.127381E-2	1.090730E-1	2.952168E+2	2.675781E+1	8.980000E+2
8.425625E+3	1.564000E+3	0.000000E+0	-1.064496E-2	-1.606106E-2	1.108834E-1	2.952210E+2	2.675781E+1	8.980000E+2
8.426846E+3	1.571000E+3	0.000000E+0	-6.481492E-3	-1.092755E-2	1.120484E-1	2.952183E+2	2.675781E+1	8.980000E+2
8.428175E+3	1.578000E+3	0.000000E+0	-4.011884E-3	-8.700879E-3	1.129386E-1	2.952235E+2	2.675781E+1	8.980000E+2
8.429506E+3	1.585000E+3	0.000000E+0	-3.303376E-3	-6.750600E-3	1.154707E-1	2.952195E+2	2.675781E+1	8.980000E+2
8.430836E+3	1.592000E+3	0.000000E+0	-3.603131E-3	-5.596686E-3	1.174010E-1	2.952173E+2	2.675781E+1	8.980000E+2
8.446562E+3	1.599000E+3	0.000000E+0	-2.795760E-3	-5.816678E-3	1.191134E-1	2.952254E+2	2.675781E+1	9.010000E+2
8.447887E+3	1.606000E+3	0.000000E+0	-3.100418E-3	-6.695576E-3	1.202989E-1	2.952214E+2	2.675781E+1	9.010000E+2
8.449212E+3	1.613000E+3	0.000000E+0	-3.361295E-3	-7.377797E-3	1.217156E-1	2.951988E+2	2.675781E+1	9.010000E+2
8.450431E+3	1.620000E+3	0.000000E+0	-3.602695E-3	-7.335867E-3	1.235030E-1	2.952196E+2	2.675781E+1	9.010000E+2
8.451761E+3	1.627000E+3	0.000000E+0	-3.710016E-3	-7.091444E-3	1.248334E-1	2.952100E+2	2.675781E+1	9.010000E+2
8.453092E+3	1.634000E+3	0.000000E+0	-3.176844E-3	-6.009744E-3	1.261096E-1	2.952166E+2	2.675781E+1	9.010000E+2
8.454421E+3	1.641000E+3	0.000000E+0	-2.835667E-3	-5.375007E-3	1.263024E-1	2.952170E+2	2.675781E+1	9.010000E+2
8.455637E+3	1.648000E+3	0.000000E+0	-2.248597E-3	-4.199009E-3	1.275445E-1	2.952111E+2	2.670898E+1	9.010000E+2
8.456961E+3	1.655000E+3	0.000000E+0	-1.946468E-3	-3.460062E-3	1.285751E-1	2.952162E+2	2.670898E+1	9.010000E+2
8.458291E+3	1.662000E+3	0.000000E+0	-1.824034E-3	-2.885567E-3	1.290993E-1	2.952143E+2	2.675781E+1	9.010000E+2
8.459620E+3	1.669000E+3	0.000000E+0	-1.706811E-3	-2.578643E-3	1.299981E-1	2.952105E+2	2.675781E+1	9.010000E+2
8.460951E+3	1.676000E+3	0.000000E+0	-1.691244E-3	-2.390487E-3	1.307764E-1	2.951984E+2	2.675781E+1	9.010000E+2
8.462282E+3	1.683000E+3	0.000000E+0	-1.537021E-3	-2.205956E-3	1.311735E-1	2.951887E+2	2.675781E+1	9.010000E+2
8.478356E+3	1.690000E+3	0.000000E+0	-1.513935E-3	-2.264850E-3	1.318837E-1	2.951930E+2	2.670898E+1	8.990000E+2
8.479794E+3	1.697000E+3	0.000000E+0	-1.602379E-3	-1.901339E-3	1.322740E-1	2.951827E+2	2.670898E+1	8.990000E+2
8.481124E+3	1.704000E+3	0.000000E+0	-1.487526E-3	-2.146182E-3	1.325327E-1	2.951768E+2	2.670898E+1	8.990000E+2
8.482453E+3	1.711000E+3	0.000000E+0	-1.430478E-3	-2.044757E-3	1.328980E-1	2.951979E+2	2.675781E+1	8.990000E+2
8.483779E+3	1.718000E+3	0.000000E+0	-1.604481E-3	-2.281662E-3	1.329411E-1	2.952038E+2	2.675781E+1	8.990000E+2
8.485111E+3	1.725000E+3	0.000000E+0	-1.851112E-3	-2.567367E-3	1.330273E-1	2.951962E+2	2.675781E+1	8.990000E+2
8.486323E+3	1.732000E+3	0.000000E+0	-2.006532E-3	-2.741235E-3	1.332156E-1	2.951998E+2	2.670898E+1	8.990000E+2
8.487650E+3	1.739000E+3	0.000000E+0	-2.087517E-3	-3.096878E-3	1.332179E-1	2.951886E+2	2.670898E+1	8.990000E+2
8.488980E+3	1.746000E+3	0.000000E+0	-2.586295E-3	-3.608792E-3	1.331407E-1	2.951795E+2	2.670898E+1	8.990000E+2
8.490308E+3	1.753000E+3	0.000000E+0	-2.629587E-3	-4.061474E-3	1.331589E-1	2.951982E+2	2.670898E+1	8.990000E+2
8.491527E+3	1.760000E+3	0.000000E+0	-3.047561E-3	-5.426746E-3	1.332133E-1	2.951768E+2	2.670898E+1	8.990000E+2
8.492857E+3	1.767000E+3	0.000000E+0	-3.788724E-3	-7.138728E-3	1.331997E-1	2.951824E+2	2.670898E+1	8.990000E+2
8.494076E+3	1.774000E+3	0.000000E+0	-4.802072E-3	-9.984997E-3	1.329275E-1	2.951852E+2	2.670898E+1	8.990000E+2
8.510461E+3	1.781000E+3	0.000000E+0	-6.758068E-3	-1.483800E-2	1.336785E-1	2.952082E+2	2.670898E+1	9.010000E+2
8.511788E+3	1.788000E+3	0.000000E+0	-1.226162E-2	-2.175159E-2	1.335968E-1	2.952157E+2	2.670898E+1	9.010000E+2
8.513007E+3	1.795000E+3	0.000000E+0	-2.017399E-2	-3.286843E-2	1.338827E-1	2.951999E+2	2.670898E+1	9.010000E+2
8.514333E+3	1.802000E+3	0.000000E+0	-2.408105E-2	-4.343486E-2	1.341095E-1	2.952000E+2	2.670898E+1	9.010000E+2
8.515660E+3	1.809000E+3	0.000000E+0	-3.466724E-2	-6.607891E-2	1.345928E-1	2.952002E+2	2.670898E+1	9.010000E+2
8.516987E+3	1.816000E+3	0.000000E+0	-4.317534E-2	-7.774253E-2	1.347834E-1	2.952253E+2	2.670898E+1	9.010000E+2
8.518208E+3	1.823000E+3	0.000000E+0	-4.833062E-2	-8.789721E-2	1.356887E-1	2.951896E+2	2.670898E+1	9.010000E+2
8.519536E+3	1.830000E+3	0.000000E+0	-5.218567E-2	-9.361253E-2	1.365554E-1	2.951970E+2	2.670898E+1	9.010000E+2
8.520865E+3	1.837000E+3	0.000000E+0	-5.286464E-2	-8.449277E-2	1.373087E-1	2.951969E+2	2.670898E+1	9.010000E+2
8.522085E+3	1.844000E+3	0.000000E+0	-4.191336E-2	-6.171767E-2	1.380869E-1	2.951942E+2	2.670898E+1	9.010000E+2
8.523413E+3	1.851000E+3	0.000000E+0	-2.803241E-2	-4.733323E-2	1.390421E-1	2.952088E+2	2.673340E+1	9.010000E+2
8.524746E+3	1.858000E+3	0.000000E+0	-1.573887E-2	-2.776925E-2	1.399678E-1	2.951969E+2	2.670898E+1	9.010000E+2
8.526076E+3	1.865000E+3	0.000000E+0	-1.097451E-2	-1.386862E-2	1.405555E-1	2.952026E+2	2.670898E+1	9.010000E+2
8.527296E+3	1.872000E+3	0.000000E+0	-6.846702E-3	-1.197760E-2	1.418283E-1	2.952096E+2	2.670898E+1	9.010000E+2
8.543565E+3	1.879000E+3	0.000000E+0	-2.208729E-2	-2.400167E-2	1.431488E-1	2.952037E+2	2.670898E+1	9.010000E+2
8.544784E+3	1.886000E+3	0.000000E+0	-2.475963E-2	-3.639108E-2	1.442923E-1	2.952176E+2	2.668457E+1	9.010000E+2
8.546114E+3	1.893000E+3	0.000000E+0	-2.763378E-2	-5.040770E-2	1.447189E-1	2.952190E+2	2.668457E+1	9.010000E+2
8.547441E+3	1.900000E+3	0.000000E+0	-3.004798E-2	-4.766326E-2	1.439338E-1	2.952108E+2	2.673340E+1	9.010000E+2
8.548658E+3	1.907000E+3	0.000000E+0	-1.317411E-2	-2.640702E-2	1.455743E-1	2.951999E+2	2.670898E+1	9.010000E+2
8.549987E+3	1.914000E+3	0.000000E+0	7.071103E-3	-1.711662E-2	1.478704E-1	2.952190E+2	2.670898E+1	9.010000E+2
8.551311E+3	1.921000E+3	0.000000E+0	2.063292E-2	3.629756E-2	1.495630E-1	2.952265E+2	2.670898E+1	9.010000E+2
8.552638E+3	1.928000E+3	0.000000E+0	4.351880E-2	1.009422E-1	1.512805E-1	2.952115E+2	2.670898E+1	9.010000E+2
8.553852E+3	1.935000E+3	0.000000E+0	9.221016E-2	1.626442E-1	1.527644E-1	2.952186E+2	2.670898E+1	9.010000E+2
8.555181E+3	1.942000E+3	0.000000E+0	1.197659E-1	2.128955E-1	1.526418E-1	2.952178E+2	2.670898E+1	9.010000E+2
8.556511E+3	1.949000E+3	0.000000E+0	1.534141E-1	2.487342E-1	1.539760E-1	2.952126E+2	2.670898E+1	9.010000E+2
8.557841E+3	1.956000E+3	0.000000E+0	1.624671E-1	2.449515E-1	1.562494E-1	2.952093E+2	2.670898E+1	9.010000E+2
8.559162E+3	1.963000E+3	0.000000E+0	1.316573E-1	2.563789E-1	1.570775E-1	2.952106E+2	2.670898E+1	9.010000E+2
8.574417E+3	1.970000E+3	0.000000E+0	1.335913E-1	2.258874E-1	1.571343E-1	2.952077E+2	2.670898E+1	8.990000E+2
8.575745E+3	1.977000E+3	0.000000E+0	8.969930E-2	1.630634E-1	1.576107E-1	2.952192E+2	2.670898E+1	8.990000E+2
8.576963E+3	1.984000E+3	0.000000E+0	5.783642E-2	9.908473E-2	1.579374E-1	2.952119E+2	2.670898E+1	8.990000E+2
8.578290E+3	1.991000E+3	0.000000E+0	-7.502967E-3	1.118615E-2	1.587724E-1	2.952174E+2	2.670898E+1	8.990000E+2
8.579620E+3	1.998000E+3	0.000000E+0	-2.996217E-2	-3.423469E-2	1.587724E-1	2.952163E+2	2.670898E+1	8.990000E+2
8.580837E+3	2.005000E+3	0.000000E+0	-4.581818E-2	-9.901034E-2	1.593079E-1	2.952120E+2	2.670898E+1	8.990000E+2
8.582166E+3	2.012000E+3	0.000000E+0	-6.035352E-2	-1.328291E-1	1.597367E-1	2.952156E+2	2.673340E+1	8.990000E+2
8.583497E+3	2.019000E+3	0.000000E+0	-6.859872E-2	-1.238560E-1	1.597299E-1	2.952101E+2	2.675781E+1	8.990000E+2
8.584825E+3	2.026000E+3	0.000000E+0	-4.645148E-2	-7.540020E-2	1.604332E-1	2.952224E+2	2.675781E+1	8.990000E+2
8.586154E+3	2.033000E+3	0.000000E+0	-1.520715E-2	-3.552634E-2	1.606215E-1	2.952190E+2	2.675781E+1	8.990000E+2
8.587484E+3	2.040000E+3	0.000000E+0	1.978469E-2	1.612461E-2	1.608462E-1	2.952162E+2	2.670898E+1	8.990000E+2
8.588811E+3	2.047000E+3	0.000000E+0	2.977837E-2	4.387009E-2	1.613090E-1	2.952160E+2	2.670898E+1	8.990000E+2
8.590139E+3	2.054000E+3	0.000000E+0	3.729611E-2	7.452977E-2	1.620986E-1	2.952137E+2	2.670898E+1	8.990000E+2
8.606321E+3	2.061000E+3	0.000000E+0	3.911885E-2	8.113694E-2	1.621054E-1	2.952066E+2	2.670898E+1	8.980000E+2
8.607643E+3	2.068000E+3	0.000000E+0	3.988474E-2	7.047310E-2	1.619693E-1	2.952143E+2	2.670898E+1	8.980000E+2
8.608972E+3	2.075000E+3	0.000000E+0	2.106182E-2	3.600720E-2	1.620850E-1	2.952051E+2	2.670898E+1	8.980000E+2
8.610301E+3	2.082000E+3	0.000000E+0	-1.142753E-3	2.533383E-3	1.622508E-1	2.951968E+2	2.670898E+1	8.980000E+2
8.611627E+3	2.089000E+3	0.000000E+0	-2.134871E-2	-3.575833E-2	1.635375E-1	2.952020E+2	2.670898E+1	8.980000E+2
8.612847E+3	2.096000E+3	0.000000E+0	-3.256498E-2	-6.613132E-2	1.638826E-1	2.952015E+2	2.670898E+1	8.980000E+2
8.614178E+3	2.103000E+3	0.000000E+0	-5.264962E-2	-9.479104E-2	1.637896E-1	2.952072E+2	2.670898E+1	8.980000E+2
8.615503E+3	2.110000E+3	0.000000E+0	-6.122328E-2	-9.509861E-2	1.651902E-1	2.952119E+2	2.670898E+1	8.980000E+2
8.616832E+3	2.117000E+3	0.000000E+0	-5.274787E-2	-8.837158E-2	1.662256E-1	2.952153E+2	2.670898E+1	8.980000E+2
8.618053E+3	2.124000E+3	0.000000E+0	-4.427005E-2	-7.948986E-2	1.679464E-1	2.952147E+2	2.670898E+1	8.980000E+2
