3.053452E+3	2.133000E+3	0.000000E+0	-6.760060E-3	-8.881938E-3	1.705653E-1	2.952357E+2	2.712402E+1	2.990000E+2
3.054557E+3	8.500000E+2	0.000000E+0	1.064812E-5	3.316195E-4	1.073824E-1	2.952051E+2	2.712402E+1	2.990000E+2
3.070480E+3	8.570000E+2	0.000000E+0	4.288328E-4	-5.014688E-4	2.732089E-2	2.952201E+2	2.707520E+1	2.980000E+2
3.071921E+3	8.640000E+2	0.000000E+0	7.877643E-4	-3.797735E-4	2.795164E-2	2.952233E+2	2.707520E+1	2.980000E+2
3.073141E+3	8.710000E+2	0.000000E+0	-1.101856E-4	-6.068279E-5	2.891819E-2	2.952293E+2	2.707520E+1	2.980000E+2
3.074466E+3	8.780000E+2	0.000000E+0	2.714843E-6	-2.744410E-4	2.949449E-2	2.952247E+2	2.707520E+1	2.980000E+2
3.075687E+3	8.850000E+2	0.000000E+0	3.649138E-4	-2.667309E-4	2.980306E-2	2.952208E+2	2.707520E+1	2.980000E+2
3.077014E+3	8.920000E+2	0.000000E+0	-2.806268E-4	6.087089E-5	3.077868E-2	2.952228E+2	2.707520E+1	2.980000E+2
3.078343E+3	8.990000E+2	0.000000E+0	3.091379E-4	-9.167937E-4	3.133229E-2	2.952291E+2	2.707520E+1	2.980000E+2
3.079672E+3	9.060000E+2	0.000000E+0	-8.702174E-4	-4.532308E-4	3.186321E-2	2.952389E+2	2.707520E+1	2.980000E+2
3.081002E+3	9.130000E+2	0.000000E+0	-3.259716E-4	-4.189547E-4	3.186094E-2	2.952421E+2	2.707520E+1	2.980000E+2
3.082223E+3	9.200000E+2	0.000000E+0	-6.868397E-4	-1.105241E-3	3.346505E-2	2.952343E+2	2.707520E+1	2.980000E+2
3.083552E+3	9.270000E+2	0.000000E+0	-7.501531E-4	-1.104214E-3	3.391655E-2	2.952345E+2	2.707520E+1	2.980000E+2
3.084881E+3	9.340000E+2	0.000000E+0	-1.453937E-4	-4.912780E-4	3.449285E-2	2.952332E+2	2.707520E+1	2.980000E+2
3.086100E+3	9.410000E+2	0.000000E+0	1.930511E-4	-6.061108E-4	3.557285E-2	2.952253E+2	2.707520E+1	2.980000E+2
3.087429E+3	9.480000E+2	0.000000E+0	3.686151E-4	5.325850E-4	3.616503E-2	2.952291E+2	2.707520E+1	2.980000E+2
3.103709E+3	9.550000E+2	0.000000E+0	8.383107E-5	1.256457E-3	3.700905E-2	2.952293E+2	2.707520E+1	3.000000E+2
3.105029E+3	9.620000E+2	0.000000E+0	1.199781E-3	4.571079E-4	3.712477E-2	2.952276E+2	2.707520E+1	3.000000E+2
3.106360E+3	9.690000E+2	0.000000E+0	-1.339253E-7	9.031194E-4	3.836131E-2	2.952088E+2	2.707520E+1	3.000000E+2
3.107578E+3	9.760000E+2	0.000000E+0	1.940980E-3	1.256190E-3	3.860862E-2	2.952199E+2	2.707520E+1	3.000000E+2
3.108907E+3	9.830000E+2	0.000000E+0	3.254380E-4	3.279591E-4	3.974534E-2	2.952068E+2	2.707520E+1	3.000000E+2
3.110232E+3	9.900000E+2	0.000000E+0	6.150672E-4	1.179005E-3	3.966366E-2	2.952261E+2	2.707520E+1	3.000000E+2
3.111565E+3	9.970000E+2	0.000000E+0	2.999376E-4	-3.668676E-4	4.080945E-2	2.952155E+2	2.707520E+1	3.000000E+2
3.112893E+3	1.004000E+3	0.000000E+0	-9.955802E-4	6.244227E-5	4.160356E-2	2.952190E+2	2.707520E+1	3.000000E+2
3.114114E+3	1.011000E+3	0.000000E+0	-1.355316E-4	-3.534028E-4	4.200515E-2	2.952179E+2	2.707520E+1	3.000000E+2
3.115557E+3	1.018000E+3	0.000000E+0	-5.764623E-4	-1.708148E-3	4.316909E-2	2.951993E+2	2.707520E+1	3.000000E+2
3.116886E+3	1.025000E+3	0.000000E+0	-3.721468E-4	-8.492867E-4	4.392690E-2	2.952073E+2	2.707520E+1	3.000000E+2
3.118105E+3	1.032000E+3	0.000000E+0	-3.119961E-4	-1.685967E-3	4.466883E-2	2.952013E+2	2.707520E+1	3.000000E+2
3.119428E+3	1.039000E+3	0.000000E+0	-6.838465E-4	-1.282232E-3	4.530185E-2	2.952091E+2	2.712402E+1	3.000000E+2
3.135703E+3	1.046000E+3	0.000000E+0	-1.815404E-3	-1.723102E-3	4.662915E-2	2.951986E+2	2.712402E+1	2.970000E+2
3.137031E+3	1.053000E+3	0.000000E+0	-1.767633E-3	-3.071745E-3	4.718730E-2	2.952010E+2	2.712402E+1	2.970000E+2
3.138362E+3	1.060000E+3	0.000000E+0	-3.524924E-3	-5.681092E-3	4.787477E-2	2.951954E+2	2.712402E+1	2.970000E+2
3.139580E+3	1.067000E+3	0.000000E+0	-6.220685E-3	-9.420051E-3	4.869838E-2	2.952186E+2	2.712402E+1	2.970000E+2
3.140909E+3	1.074000E+3	0.000000E+0	-1.055686E-2	-1.553713E-2	4.995535E-2	2.952143E+2	2.712402E+1	2.970000E+2
3.142231E+3	1.081000E+3	0.000000E+0	-1.435190E-2	-2.289007E-2	5.059971E-2	2.951996E+2	2.712402E+1	2.970000E+2
3.143560E+3	1.088000E+3	0.000000E+0	-2.053714E-2	-2.964593E-2	5.098542E-2	2.952018E+2	2.712402E+1	2.970000E+2
3.144779E+3	1.095000E+3	0.000000E+0	-2.516483E-2	-3.816269E-2	5.236491E-2	2.952198E+2	2.712402E+1	2.970000E+2
3.146105E+3	1.102000E+3	0.000000E+0	-3.249440E-2	-4.339796E-2	5.314541E-2	2.952106E+2	2.712402E+1	2.970000E+2
3.147437E+3	1.109000E+3	0.000000E+0	-3.474570E-2	-4.721163E-2	5.378297E-2	2.952021E+2	2.712402E+1	2.970000E+2
3.148654E+3	1.116000E+3	0.000000E+0	-3.481022E-2	-4.809231E-2	5.480170E-2	2.952088E+2	2.712402E+1	2.970000E+2
3.149987E+3	1.123000E+3	0.000000E+0	-3.016213E-2	-3.906435E-2	5.535304E-2	2.952103E+2	2.712402E+1	2.970000E+2
3.151313E+3	1.130000E+3	0.000000E+0	-2.083860E-2	-2.846975E-2	5.616757E-2	2.952058E+2	2.712402E+1	2.970000E+2
3.167579E+3	1.137000E+3	0.000000E+0	-2.789387E-3	-2.528220E-3	5.721126E-2	2.952077E+2	2.712402E+1	2.980000E+2
3.168905E+3	1.144000E+3	0.000000E+0	1.070156E-2	1.743576E-2	5.769453E-2	2.952088E+2	2.712402E+1	2.980000E+2
3.170236E+3	1.151000E+3	0.000000E+0	3.175095E-2	4.752257E-2	5.920335E-2	2.952160E+2	2.712402E+1	2.980000E+2
3.171450E+3	1.158000E+3	0.000000E+0	4.597403E-2	6.657025E-2	5.995662E-2	2.952021E+2	2.712402E+1	2.980000E+2
3.172887E+3	1.165000E+3	0.000000E+0	5.889019E-2	8.800919E-2	6.069628E-2	2.952140E+2	2.712402E+1	2.980000E+2
3.174214E+3	1.172000E+3	0.000000E+0	6.603646E-2	9.923732E-2	6.198501E-2	2.952196E+2	2.712402E+1	2.980000E+2
3.175541E+3	1.179000E+3	0.000000E+0	6.692968E-2	9.988814E-2	6.284719E-2	2.952254E+2	2.712402E+1	2.980000E+2
3.176759E+3	1.186000E+3	0.000000E+0	6.316575E-2	8.901749E-2	6.373886E-2	2.952156E+2	2.712402E+1	2.980000E+2
3.178089E+3	1.193000E+3	0.000000E+0	5.073360E-2	7.303146E-2	6.559254E-2	2.952413E+2	2.712402E+1	2.980000E+2
3.179418E+3	1.200000E+3	0.000000E+0	3.131143E-2	4.856251E-2	6.657271E-2	2.952416E+2	2.712402E+1	2.980000E+2
3.180748E+3	1.207000E+3	0.000000E+0	1.907953E-2	2.941566E-2	6.780698E-2	2.952360E+2	2.712402E+1	2.980000E+2
3.181965E+3	1.214000E+3	0.000000E+0	4.507815E-4	6.645845E-4	6.880076E-2	2.952201E+2	2.712402E+1	2.980000E+2
3.183291E+3	1.221000E+3	0.000000E+0	-9.974622E-3	-1.578903E-2	7.042301E-2	2.952270E+2	2.712402E+1	2.980000E+2
3.199676E+3	1.228000E+3	0.000000E+0	-2.073975E-2	-3.032833E-2	7.228351E-2	2.952253E+2	2.712402E+1	2.990000E+2
3.201006E+3	1.235000E+3	0.000000E+0	-2.602866E-2	-3.870336E-2	7.329770E-2	2.952103E+2	2.712402E+1	2.990000E+2
3.202331E+3	1.242000E+3	0.000000E+0	-2.924235E-2	-4.246874E-2	7.474979E-2	2.952253E+2	2.712402E+1	2.990000E+2
3.203548E+3	1.249000E+3	0.000000E+0	-2.917763E-2	-4.033609E-2	7.580029E-2	2.952202E+2	2.712402E+1	2.990000E+2
3.204874E+3	1.256000E+3	0.000000E+0	-2.518517E-2	-3.697700E-2	7.724103E-2	2.952105E+2	2.712402E+1	2.990000E+2
3.206201E+3	1.263000E+3	0.000000E+0	-2.318424E-2	-3.328514E-2	7.774926E-2	2.952123E+2	2.712402E+1	2.990000E+2
3.207530E+3	1.270000E+3	0.000000E+0	-1.986670E-2	-2.847464E-2	7.964606E-2	2.952191E+2	2.712402E+1	2.990000E+2
3.208743E+3	1.277000E+3	0.000000E+0	-1.572552E-2	-2.324487E-2	8.043790E-2	2.952216E+2	2.712402E+1	2.990000E+2
3.210068E+3	1.284000E+3	0.000000E+0	-1.301755E-2	-1.957418E-2	8.126605E-2	2.952115E+2	2.712402E+1	2.990000E+2
3.211395E+3	1.291000E+3	0.000000E+0	-8.255300E-3	-1.190017E-2	8.257973E-2	2.952223E+2	2.712402E+1	2.990000E+2
3.212727E+3	1.298000E+3	0.000000E+0	-5.991675E-3	-7.847200E-3	8.289284E-2	2.952254E+2	2.712402E+1	2.990000E+2
3.213947E+3	1.305000E+3	0.000000E+0	-2.477502E-3	-2.464859E-3	8.406132E-2	2.952254E+2	2.712402E+1	2.990000E+2
3.215273E+3	1.312000E+3	0.000000E+0	1.797735E-4	4.665445E-4	8.446972E-2	2.952131E+2	2.712402E+1	2.990000E+2
3.231657E+3	1.319000E+3	0.000000E+0	3.301435E-3	4.433744E-3	8.551114E-2	2.952184E+2	2.712402E+1	2.990000E+2
3.232980E+3	1.326000E+3	0.000000E+0	5.167373E-3	5.856718E-3	8.611920E-2	2.952127E+2	2.712402E+1	2.990000E+2
3.234195E+3	1.333000E+3	0.000000E+0	5.184985E-3	7.057184E-3	8.635290E-2	2.952230E+2	2.712402E+1	2.990000E+2
3.235523E+3	1.340000E+3	0.000000E+0	4.842126E-3	6.567049E-3	8.667735E-2	2.952173E+2	2.712402E+1	2.990000E+2
3.236845E+3	1.347000E+3	0.000000E+0	2.991704E-3	5.804630E-3	8.777549E-2	2.952346E+2	2.712402E+1	2.990000E+2
3.238177E+3	1.354000E+3	0.000000E+0	2.725928E-3	3.081439E-3	8.849700E-2	2.952241E+2	2.712402E+1	2.990000E+2
3.239507E+3	1.361000E+3	0.000000E+0	-3.033739E-4	6.162495E-4	8.856280E-2	2.952275E+2	2.712402E+1	2.990000E+2
3.240725E+3	1.368000E+3	0.000000E+0	-1.037948E-3	-2.315879E-3	8.918901E-2	2.952283E+2	2.712402E+1	2.990000E+2
3.242052E+3	1.375000E+3	0.000000E+0	-3.649473E-3	-4.293319E-3	8.958834E-2	2.952517E+2	2.712402E+1	2.990000E+2
3.243382E+3	1.382000E+3	0.000000E+0	-3.658859E-3	-6.151825E-3	8.994455E-2	2.952225E+2	2.712402E+1	2.990000E+2
3.244713E+3	1.389000E+3	0.000000E+0	-6.197703E-3	-8.616750E-3	9.030985E-2	2.952287E+2	2.712402E+1	2.990000E+2
3.245922E+3	1.396000E+3	0.000000E+0	-8.047872E-3	-1.238104E-2	9.055715E-2	2.952298E+2	2.712402E+1	2.990000E+2
3.247257E+3	1.403000E+3	0.000000E+0	-1.325846E-2	-1.668157E-2	9.084530E-2	2.952335E+2	2.712402E+1	2.990000E+2
3.263591E+3	1.410000E+3	0.000000E+0	-1.447991E-2	-2.214145E-2	9.118564E-2	2.952190E+2	2.707520E+1	2.990000E+2
3.264918E+3	1.417000E+3	0.000000E+0	-1.867408E-2	-2.871784E-2	9.152597E-2	2.952210E+2	2.707520E+1	2.990000E+2
3.266247E+3	1.424000E+3	0.000000E+0	-2.092792E-2	-3.160673E-2	9.223160E-2	2.952280E+2	2.712402E+1	2.990000E+2
3.267572E+3	1.431000E+3	0.000000E+0	-2.055365E-2	-3.172272E-2	9.236093E-2	2.952190E+2	2.712402E+1	2.990000E+2
3.268791E+3	1.438000E+3	0.000000E+0	-1.772317E-2	-2.895880E-2	9.224748E-2	2.952348E+2	2.712402E+1	2.990000E+2
3.270123E+3	1.445000E+3	0.000000E+0	-8.087310E-3	-1.326636E-2	9.342507E-2	2.952413E+2	2.712402E+1	2.990000E+2
3.271447E+3	1.452000E+3	0.000000E+0	1.506476E-3	3.385688E-3	9.371552E-2	2.952337E+2	2.712402E+1	2.990000E+2
3.272777E+3	1.459000E+3	0.000000E+0	2.120680E-2	2.971563E-2	9.428057E-2	2.952329E+2	2.712402E+1	2.990000E+2
3.274108E+3	1.466000E+3	0.000000E+0	3.376948E-2	4.609495E-2	9.488421E-2	2.952334E+2	2.712402E+1	2.990000E+2
3.275436E+3	1.473000E+3	0.000000E+0	4.585635E-2	5.944997E-2	9.591241E-2	2.952307E+2	2.712402E+1	2.990000E+2
3.276766E+3	1.480000E+3	0.000000E+0	4.717480E-2	6.133292E-2	9.634368E-2	2.952420E+2	2.712402E+1	2.990000E+2
3.278094E+3	1.487000E+3	0.000000E+0	4.122155E-2	5.646118E-2	9.759902E-2	2.952183E+2	2.712402E+1	2.990000E+2
3.279421E+3	1.494000E+3	0.000000E+0	3.085624E-2	4.372431E-2	9.867524E-2	2.952175E+2	2.712402E+1	2.990000E+2
3.295606E+3	1.501000E+3	0.000000E+0	1.835187E-2	2.615413E-2	9.911353E-2	2.952245E+2	2.712402E+1	2.970000E+2
3.296930E+3	1.508000E+3	0.000000E+0	1.821309E-3	1.899072E-3	1.001651E-1	2.952125E+2	2.707520E+1	2.970000E+2
3.298259E+3	1.515000E+3	0.000000E+0	-1.081658E-2	-1.589193E-2	1.017138E-1	2.952200E+2	2.707520E+1	2.970000E+2
3.299585E+3	1.522000E+3	0.000000E+0	-2.160444E-2	-2.928524E-2	1.030081E-1	2.952139E+2	2.707520E+1	2.970000E+2
3.300804E+3	1.529000E+3	0.000000E+0	-2.379406E-2	-3.338670E-2	1.044302E-1	2.952088E+2	2.707520E+1	2.970000E+2
3.302130E+3	1.536000E+3	0.000000E+0	-2.117956E-2	-2.939234E-2	1.053592E-1	2.952088E+2	2.707520E+1	2.970000E+2
3.303453E+3	1.543000E+3	0.000000E+0	-1.641041E-2	-2.263459E-2	1.074261E-1	2.952017E+2	2.712402E+1	2.970000E+2
3.304784E+3	1.550000E+3	0.000000E+0	-8.595303E-3	-1.195146E-2	1.090207E-1	2.952074E+2	2.707520E+1	2.970000E+2
3.306004E+3	1.557000E+3	0.000000E+0	-2.720516E-3	-2.223671E-3	1.107514E-1	2.952086E+2	2.707520E+1	2.970000E+2
3.307335E+3	1.564000E+3	0.000000E+0	6.237903E-4	1.131742E-3	1.127298E-1	2.952253E+2	2.712402E+1	2.970000E+2
3.308656E+3	1.571000E+3	0.000000E+0	1.369698E-3	3.252416E-3	1.146422E-1	2.952259E+2	2.707520E+1	2.970000E+2
3.309980E+3	1.578000E+3	0.000000E+0	1.382877E-3	2.210698E-3	1.156211E-1	2.952296E+2	2.707520E+1	2.970000E+2
3.311314E+3	1.585000E+3	0.000000E+0	-6.121844E-4	-1.731988E-4	1.165411E-1	2.952356E+2	2.707520E+1	2.970000E+2
3.327494E+3	1.592000E+3	0.000000E+0	-9.394928E-4	-1.443135E-3	1.192460E-1	2.952259E+2	2.707520E+1	2.990000E+2
3.328599E+3	1.599000E+3	0.000000E+0	-2.259845E-3	-4.282412E-3	1.212626E-1	2.952128E+2	2.712402E+1	2.990000E+2
3.329703E+3	1.606000E+3	0.000000E+0	-2.129900E-3	-4.060498E-3	1.228022E-1	2.952357E+2	2.712402E+1	2.990000E+2
3.330871E+3	1.613000E+3	0.000000E+0	-2.635093E-3	-5.036681E-3	1.242914E-1	2.952348E+2	2.707520E+1	2.990000E+2
3.332201E+3	1.620000E+3	0.000000E+0	-2.090737E-3	-2.875450E-3	1.254176E-1	2.952171E+2	2.707520E+1	2.990000E+2
3.333531E+3	1.627000E+3	0.000000E+0	-1.025288E-3	-2.941433E-3	1.265551E-1	2.952148E+2	2.712402E+1	2.990000E+2
3.334749E+3	1.634000E+3	0.000000E+0	-9.066225E-4	-1.441950E-3	1.283981E-1	2.952207E+2	2.707520E+1	2.990000E+2
3.336077E+3	1.641000E+3	0.000000E+0	-5.650571E-4	-2.179198E-3	1.287726E-1	2.952082E+2	2.707520E+1	2.990000E+2
3.337410E+3	1.648000E+3	0.000000E+0	-5.504212E-4	-3.123063E-4	1.292855E-1	2.952157E+2	2.712402E+1	2.990000E+2
3.338847E+3	1.655000E+3	0.000000E+0	-2.285082E-5	-7.892697E-4	1.305019E-1	2.952193E+2	2.712402E+1	2.990000E+2
3.340165E+3	1.662000E+3	0.000000E+0	-8.282067E-4	-1.075537E-4	1.311826E-1	2.952154E+2	2.712402E+1	2.990000E+2
3.341372E+3	1.669000E+3	0.000000E+0	-4.339407E-4	-1.024364E-4	1.317612E-1	2.952216E+2	2.707520E+1	2.990000E+2
3.342695E+3	1.676000E+3	0.000000E+0	-1.308358E-3	-5.037975E-4	1.326370E-1	2.952272E+2	2.712402E+1	2.990000E+2
3.358614E+3	1.683000E+3	0.000000E+0	-9.821143E-4	3.954405E-4	1.330318E-1	2.952225E+2	2.712402E+1	2.970000E+2
3.359940E+3	1.690000E+3	0.000000E+0	5.278770E-5	-1.146988E-4	1.332156E-1	2.952148E+2	2.712402E+1	2.970000E+2
3.361264E+3	1.697000E+3	0.000000E+0	-7.177987E-4	-1.486954E-4	1.335922E-1	2.952036E+2	2.707520E+1	2.970000E+2
3.362595E+3	1.704000E+3	0.000000E+0	-8.692171E-4	4.809702E-4	1.334380E-1	2.952120E+2	2.707520E+1	2.970000E+2
3.363921E+3	1.711000E+3	0.000000E+0	-4.365584E-4	2.084085E-4	1.337601E-1	2.952078E+2	2.707520E+1	2.970000E+2
3.365249E+3	1.718000E+3	0.000000E+0	-5.749567E-4	3.260356E-4	1.337828E-1	2.952261E+2	2.707520E+1	2.970000E+2
3.366469E+3	1.725000E+3	0.000000E+0	-2.217298E-4	-1.913672E-4	1.337579E-1	2.952108E+2	2.707520E+1	2.970000E+2
3.367798E+3	1.732000E+3	0.000000E+0	-8.808479E-4	-8.007056E-4	1.337964E-1	2.952091E+2	2.707520E+1	2.970000E+2
3.369121E+3	1.739000E+3	0.000000E+0	-3.706747E-4	-6.750884E-4	1.337125E-1	2.952258E+2	2.707520E+1	2.970000E+2
3.370449E+3	1.746000E+3	0.000000E+0	-3.824616E-4	-7.478653E-4	1.336036E-1	2.952186E+2	2.707520E+1	2.970000E+2
3.371776E+3	1.753000E+3	0.000000E+0	-3.441783E-4	-2.106801E-4	1.337329E-1	2.952220E+2	2.707520E+1	2.970000E+2
3.373106E+3	1.760000E+3	0.000000E+0	-1.147666E-3	-4.547923E-4	1.336490E-1	2.952156E+2	2.707520E+1	2.970000E+2
3.374325E+3	1.767000E+3	0.000000E+0	-5.811774E-4	-6.079370E-4	1.337647E-1	2.952269E+2	2.707520E+1	2.970000E+2
3.390581E+3	1.774000E+3	0.000000E+0	-8.628984E-4	-4.659388E-4	1.339008E-1	2.952116E+2	2.707520E+1	2.980000E+2
3.391912E+3	1.781000E+3	0.000000E+0	-1.368621E-3	-7.044632E-4	1.341164E-1	2.952083E+2	2.707520E+1	2.980000E+2
3.393131E+3	1.788000E+3	0.000000E+0	-7.949283E-4	-3.492439E-3	1.342979E-1	2.952090E+2	2.707520E+1	2.980000E+2
3.394461E+3	1.795000E+3	0.000000E+0	-2.662574E-3	-5.942336E-3	1.344590E-1	2.952141E+2	2.707520E+1	2.980000E+2
3.395791E+3	1.802000E+3	0.000000E+0	-6.746131E-3	-1.290605E-2	1.348764E-1	2.952162E+2	2.712402E+1	2.980000E+2
3.397123E+3	1.809000E+3	0.000000E+0	-1.387384E-2	-2.144984E-2	1.352190E-1	2.952171E+2	2.707520E+1	2.980000E+2
3.398341E+3	1.816000E+3	0.000000E+0	-2.252395E-2	-3.305451E-2	1.358135E-1	2.952269E+2	2.707520E+1	2.980000E+2
3.399672E+3	1.823000E+3	0.000000E+0	-3.102370E-2	-4.525169E-2	1.367755E-1	2.952246E+2	2.712402E+1	2.980000E+2
3.401001E+3	1.830000E+3	0.000000E+0	-3.684782E-2	-5.240419E-2	1.367732E-1	2.952269E+2	2.707520E+1	2.980000E+2
3.402330E+3	1.837000E+3	0.000000E+0	-3.813632E-2	-5.701796E-2	1.383819E-1	2.952340E+2	2.707520E+1	2.980000E+2
3.403548E+3	1.844000E+3	0.000000E+0	-3.154854E-2	-5.184529E-2	1.390512E-1	2.952247E+2	2.707520E+1	2.980000E+2
3.404875E+3	1.851000E+3	0.000000E+0	-1.730227E-2	-3.130142E-2	1.403013E-1	2.952268E+2	2.707520E+1	2.980000E+2
3.406203E+3	1.858000E+3	0.000000E+0	3.414291E-4	-5.242345E-3	1.409571E-1	2.952342E+2	2.707520E+1	2.980000E+2
3.407534E+3	1.865000E+3	0.000000E+0	1.665938E-2	2.681995E-2	1.430376E-1	2.952212E+2	2.707520E+1	2.980000E+2
3.423912E+3	1.872000E+3	0.000000E+0	2.232497E-2	4.187098E-2	1.442038E-1	2.952047E+2	2.707520E+1	2.990000E+2
3.425239E+3	1.879000E+3	0.000000E+0	2.027185E-2	4.508667E-2	1.450161E-1	2.952214E+2	2.705078E+1	2.990000E+2
3.426566E+3	1.886000E+3	0.000000E+0	2.468679E-3	2.140435E-2	1.468562E-1	2.952085E+2	2.705078E+1	2.990000E+2
3.427895E+3	1.893000E+3	0.000000E+0	-2.305906E-2	-2.260038E-2	1.480020E-1	2.952125E+2	2.707520E+1	2.990000E+2
3.429113E+3	1.900000E+3	0.000000E+0	-6.200352E-2	-8.757596E-2	1.492703E-1	2.952159E+2	2.707520E+1	2.990000E+2
3.430438E+3	1.907000E+3	0.000000E+0	-8.662355E-2	-1.237761E-1	1.495221E-1	2.952138E+2	2.707520E+1	2.990000E+2
3.431762E+3	1.914000E+3	0.000000E+0	-1.032523E-1	-1.436016E-1	1.518682E-1	2.952169E+2	2.707520E+1	2.990000E+2
3.433089E+3	1.921000E+3	0.000000E+0	-8.770126E-2	-1.170995E-1	1.529164E-1	2.952208E+2	2.707520E+1	2.990000E+2
3.434412E+3	1.928000E+3	0.000000E+0	-2.996330E-2	-3.109870E-2	1.533860E-1	2.952074E+2	2.707520E+1	2.990000E+2
3.435742E+3	1.935000E+3	0.000000E+0	3.720165E-2	6.162597E-2	1.550537E-1	2.952214E+2	2.707520E+1	2.990000E+2
3.437067E+3	1.942000E+3	0.000000E+0	1.295637E-1	1.777081E-1	1.568075E-1	2.952391E+2	2.707520E+1	2.990000E+2
3.438396E+3	1.949000E+3	0.000000E+0	1.958117E-1	2.575856E-1	1.579783E-1	2.952270E+2	2.707520E+1	2.990000E+2
3.439608E+3	1.956000E+3	0.000000E+0	2.256301E-1	2.865940E-1	1.589857E-1	2.952281E+2	2.709961E+1	2.990000E+2
3.455976E+3	1.963000E+3	0.000000E+0	1.777946E-1	2.568046E-1	1.600067E-1	2.952246E+2	2.712402E+1	2.990000E+2
3.457195E+3	1.970000E+3	0.000000E+0	1.384323E-1	2.041753E-1	1.606329E-1	2.952276E+2	2.712402E+1	2.990000E+2
3.458523E+3	1.977000E+3	0.000000E+0	7.485870E-2	1.055088E-1	1.612319E-1	2.952395E+2	2.712402E+1	2.990000E+2
3.459854E+3	1.984000E+3	0.000000E+0	1.736722E-2	1.851642E-2	1.615949E-1	2.952413E+2	2.712402E+1	2.990000E+2
3.461071E+3	1.991000E+3	0.000000E+0	-6.195233E-2	-1.112029E-1	1.617537E-1	2.952469E+2	2.712402E+1	2.990000E+2
3.462396E+3	1.998000E+3	0.000000E+0	-1.042139E-1	-1.733528E-1	1.621961E-1	2.952258E+2	2.712402E+1	2.990000E+2
3.463836E+3	2.005000E+3	0.000000E+0	-1.333712E-1	-2.120797E-1	1.621984E-1	2.952291E+2	2.712402E+1	2.990000E+2
3.465164E+3	2.012000E+3	0.000000E+0	-1.265101E-1	-1.942041E-1	1.631241E-1	2.952345E+2	2.712402E+1	2.990000E+2
3.466382E+3	2.019000E+3	0.000000E+0	-8.810057E-2	-1.252393E-1	1.635688E-1	2.952283E+2	2.712402E+1	2.990000E+2
3.467707E+3	2.026000E+3	0.000000E+0	-3.502440E-2	-4.561931E-2	1.633170E-1	2.952344E+2	2.712402E+1	2.990000E+2
3.469027E+3	2.033000E+3	0.000000E+0	2.076466E-2	2.872535E-2	1.637186E-1	2.952347E+2	2.714844E+1	2.990000E+2
3.470345E+3	2.040000E+3	0.000000E+0	6.468636E-2	8.847367E-2	1.639954E-1	2.952307E+2	2.714844E+1	2.990000E+2
3.471670E+3	2.047000E+3	0.000000E+0	8.619964E-2	1.130011E-1	1.637957E-1	2.952387E+2	2.714844E+1	2.990000E+2
3.487819E+3	2.054000E+3	0.000000E+0	7.382410E-2	1.097757E-1	1.631400E-1	2.952419E+2	2.717285E+1	2.980000E+2
3.489145E+3	2.061000E+3	0.000000E+0	6.476350E-2	1.014554E-1	1.632444E-1	2.952458E+2	2.719727E+1	2.980000E+2
3.490581E+3	2.068000E+3	0.000000E+0	4.098538E-2	5.980099E-2	1.631990E-1	2.952362E+2	2.719727E+1	2.980000E+2
3.491790E+3	2.075000E+3	0.000000E+0	1.330307E-2	2.118160E-2	1.632308E-1	2.952441E+2	2.714844E+1	2.980000E+2
3.493103E+3	2.082000E+3	0.000000E+0	-2.437976E-2	-2.347073E-2	1.635235E-1	2.952443E+2	2.714844E+1	2.980000E+2
3.494419E+3	2.089000E+3	0.000000E+0	-4.057582E-2	-4.978921E-2	1.642860E-1	2.952475E+2	2.714844E+1	2.980000E+2
3.495737E+3	2.096000E+3	0.000000E+0	-4.941201E-2	-7.462747E-2	1.648103E-1	2.952379E+2	2.714844E+1	2.980000E+2
3.497060E+3	2.103000E+3	0.000000E+0	-5.671450E-2	-8.651633E-2	1.653481E-1	2.952536E+2	2.719727E+1	2.980000E+2
3.498283E+3	2.110000E+3	0.000000E+0	-5.464119E-2	-7.769006E-2	1.664853E-1	2.952332E+2	2.719727E+1	2.980000E+2
3.499612E+3	2.117000E+3	0.000000E+0	-3.912937E-2	-5.769439E-2	1.679428E-1	2.952361E+2	2.714844E+1	2.980000E+2
3.500943E+3	2.124000E+3	0.000000E+0	-2.654796E-2	-4.096602E-2	1.688351E-1	2.952264E+2	2.714844E+1	2.980000E+2
