3.946311E+3	2.131000E+3	0.000000E+0	-8.989108E-3	-1.716775E-2	1.709147E-1	2.952338E+2	2.707520E+1	2.990000E+2
3.947527E+3	8.500000E+2	0.000000E+0	4.297763E-4	8.547257E-4	2.708946E-2	2.951938E+2	2.707520E+1	2.990000E+2
3.948853E+3	8.570000E+2	0.000000E+0	6.468922E-4	-1.042736E-4	2.750694E-2	2.951813E+2	2.712402E+1	2.990000E+2
3.950183E+3	8.640000E+2	0.000000E+0	2.399076E-5	-2.436507E-4	2.774063E-2	2.951899E+2	2.709961E+1	2.990000E+2
3.951506E+3	8.710000E+2	0.000000E+0	-1.011292E-4	4.272204E-5	2.905886E-2	2.952021E+2	2.709961E+1	2.990000E+2
3.967972E+3	8.780000E+2	0.000000E+0	1.124821E-5	8.161923E-5	2.955348E-2	2.952374E+2	2.707520E+1	2.970000E+2
3.969301E+3	8.850000E+2	0.000000E+0	2.571190E-4	-1.477910E-4	2.996415E-2	2.952399E+2	2.707520E+1	2.970000E+2
3.970516E+3	8.920000E+2	0.000000E+0	-6.954796E-4	-4.330536E-4	3.089439E-2	2.952405E+2	2.707520E+1	2.970000E+2
3.971948E+3	8.990000E+2	0.000000E+0	-7.491682E-4	3.692206E-4	3.177926E-2	2.952453E+2	2.707520E+1	2.970000E+2
3.973160E+3	9.060000E+2	0.000000E+0	-3.071443E-4	-3.642753E-4	3.197438E-2	2.952284E+2	2.707520E+1	2.970000E+2
3.974487E+3	9.130000E+2	0.000000E+0	-6.778871E-4	-8.076206E-4	3.268908E-2	2.952268E+2	2.707520E+1	2.970000E+2
3.975806E+3	9.200000E+2	0.000000E+0	-1.260983E-3	-9.563018E-4	3.342194E-2	2.952392E+2	2.707520E+1	2.970000E+2
3.977121E+3	9.270000E+2	0.000000E+0	-2.438074E-4	-6.834728E-4	3.444521E-2	2.952496E+2	2.707520E+1	2.970000E+2
3.978445E+3	9.340000E+2	0.000000E+0	2.704818E-5	-6.515476E-4	3.484680E-2	2.952318E+2	2.707520E+1	2.970000E+2
3.979770E+3	9.410000E+2	0.000000E+0	-8.402163E-5	5.865974E-5	3.544125E-2	2.952245E+2	2.709961E+1	2.970000E+2
3.981086E+3	9.480000E+2	0.000000E+0	5.636834E-4	3.972081E-4	3.627166E-2	2.952409E+2	2.709961E+1	2.970000E+2
3.982410E+3	9.550000E+2	0.000000E+0	5.049480E-4	7.218829E-4	3.664830E-2	2.952382E+2	2.707520E+1	2.970000E+2
3.983629E+3	9.620000E+2	0.000000E+0	2.581984E-4	5.535312E-4	3.806409E-2	2.952352E+2	2.707520E+1	2.970000E+2
3.999873E+3	9.690000E+2	0.000000E+0	8.974014E-4	1.020084E-3	3.862904E-2	2.952410E+2	2.705078E+1	2.970000E+2
4.001202E+3	9.760000E+2	0.000000E+0	-1.999587E-4	1.610005E-3	3.934374E-2	2.952449E+2	2.705078E+1	2.970000E+2
4.002531E+3	9.830000E+2	0.000000E+0	9.538860E-4	1.529200E-3	3.977483E-2	2.952341E+2	2.705078E+1	2.970000E+2
4.003749E+3	9.900000E+2	0.000000E+0	-7.686559E-5	-1.125006E-4	4.073230E-2	2.952294E+2	2.707520E+1	2.970000E+2
4.005078E+3	9.970000E+2	0.000000E+0	1.563621E-4	3.191800E-4	4.128138E-2	2.952307E+2	2.707520E+1	2.970000E+2
4.006407E+3	1.004000E+3	0.000000E+0	1.024045E-4	-9.339557E-4	4.222977E-2	2.952400E+2	2.705078E+1	2.970000E+2
4.007615E+3	1.011000E+3	0.000000E+0	-5.192009E-4	-4.734482E-4	4.275162E-2	2.952347E+2	2.705078E+1	2.970000E+2
4.008946E+3	1.018000E+3	0.000000E+0	1.091678E-4	-1.131388E-3	4.363875E-2	2.952329E+2	2.705078E+1	2.970000E+2
4.010271E+3	1.025000E+3	0.000000E+0	-1.228773E-3	-1.383909E-3	4.457807E-2	2.952202E+2	2.705078E+1	2.970000E+2
4.011486E+3	1.032000E+3	0.000000E+0	-7.127913E-4	-1.174772E-3	4.511353E-2	2.952319E+2	2.705078E+1	2.970000E+2
4.012810E+3	1.039000E+3	0.000000E+0	-9.299641E-4	-1.891638E-3	4.594848E-2	2.952306E+2	2.705078E+1	2.970000E+2
4.014240E+3	1.046000E+3	0.000000E+0	-1.700304E-3	-1.957878E-3	4.666999E-2	2.952159E+2	2.707520E+1	2.970000E+2
4.015454E+3	1.053000E+3	0.000000E+0	-1.253846E-3	-3.633286E-3	4.772956E-2	2.952263E+2	2.707520E+1	2.970000E+2
4.030743E+3	1.060000E+3	0.000000E+0	-3.575051E-3	-6.109737E-3	4.868477E-2	2.952238E+2	2.705078E+1	2.980000E+2
4.032073E+3	1.067000E+3	0.000000E+0	-6.643232E-3	-8.680630E-3	4.878006E-2	2.952201E+2	2.705078E+1	2.980000E+2
4.033403E+3	1.074000E+3	0.000000E+0	-1.123904E-2	-1.582813E-2	5.038190E-2	2.952186E+2	2.705078E+1	2.980000E+2
4.034732E+3	1.081000E+3	0.000000E+0	-1.462986E-2	-2.114475E-2	5.123727E-2	2.952195E+2	2.705078E+1	2.980000E+2
4.036065E+3	1.088000E+3	0.000000E+0	-2.089583E-2	-2.988636E-2	5.128265E-2	2.952175E+2	2.705078E+1	2.980000E+2
4.037284E+3	1.095000E+3	0.000000E+0	-2.544547E-2	-3.682732E-2	5.262810E-2	2.952173E+2	2.705078E+1	2.980000E+2
4.038614E+3	1.102000E+3	0.000000E+0	-3.028457E-2	-4.335112E-2	5.358330E-2	2.952211E+2	2.707520E+1	2.980000E+2
4.039946E+3	1.109000E+3	0.000000E+0	-3.393744E-2	-4.654017E-2	5.395767E-2	2.952285E+2	2.707520E+1	2.980000E+2
4.041275E+3	1.116000E+3	0.000000E+0	-3.342563E-2	-4.537694E-2	5.506943E-2	2.952428E+2	2.705078E+1	2.980000E+2
4.042496E+3	1.123000E+3	0.000000E+0	-2.783657E-2	-3.505704E-2	5.644891E-2	2.952424E+2	2.705078E+1	2.980000E+2
4.043819E+3	1.130000E+3	0.000000E+0	-2.013765E-2	-2.373272E-2	5.672345E-2	2.952308E+2	2.705078E+1	2.980000E+2
4.045146E+3	1.137000E+3	0.000000E+0	-3.178201E-3	3.858695E-4	5.725210E-2	2.952452E+2	2.707520E+1	2.980000E+2
4.046478E+3	1.144000E+3	0.000000E+0	1.154349E-2	1.994820E-2	5.873822E-2	2.952261E+2	2.707520E+1	2.980000E+2
4.062891E+3	1.151000E+3	0.000000E+0	3.196658E-2	4.730630E-2	5.930318E-2	2.952258E+2	2.707520E+1	2.990000E+2
4.064111E+3	1.158000E+3	0.000000E+0	4.777063E-2	6.791119E-2	6.042628E-2	2.952095E+2	2.707520E+1	2.990000E+2
4.065440E+3	1.165000E+3	0.000000E+0	6.124521E-2	8.577788E-2	6.138829E-2	2.952141E+2	2.705078E+1	2.990000E+2
4.066767E+3	1.172000E+3	0.000000E+0	6.508324E-2	9.616456E-2	6.246828E-2	2.952231E+2	2.705078E+1	2.990000E+2
4.067986E+3	1.179000E+3	0.000000E+0	6.544038E-2	9.828652E-2	6.322155E-2	2.952177E+2	2.705078E+1	2.990000E+2
4.069427E+3	1.186000E+3	0.000000E+0	5.915457E-2	8.864029E-2	6.419718E-2	2.952141E+2	2.707520E+1	2.990000E+2
4.070755E+3	1.193000E+3	0.000000E+0	5.193601E-2	7.299199E-2	6.560843E-2	2.952440E+2	2.707520E+1	2.990000E+2
4.071970E+3	1.200000E+3	0.000000E+0	3.092426E-2	4.546678E-2	6.694934E-2	2.952375E+2	2.707520E+1	2.990000E+2
4.073299E+3	1.207000E+3	0.000000E+0	1.715966E-2	2.680394E-2	6.780925E-2	2.952241E+2	2.707520E+1	2.990000E+2
4.074629E+3	1.214000E+3	0.000000E+0	-1.347179E-3	2.475688E-3	6.944739E-2	2.952267E+2	2.707520E+1	2.990000E+2
4.075954E+3	1.221000E+3	0.000000E+0	-1.218661E-2	-1.406451E-2	7.081553E-2	2.952193E+2	2.707520E+1	2.990000E+2
4.077283E+3	1.228000E+3	0.000000E+0	-2.224838E-2	-2.904541E-2	7.161418E-2	2.952291E+2	2.707520E+1	2.990000E+2
4.078500E+3	1.235000E+3	0.000000E+0	-2.693447E-2	-3.799516E-2	7.338846E-2	2.952190E+2	2.707520E+1	2.990000E+2
4.079837E+3	1.242000E+3	0.000000E+0	-2.867353E-2	-4.171192E-2	7.447979E-2	2.952322E+2	2.707520E+1	2.990000E+2
4.096045E+3	1.249000E+3	0.000000E+0	-2.693200E-2	-3.935636E-2	7.593869E-2	2.952225E+2	2.707520E+1	2.970000E+2
4.097266E+3	1.256000E+3	0.000000E+0	-2.504120E-2	-3.708496E-2	7.716843E-2	2.952173E+2	2.707520E+1	2.970000E+2
4.098592E+3	1.263000E+3	0.000000E+0	-2.242242E-2	-3.254326E-2	7.798069E-2	2.952280E+2	2.707520E+1	2.970000E+2
4.099923E+3	1.270000E+3	0.000000E+0	-1.981891E-2	-2.863502E-2	7.958253E-2	2.952158E+2	2.705078E+1	2.970000E+2
4.101256E+3	1.277000E+3	0.000000E+0	-1.728359E-2	-2.246453E-2	8.065571E-2	2.952213E+2	2.705078E+1	2.970000E+2
4.102588E+3	1.284000E+3	0.000000E+0	-1.282193E-2	-1.797332E-2	8.127966E-2	2.952279E+2	2.705078E+1	2.970000E+2
4.103916E+3	1.291000E+3	0.000000E+0	-8.625168E-3	-1.256937E-2	8.293141E-2	2.952171E+2	2.707520E+1	2.970000E+2
4.105243E+3	1.298000E+3	0.000000E+0	-5.265572E-3	-6.839760E-3	8.369376E-2	2.952392E+2	2.707520E+1	2.970000E+2
4.106571E+3	1.305000E+3	0.000000E+0	-1.988132E-3	-3.024772E-3	8.390930E-2	2.952344E+2	2.707520E+1	2.970000E+2
4.107790E+3	1.312000E+3	0.000000E+0	1.218859E-3	1.805348E-3	8.519123E-2	2.952293E+2	2.707520E+1	2.970000E+2
4.109115E+3	1.319000E+3	0.000000E+0	2.924534E-3	3.769760E-3	8.598534E-2	2.952278E+2	2.707520E+1	2.970000E+2
4.110444E+3	1.326000E+3	0.000000E+0	4.933040E-3	5.890942E-3	8.668870E-2	2.952348E+2	2.707520E+1	2.970000E+2
4.111776E+3	1.333000E+3	0.000000E+0	4.249147E-3	6.254662E-3	8.704037E-2	2.952338E+2	2.707520E+1	2.970000E+2
4.126931E+3	1.340000E+3	0.000000E+0	4.402888E-3	7.424455E-3	8.772785E-2	2.952360E+2	2.705078E+1	2.980000E+2
4.128362E+3	1.347000E+3	0.000000E+0	2.544192E-3	5.079047E-3	8.831095E-2	2.952349E+2	2.705078E+1	2.980000E+2
4.129572E+3	1.354000E+3	0.000000E+0	2.497466E-3	3.319980E-3	8.865809E-2	2.952362E+2	2.705078E+1	2.980000E+2
4.130903E+3	1.361000E+3	0.000000E+0	-1.004185E-3	2.732176E-3	8.914590E-2	2.952289E+2	2.705078E+1	2.980000E+2
4.132226E+3	1.368000E+3	0.000000E+0	-7.850096E-4	-2.166066E-3	8.985153E-2	2.952391E+2	2.705078E+1	2.980000E+2
4.133551E+3	1.375000E+3	0.000000E+0	-3.224521E-3	-4.423604E-3	9.041875E-2	2.952401E+2	2.705078E+1	2.980000E+2
4.134881E+3	1.382000E+3	0.000000E+0	-4.155574E-3	-6.414392E-3	9.041421E-2	2.952450E+2	2.707520E+1	2.980000E+2
4.136207E+3	1.389000E+3	0.000000E+0	-6.283006E-3	-8.268070E-3	9.104497E-2	2.952467E+2	2.707520E+1	2.980000E+2
4.137530E+3	1.396000E+3	0.000000E+0	-7.811611E-3	-1.083068E-2	9.128320E-2	2.952439E+2	2.705078E+1	2.980000E+2
4.138745E+3	1.403000E+3	0.000000E+0	-1.039534E-2	-1.528334E-2	9.144883E-2	2.952372E+2	2.705078E+1	2.980000E+2
4.140071E+3	1.410000E+3	0.000000E+0	-1.500612E-2	-2.334580E-2	9.199109E-2	2.952261E+2	2.705078E+1	2.980000E+2
4.141391E+3	1.417000E+3	0.000000E+0	-1.860447E-2	-2.889818E-2	9.213630E-2	2.952429E+2	2.705078E+1	2.980000E+2
4.142720E+3	1.424000E+3	0.000000E+0	-2.247523E-2	-3.222487E-2	9.262185E-2	2.952298E+2	2.705078E+1	2.980000E+2
4.158894E+3	1.431000E+3	0.000000E+0	-2.250301E-2	-3.080376E-2	9.311420E-2	2.952473E+2	2.705078E+1	2.970000E+2
4.160226E+3	1.438000E+3	0.000000E+0	-1.856931E-2	-2.354773E-2	9.329345E-2	2.952462E+2	2.705078E+1	2.970000E+2
4.161447E+3	1.445000E+3	0.000000E+0	-1.040115E-2	-1.080447E-2	9.379716E-2	2.952620E+2	2.705078E+1	2.970000E+2
4.162777E+3	1.452000E+3	0.000000E+0	3.312164E-3	8.888602E-3	9.426007E-2	2.952436E+2	2.707520E+1	2.970000E+2
4.164107E+3	1.459000E+3	0.000000E+0	2.137142E-2	3.115124E-2	9.471622E-2	2.952591E+2	2.707520E+1	2.970000E+2
4.165443E+3	1.466000E+3	0.000000E+0	3.377642E-2	4.721100E-2	9.525631E-2	2.952476E+2	2.707520E+1	2.970000E+2
4.166771E+3	1.473000E+3	0.000000E+0	4.410536E-2	5.890658E-2	9.618454E-2	2.952532E+2	2.707520E+1	2.970000E+2
4.168108E+3	1.480000E+3	0.000000E+0	4.655737E-2	6.135819E-2	9.655255E-2	2.952440E+2	2.705078E+1	2.970000E+2
4.169439E+3	1.487000E+3	0.000000E+0	3.904620E-2	5.566255E-2	9.788508E-2	2.952669E+2	2.707520E+1	2.970000E+2
4.170766E+3	1.494000E+3	0.000000E+0	3.117027E-2	4.434325E-2	9.868192E-2	2.952492E+2	2.707520E+1	2.970000E+2
4.172098E+3	1.501000E+3	0.000000E+0	1.549574E-2	2.383491E-2	9.946982E-2	2.952395E+2	2.705078E+1	2.970000E+2
4.173421E+3	1.508000E+3	0.000000E+0	4.409143E-3	4.274799E-3	1.000150E-1	2.952403E+2	2.707520E+1	2.970000E+2
4.174635E+3	1.515000E+3	0.000000E+0	-7.533620E-3	-1.679533E-2	1.023588E-1	2.952444E+2	2.707520E+1	2.970000E+2
4.190878E+3	1.522000E+3	0.000000E+0	-1.679649E-2	-2.907449E-2	1.036283E-1	2.952306E+2	2.705078E+1	2.990000E+2
4.192207E+3	1.529000E+3	0.000000E+0	-2.112108E-2	-2.813238E-2	1.046526E-1	2.952388E+2	2.705078E+1	2.990000E+2
4.193532E+3	1.536000E+3	0.000000E+0	-1.911354E-2	-2.720835E-2	1.061514E-1	2.952462E+2	2.705078E+1	2.990000E+2
4.194743E+3	1.543000E+3	0.000000E+0	-1.600415E-2	-2.213941E-2	1.079508E-1	2.952448E+2	2.705078E+1	2.990000E+2
4.196059E+3	1.550000E+3	0.000000E+0	-8.363155E-3	-1.020767E-2	1.096044E-1	2.952380E+2	2.705078E+1	2.990000E+2
4.197376E+3	1.557000E+3	0.000000E+0	-2.683916E-3	-3.041532E-3	1.112262E-1	2.952514E+2	2.705078E+1	2.990000E+2
4.198700E+3	1.564000E+3	0.000000E+0	1.365369E-3	3.501344E-4	1.119713E-1	2.952443E+2	2.705078E+1	2.990000E+2
4.199904E+3	1.571000E+3	0.000000E+0	1.377923E-3	1.318115E-3	1.143562E-1	2.952291E+2	2.707520E+1	2.990000E+2
4.201342E+3	1.578000E+3	0.000000E+0	1.943657E-4	8.523572E-4	1.160209E-1	2.952329E+2	2.707520E+1	2.990000E+2
4.202555E+3	1.585000E+3	0.000000E+0	-6.493775E-4	-1.022261E-3	1.173361E-1	2.952342E+2	2.707520E+1	2.990000E+2
4.203880E+3	1.592000E+3	0.000000E+0	-8.015147E-4	-2.619435E-3	1.192710E-1	2.952360E+2	2.705078E+1	2.990000E+2
4.205210E+3	1.599000E+3	0.000000E+0	-2.581900E-3	-4.510443E-3	1.214236E-1	2.952282E+2	2.705078E+1	2.990000E+2
4.206422E+3	1.606000E+3	0.000000E+0	-2.014471E-3	-4.309090E-3	1.221004E-1	2.952280E+2	2.705078E+1	2.990000E+2
4.207734E+3	1.613000E+3	0.000000E+0	-3.018850E-3	-5.096108E-3	1.242982E-1	2.952387E+2	2.705078E+1	2.990000E+2
4.223950E+3	1.620000E+3	0.000000E+0	-2.218649E-3	-3.830901E-3	1.254789E-1	2.952341E+2	2.705078E+1	2.950000E+2
4.225264E+3	1.627000E+3	0.000000E+0	-1.327449E-3	-3.120922E-3	1.268773E-1	2.952428E+2	2.705078E+1	2.950000E+2
4.226584E+3	1.634000E+3	0.000000E+0	-5.931718E-4	-1.983520E-3	1.281280E-1	2.952297E+2	2.705078E+1	2.950000E+2
4.227910E+3	1.641000E+3	0.000000E+0	-5.604472E-4	-7.885239E-4	1.281280E-1	2.952324E+2	2.705078E+1	2.950000E+2
4.229126E+3	1.648000E+3	0.000000E+0	1.586007E-4	-1.348436E-3	1.302499E-1	2.952274E+2	2.705078E+1	2.950000E+2
4.230444E+3	1.655000E+3	0.000000E+0	-4.852569E-4	-2.161218E-4	1.307719E-1	2.952401E+2	2.707520E+1	2.950000E+2
4.231765E+3	1.662000E+3	0.000000E+0	-1.980723E-4	-4.243194E-4	1.313187E-1	2.952337E+2	2.707520E+1	2.950000E+2
4.233090E+3	1.669000E+3	0.000000E+0	-1.115304E-4	-4.114895E-4	1.320199E-1	2.952530E+2	2.705078E+1	2.950000E+2
4.234308E+3	1.676000E+3	0.000000E+0	-3.951463E-4	-5.647481E-4	1.327278E-1	2.952472E+2	2.705078E+1	2.950000E+2
4.235631E+3	1.683000E+3	0.000000E+0	-7.724735E-4	6.083997E-5	1.331022E-1	2.952512E+2	2.705078E+1	2.950000E+2
4.236951E+3	1.690000E+3	0.000000E+0	-8.341771E-4	5.818999E-5	1.332065E-1	2.952417E+2	2.707520E+1	2.950000E+2
4.238271E+3	1.697000E+3	0.000000E+0	-2.413407E-4	-1.555975E-4	1.337874E-1	2.952394E+2	2.705078E+1	2.950000E+2
4.239700E+3	1.704000E+3	0.000000E+0	-3.338295E-4	3.375205E-4	1.338305E-1	2.952324E+2	2.705078E+1	2.950000E+2
4.255900E+3	1.711000E+3	0.000000E+0	2.726422E-4	2.379772E-4	1.339394E-1	2.952385E+2	2.702637E+1	2.980000E+2
4.257223E+3	1.718000E+3	0.000000E+0	-5.739735E-4	-3.285146E-4	1.339280E-1	2.952261E+2	2.702637E+1	2.980000E+2
4.258547E+3	1.725000E+3	0.000000E+0	-6.009453E-4	-2.763180E-4	1.338554E-1	2.952275E+2	2.702637E+1	2.980000E+2
4.259870E+3	1.732000E+3	0.000000E+0	-1.208175E-3	-5.029162E-4	1.339802E-1	2.952322E+2	2.702637E+1	2.980000E+2
4.261083E+3	1.739000E+3	0.000000E+0	-5.905309E-4	-7.109546E-4	1.339439E-1	2.952282E+2	2.702637E+1	2.980000E+2
4.262401E+3	1.746000E+3	0.000000E+0	-6.889089E-5	-3.785780E-4	1.340279E-1	2.952213E+2	2.702637E+1	2.980000E+2
4.263722E+3	1.753000E+3	0.000000E+0	-8.698265E-4	-7.978293E-4	1.338895E-1	2.952168E+2	2.702637E+1	2.980000E+2
4.265044E+3	1.760000E+3	0.000000E+0	2.434316E-4	-1.089368E-3	1.339575E-1	2.952284E+2	2.702637E+1	2.980000E+2
4.266266E+3	1.767000E+3	0.000000E+0	-9.135218E-4	-8.770436E-4	1.339053E-1	2.952533E+2	2.702637E+1	2.980000E+2
4.267600E+3	1.774000E+3	0.000000E+0	-2.839153E-4	-1.413745E-3	1.341073E-1	2.952316E+2	2.702637E+1	2.980000E+2
4.268925E+3	1.781000E+3	0.000000E+0	-1.293293E-3	-1.883746E-3	1.342253E-1	2.952268E+2	2.702637E+1	2.980000E+2
4.270360E+3	1.788000E+3	0.000000E+0	-2.938900E-3	-3.747902E-3	1.344385E-1	2.952290E+2	2.702637E+1	2.980000E+2
4.271691E+3	1.795000E+3	0.000000E+0	-3.658691E-3	-6.014984E-3	1.345248E-1	2.952291E+2	2.702637E+1	2.980000E+2
4.288049E+3	1.802000E+3	0.000000E+0	-8.985186E-3	-1.355411E-2	1.350239E-1	2.952107E+2	2.702637E+1	2.950000E+2
4.289374E+3	1.809000E+3	0.000000E+0	-1.309898E-2	-1.899468E-2	1.352349E-1	2.951969E+2	2.702637E+1	2.950000E+2
4.290594E+3	1.816000E+3	0.000000E+0	-2.434960E-2	-3.201158E-2	1.359587E-1	2.952077E+2	2.702637E+1	2.950000E+2
4.291920E+3	1.823000E+3	0.000000E+0	-3.091119E-2	-4.335303E-2	1.364578E-1	2.952137E+2	2.702637E+1	2.950000E+2
4.293246E+3	1.830000E+3	0.000000E+0	-3.925569E-2	-5.564266E-2	1.370773E-1	2.952099E+2	2.702637E+1	2.950000E+2
4.294471E+3	1.837000E+3	0.000000E+0	-4.334660E-2	-5.735366E-2	1.379009E-1	2.952057E+2	2.702637E+1	2.950000E+2
4.295805E+3	1.844000E+3	0.000000E+0	-3.879697E-2	-4.791340E-2	1.386224E-1	2.951908E+2	2.702637E+1	2.950000E+2
4.297137E+3	1.851000E+3	0.000000E+0	-2.390141E-2	-2.469265E-2	1.399156E-1	2.952089E+2	2.702637E+1	2.950000E+2
4.298468E+3	1.858000E+3	0.000000E+0	-5.285223E-3	-3.584669E-3	1.404375E-1	2.952086E+2	2.702637E+1	2.950000E+2
4.299793E+3	1.865000E+3	0.000000E+0	1.676613E-2	2.663737E-2	1.423502E-1	2.952081E+2	2.702637E+1	2.950000E+2
4.301122E+3	1.872000E+3	0.000000E+0	2.283807E-2	4.298713E-2	1.437614E-1	2.952120E+2	2.702637E+1	2.950000E+2
4.302449E+3	1.879000E+3	0.000000E+0	2.064008E-2	4.958140E-2	1.442447E-1	2.952237E+2	2.702637E+1	2.950000E+2
4.303665E+3	1.886000E+3	0.000000E+0	1.326360E-2	2.724563E-2	1.465090E-1	2.952252E+2	2.702637E+1	2.950000E+2
4.318893E+3	1.893000E+3	0.000000E+0	-1.937910E-2	-2.937819E-2	1.475663E-1	2.952049E+2	2.702637E+1	2.970000E+2
4.320222E+3	1.900000E+3	0.000000E+0	-5.549002E-2	-8.223234E-2	1.492408E-1	2.952072E+2	2.702637E+1	2.970000E+2
4.321550E+3	1.907000E+3	0.000000E+0	-7.863115E-2	-1.211677E-1	1.499373E-1	2.952064E+2	2.702637E+1	2.970000E+2
4.322767E+3	1.914000E+3	0.000000E+0	-8.231812E-2	-1.397588E-1	1.518228E-1	2.952118E+2	2.705078E+1	2.970000E+2
4.324091E+3	1.921000E+3	0.000000E+0	-6.139863E-2	-1.156610E-1	1.527530E-1	2.952066E+2	2.702637E+1	2.970000E+2
4.325422E+3	1.928000E+3	0.000000E+0	-1.599022E-2	-4.887909E-2	1.534632E-1	2.952096E+2	2.702637E+1	2.970000E+2
4.326752E+3	1.935000E+3	0.000000E+0	5.422829E-2	6.822732E-2	1.549470E-1	2.952185E+2	2.702637E+1	2.970000E+2
4.327964E+3	1.942000E+3	0.000000E+0	1.032989E-1	1.514571E-1	1.564422E-1	2.952176E+2	2.702637E+1	2.970000E+2
4.329290E+3	1.949000E+3	0.000000E+0	1.594801E-1	2.454809E-1	1.578013E-1	2.952011E+2	2.702637E+1	2.970000E+2
4.330616E+3	1.956000E+3	0.000000E+0	1.884618E-1	2.690642E-1	1.586158E-1	2.952277E+2	2.702637E+1	2.970000E+2
4.331938E+3	1.963000E+3	0.000000E+0	1.849160E-1	2.557143E-1	1.598864E-1	2.952096E+2	2.702637E+1	2.970000E+2
4.333149E+3	1.970000E+3	0.000000E+0	1.530509E-1	2.063750E-1	1.608280E-1	2.952136E+2	2.702637E+1	2.970000E+2
4.334481E+3	1.977000E+3	0.000000E+0	8.139215E-2	1.185341E-1	1.617129E-1	2.952133E+2	2.702637E+1	2.970000E+2
4.335809E+3	1.984000E+3	0.000000E+0	-3.353829E-3	9.440000E-3	1.616720E-1	2.952028E+2	2.702637E+1	2.970000E+2
4.351960E+3	1.991000E+3	0.000000E+0	-6.448034E-2	-7.524458E-2	1.619670E-1	2.952312E+2	2.702637E+1	2.970000E+2
4.353284E+3	1.998000E+3	0.000000E+0	-1.182122E-1	-1.511068E-1	1.623981E-1	2.952304E+2	2.702637E+1	2.970000E+2
4.354608E+3	2.005000E+3	0.000000E+0	-1.361175E-1	-1.813820E-1	1.629449E-1	2.952226E+2	2.702637E+1	2.970000E+2
4.355937E+3	2.012000E+3	0.000000E+0	-1.172014E-1	-1.677508E-1	1.629313E-1	2.952285E+2	2.705078E+1	2.970000E+2
4.357270E+3	2.019000E+3	0.000000E+0	-9.087252E-2	-1.322218E-1	1.635121E-1	2.952149E+2	2.702637E+1	2.970000E+2
4.358601E+3	2.026000E+3	0.000000E+0	-3.514297E-2	-4.773871E-2	1.636913E-1	2.952139E+2	2.702637E+1	2.970000E+2
4.359817E+3	2.033000E+3	0.000000E+0	9.065752E-3	1.793013E-2	1.634554E-1	2.952232E+2	2.702637E+1	2.970000E+2
4.361259E+3	2.040000E+3	0.000000E+0	4.796616E-2	7.891437E-2	1.637186E-1	2.952219E+2	2.702637E+1	2.970000E+2
4.362474E+3	2.047000E+3	0.000000E+0	7.019516E-2	1.110249E-1	1.635348E-1	2.952093E+2	2.702637E+1	2.970000E+2
4.363801E+3	2.054000E+3	0.000000E+0	7.261043E-2	1.143248E-1	1.634259E-1	2.952169E+2	2.702637E+1	2.970000E+2
4.365017E+3	2.061000E+3	0.000000E+0	5.826927E-2	9.429573E-2	1.636777E-1	2.952246E+2	2.702637E+1	2.970000E+2
4.366341E+3	2.068000E+3	0.000000E+0	4.195083E-2	6.477182E-2	1.635870E-1	2.952094E+2	2.702637E+1	2.970000E+2
4.367668E+3	2.075000E+3	0.000000E+0	1.195709E-2	1.439782E-2	1.638479E-1	2.952141E+2	2.702637E+1	2.970000E+2
4.382819E+3	2.082000E+3	0.000000E+0	-1.109146E-2	-2.069198E-2	1.634623E-1	2.952067E+2	2.702637E+1	2.980000E+2
4.384148E+3	2.089000E+3	0.000000E+0	-3.053429E-2	-4.707357E-2	1.638072E-1	2.952064E+2	2.702637E+1	2.980000E+2
4.385476E+3	2.096000E+3	0.000000E+0	-4.893175E-2	-7.493157E-2	1.646786E-1	2.952107E+2	2.702637E+1	2.980000E+2
4.386805E+3	2.103000E+3	0.000000E+0	-5.378188E-2	-8.452367E-2	1.658882E-1	2.952199E+2	2.702637E+1	2.980000E+2
4.388020E+3	2.110000E+3	0.000000E+0	-5.221651E-2	-7.517733E-2	1.667622E-1	2.952246E+2	2.702637E+1	2.980000E+2
4.389348E+3	2.117000E+3	0.000000E+0	-4.096702E-2	-5.732151E-2	1.673251E-1	2.952307E+2	2.702637E+1	2.980000E+2
4.390678E+3	2.124000E+3	0.000000E+0	-2.339580E-2	-3.490673E-2	1.694956E-1	2.952134E+2	2.702637E+1	2.980000E+2
