3.502273E+3	2.131000E+3	0.000000E+0	-1.145822E-2	-1.404068E-2	1.707103E-1	2.952536E+2	2.714844E+1	2.980000E+2
3.503487E+3	8.500000E+2	0.000000E+0	3.551683E-4	1.645383E-4	2.688753E-2	2.952072E+2	2.714844E+1	2.980000E+2
3.518850E+3	8.570000E+2	0.000000E+0	1.687841E-4	4.472254E-5	2.759089E-2	2.952428E+2	2.714844E+1	2.970000E+2
3.520178E+3	8.640000E+2	0.000000E+0	-5.178376E-4	-2.410066E-4	2.801517E-2	2.952514E+2	2.719727E+1	2.970000E+2
3.521501E+3	8.710000E+2	0.000000E+0	-4.793869E-4	-3.655829E-4	2.857332E-2	2.952489E+2	2.719727E+1	2.970000E+2
3.522820E+3	8.780000E+2	0.000000E+0	1.330120E-4	3.451783E-4	2.969869E-2	2.952569E+2	2.719727E+1	2.970000E+2
3.524149E+3	8.850000E+2	0.000000E+0	8.845530E-4	-4.711434E-4	3.031356E-2	2.952482E+2	2.719727E+1	2.970000E+2
3.525473E+3	8.920000E+2	0.000000E+0	3.201088E-4	-2.273401E-4	3.052229E-2	2.952408E+2	2.719727E+1	2.970000E+2
3.526683E+3	8.990000E+2	0.000000E+0	-5.362532E-5	-3.284202E-4	3.174976E-2	2.952406E+2	2.714844E+1	2.970000E+2
3.528004E+3	9.060000E+2	0.000000E+0	-1.015201E-3	-6.161191E-5	3.212413E-2	2.952264E+2	2.719727E+1	2.970000E+2
3.529328E+3	9.130000E+2	0.000000E+0	-5.693270E-4	-4.211187E-4	3.275942E-2	2.952401E+2	2.719727E+1	2.970000E+2
3.530644E+3	9.200000E+2	0.000000E+0	-7.697055E-4	-2.770654E-4	3.383261E-2	2.952458E+2	2.719727E+1	2.970000E+2
3.531856E+3	9.270000E+2	0.000000E+0	-4.522005E-4	-6.842376E-4	3.468571E-2	2.952429E+2	2.714844E+1	2.970000E+2
3.533185E+3	9.340000E+2	0.000000E+0	-7.864835E-4	-1.040826E-3	3.503058E-2	2.952360E+2	2.714844E+1	2.970000E+2
3.534513E+3	9.410000E+2	0.000000E+0	-3.941377E-4	-5.759216E-4	3.511907E-2	2.952383E+2	2.714844E+1	2.970000E+2
3.535836E+3	9.480000E+2	0.000000E+0	-3.177182E-4	2.661632E-4	3.613553E-2	2.952276E+2	2.714844E+1	2.970000E+2
3.551944E+3	9.550000E+2	0.000000E+0	3.330032E-4	-2.709452E-4	3.715880E-2	2.952410E+2	2.714844E+1	2.970000E+2
3.553160E+3	9.620000E+2	0.000000E+0	7.250406E-6	8.195714E-4	3.787804E-2	2.952388E+2	2.714844E+1	2.970000E+2
3.554485E+3	9.690000E+2	0.000000E+0	7.476278E-4	8.675910E-4	3.805274E-2	2.952396E+2	2.714844E+1	2.970000E+2
3.555811E+3	9.760000E+2	0.000000E+0	4.263328E-4	1.353156E-3	3.919853E-2	2.952322E+2	2.714844E+1	2.970000E+2
3.557143E+3	9.830000E+2	0.000000E+0	1.545356E-3	5.859408E-4	3.951391E-2	2.952472E+2	2.714844E+1	2.970000E+2
3.558359E+3	9.900000E+2	0.000000E+0	-3.735476E-4	-4.152720E-4	4.043735E-2	2.952353E+2	2.717285E+1	2.970000E+2
3.559687E+3	9.970000E+2	0.000000E+0	-1.533377E-4	5.452322E-4	4.037836E-2	2.952344E+2	2.717285E+1	2.970000E+2
3.561018E+3	1.004000E+3	0.000000E+0	-6.116381E-4	3.630466E-5	4.197339E-2	2.952274E+2	2.714844E+1	2.970000E+2
3.562234E+3	1.011000E+3	0.000000E+0	-4.923595E-4	-6.980838E-4	4.241355E-2	2.952222E+2	2.712402E+1	2.970000E+2
3.563565E+3	1.018000E+3	0.000000E+0	-1.289675E-3	-1.612331E-3	4.353892E-2	2.952093E+2	2.712402E+1	2.970000E+2
3.564893E+3	1.025000E+3	0.000000E+0	-1.436619E-3	-1.261394E-3	4.447824E-2	2.952219E+2	2.712402E+1	2.970000E+2
3.566221E+3	1.032000E+3	0.000000E+0	-4.997999E-4	-1.847508E-3	4.539488E-2	2.952295E+2	2.712402E+1	2.970000E+2
3.567439E+3	1.039000E+3	0.000000E+0	-7.972816E-4	-2.685759E-3	4.605285E-2	2.952193E+2	2.712402E+1	2.970000E+2
3.582802E+3	1.046000E+3	0.000000E+0	-1.742604E-3	-1.788626E-3	4.635689E-2	2.952091E+2	2.714844E+1	2.980000E+2
3.584013E+3	1.053000E+3	0.000000E+0	-2.568375E-3	-4.203665E-3	4.755940E-2	2.952030E+2	2.714844E+1	2.980000E+2
3.585333E+3	1.060000E+3	0.000000E+0	-4.320892E-3	-6.491615E-3	4.850779E-2	2.952081E+2	2.712402E+1	2.980000E+2
3.586654E+3	1.067000E+3	0.000000E+0	-6.895347E-3	-1.003697E-2	4.895703E-2	2.952084E+2	2.712402E+1	2.980000E+2
3.587980E+3	1.074000E+3	0.000000E+0	-1.195352E-2	-1.632575E-2	4.947661E-2	2.952141E+2	2.712402E+1	2.980000E+2
3.589302E+3	1.081000E+3	0.000000E+0	-1.606170E-2	-2.064750E-2	5.071316E-2	2.952155E+2	2.712402E+1	2.980000E+2
3.590623E+3	1.088000E+3	0.000000E+0	-2.004904E-2	-3.048484E-2	5.187483E-2	2.952101E+2	2.712402E+1	2.980000E+2
3.591839E+3	1.095000E+3	0.000000E+0	-2.529822E-2	-3.715682E-2	5.190432E-2	2.952187E+2	2.712402E+1	2.980000E+2
3.593165E+3	1.102000E+3	0.000000E+0	-3.045327E-2	-4.404143E-2	5.339045E-2	2.952155E+2	2.712402E+1	2.980000E+2
3.594483E+3	1.109000E+3	0.000000E+0	-3.286764E-2	-4.610469E-2	5.407565E-2	2.952033E+2	2.712402E+1	2.980000E+2
3.595806E+3	1.116000E+3	0.000000E+0	-3.048037E-2	-4.497838E-2	5.480850E-2	2.952086E+2	2.712402E+1	2.980000E+2
3.597019E+3	1.123000E+3	0.000000E+0	-2.624918E-2	-3.875155E-2	5.541203E-2	2.951976E+2	2.712402E+1	2.980000E+2
3.598346E+3	1.130000E+3	0.000000E+0	-1.979547E-2	-2.763107E-2	5.666673E-2	2.952071E+2	2.712402E+1	2.980000E+2
3.599672E+3	1.137000E+3	0.000000E+0	-4.682394E-3	-3.190851E-3	5.770588E-2	2.951969E+2	2.712402E+1	2.980000E+2
3.615708E+3	1.144000E+3	0.000000E+0	1.076568E-2	1.445310E-2	5.796907E-2	2.952086E+2	2.712402E+1	2.980000E+2
3.617031E+3	1.151000E+3	0.000000E+0	3.263994E-2	4.601786E-2	5.945293E-2	2.952265E+2	2.712402E+1	2.980000E+2
3.618355E+3	1.158000E+3	0.000000E+0	4.582324E-2	6.727369E-2	5.999519E-2	2.952122E+2	2.712402E+1	2.980000E+2
3.619678E+3	1.165000E+3	0.000000E+0	6.331684E-2	9.033312E-2	6.138148E-2	2.952104E+2	2.712402E+1	2.980000E+2
3.621009E+3	1.172000E+3	0.000000E+0	7.025588E-2	9.557993E-2	6.263845E-2	2.952077E+2	2.712402E+1	2.980000E+2
3.622230E+3	1.179000E+3	0.000000E+0	6.667396E-2	9.570576E-2	6.274962E-2	2.952098E+2	2.712402E+1	2.980000E+2
3.623563E+3	1.186000E+3	0.000000E+0	5.933468E-2	8.959775E-2	6.460104E-2	2.952104E+2	2.712402E+1	2.980000E+2
3.624887E+3	1.193000E+3	0.000000E+0	5.119245E-2	7.323997E-2	6.549725E-2	2.952077E+2	2.712402E+1	2.980000E+2
3.626208E+3	1.200000E+3	0.000000E+0	3.079443E-2	4.719388E-2	6.642977E-2	2.952099E+2	2.707520E+1	2.980000E+2
3.627537E+3	1.207000E+3	0.000000E+0	1.661011E-2	2.861226E-2	6.801345E-2	2.952056E+2	2.707520E+1	2.980000E+2
3.628855E+3	1.214000E+3	0.000000E+0	-9.992758E-4	1.809578E-3	6.944058E-2	2.951977E+2	2.707520E+1	2.980000E+2
3.630185E+3	1.221000E+3	0.000000E+0	-1.013055E-2	-1.438671E-2	7.032545E-2	2.952088E+2	2.707520E+1	2.980000E+2
3.631498E+3	1.228000E+3	0.000000E+0	-2.190073E-2	-3.214190E-2	7.124889E-2	2.952098E+2	2.707520E+1	2.980000E+2
3.646626E+3	1.235000E+3	0.000000E+0	-2.570431E-2	-4.059887E-2	7.354047E-2	2.952202E+2	2.707520E+1	2.970000E+2
3.647951E+3	1.242000E+3	0.000000E+0	-2.807618E-2	-4.170511E-2	7.446164E-2	2.952113E+2	2.707520E+1	2.970000E+2
3.649265E+3	1.249000E+3	0.000000E+0	-2.880481E-2	-3.912873E-2	7.559382E-2	2.952163E+2	2.707520E+1	2.970000E+2
3.650475E+3	1.256000E+3	0.000000E+0	-2.515136E-2	-3.720858E-2	7.614289E-2	2.952114E+2	2.707520E+1	2.970000E+2
3.651916E+3	1.263000E+3	0.000000E+0	-2.294076E-2	-3.273187E-2	7.857287E-2	2.952088E+2	2.707520E+1	2.970000E+2
3.653125E+3	1.270000E+3	0.000000E+0	-1.912068E-2	-2.808662E-2	7.967555E-2	2.952045E+2	2.707520E+1	2.970000E+2
3.654442E+3	1.277000E+3	0.000000E+0	-1.635619E-2	-2.449263E-2	8.011345E-2	2.952126E+2	2.707520E+1	2.970000E+2
3.655769E+3	1.284000E+3	0.000000E+0	-1.156223E-2	-1.752226E-2	8.175613E-2	2.952324E+2	2.707520E+1	2.970000E+2
3.657095E+3	1.291000E+3	0.000000E+0	-8.874691E-3	-1.350742E-2	8.217133E-2	2.952227E+2	2.707520E+1	2.970000E+2
3.658307E+3	1.298000E+3	0.000000E+0	-4.795312E-3	-7.759333E-3	8.314242E-2	2.952087E+2	2.707520E+1	2.970000E+2
3.659631E+3	1.305000E+3	0.000000E+0	-2.699988E-3	-2.896647E-3	8.385712E-2	2.952024E+2	2.707520E+1	2.970000E+2
3.660951E+3	1.312000E+3	0.000000E+0	7.469655E-4	1.247128E-3	8.515492E-2	2.952180E+2	2.707520E+1	2.970000E+2
3.662273E+3	1.319000E+3	0.000000E+0	2.277766E-3	3.674398E-3	8.578341E-2	2.952252E+2	2.707520E+1	2.970000E+2
3.663491E+3	1.326000E+3	0.000000E+0	3.614799E-3	6.857678E-3	8.598534E-2	2.952120E+2	2.707520E+1	2.970000E+2
3.679904E+3	1.333000E+3	0.000000E+0	4.177703E-3	7.172555E-3	8.694054E-2	2.952151E+2	2.707520E+1	2.970000E+2
3.681232E+3	1.340000E+3	0.000000E+0	4.540125E-3	7.224246E-3	8.742608E-2	2.952053E+2	2.707520E+1	2.970000E+2
3.682559E+3	1.347000E+3	0.000000E+0	3.620557E-3	5.159657E-3	8.761213E-2	2.952146E+2	2.707520E+1	2.970000E+2
3.683779E+3	1.354000E+3	0.000000E+0	1.462708E-3	3.813316E-3	8.793432E-2	2.952227E+2	2.707520E+1	2.970000E+2
3.685103E+3	1.361000E+3	0.000000E+0	6.107563E-4	4.581581E-4	8.890540E-2	2.952040E+2	2.707520E+1	2.970000E+2
3.686430E+3	1.368000E+3	0.000000E+0	-1.073768E-3	-1.759322E-3	8.941363E-2	2.951969E+2	2.707520E+1	2.970000E+2
3.687761E+3	1.375000E+3	0.000000E+0	-3.446194E-3	-4.253258E-3	8.956338E-2	2.952167E+2	2.707520E+1	2.970000E+2
3.688977E+3	1.382000E+3	0.000000E+0	-3.963963E-3	-5.427092E-3	9.030758E-2	2.952256E+2	2.707520E+1	2.970000E+2
3.690302E+3	1.389000E+3	0.000000E+0	-6.547660E-3	-8.635752E-3	9.077724E-2	2.952205E+2	2.707520E+1	2.970000E+2
3.691633E+3	1.396000E+3	0.000000E+0	-8.355647E-3	-1.034303E-2	9.112211E-2	2.952006E+2	2.707520E+1	2.970000E+2
3.692962E+3	1.403000E+3	0.000000E+0	-1.043384E-2	-1.521796E-2	9.116295E-2	2.952049E+2	2.707520E+1	2.970000E+2
3.694292E+3	1.410000E+3	0.000000E+0	-1.477889E-2	-2.291345E-2	9.162126E-2	2.952079E+2	2.707520E+1	2.970000E+2
3.695509E+3	1.417000E+3	0.000000E+0	-1.910328E-2	-2.836377E-2	9.214084E-2	2.952175E+2	2.707520E+1	2.970000E+2
3.710809E+3	1.424000E+3	0.000000E+0	-2.289732E-2	-3.302445E-2	9.227017E-2	2.952211E+2	2.707520E+1	2.990000E+2
3.712139E+3	1.431000E+3	0.000000E+0	-2.275839E-2	-3.044240E-2	9.239270E-2	2.952304E+2	2.707520E+1	2.990000E+2
3.713466E+3	1.438000E+3	0.000000E+0	-1.945921E-2	-2.643915E-2	9.285330E-2	2.952209E+2	2.707520E+1	2.990000E+2
3.714795E+3	1.445000E+3	0.000000E+0	-1.110407E-2	-1.014009E-2	9.346137E-2	2.952210E+2	2.707520E+1	2.990000E+2
3.716126E+3	1.452000E+3	0.000000E+0	8.272245E-4	4.984721E-3	9.395376E-2	2.951993E+2	2.707520E+1	2.990000E+2
3.717453E+3	1.459000E+3	0.000000E+0	2.073575E-2	2.942948E-2	9.460956E-2	2.952154E+2	2.707520E+1	2.990000E+2
3.718779E+3	1.466000E+3	0.000000E+0	3.366482E-2	4.657702E-2	9.540155E-2	2.952141E+2	2.707520E+1	2.990000E+2
3.720098E+3	1.473000E+3	0.000000E+0	4.633899E-2	6.171009E-2	9.603703E-2	2.952207E+2	2.707520E+1	2.990000E+2
3.721418E+3	1.480000E+3	0.000000E+0	4.913751E-2	6.589261E-2	9.694051E-2	2.952236E+2	2.707520E+1	2.990000E+2
3.722747E+3	1.487000E+3	0.000000E+0	4.423910E-2	6.043059E-2	9.785771E-2	2.952230E+2	2.707520E+1	2.990000E+2
3.724068E+3	1.494000E+3	0.000000E+0	3.342564E-2	4.611054E-2	9.868871E-2	2.952195E+2	2.707520E+1	2.990000E+2
3.725397E+3	1.501000E+3	0.000000E+0	1.811341E-2	2.593325E-2	9.996265E-2	2.952096E+2	2.707520E+1	2.990000E+2
3.726722E+3	1.508000E+3	0.000000E+0	5.517377E-4	1.947756E-3	1.010301E-1	2.952155E+2	2.707520E+1	2.990000E+2
3.742715E+3	1.515000E+3	0.000000E+0	-1.102299E-2	-1.617676E-2	1.019092E-1	2.952156E+2	2.707520E+1	2.950000E+2
3.744043E+3	1.522000E+3	0.000000E+0	-2.225625E-2	-2.726393E-2	1.041168E-1	2.952056E+2	2.707520E+1	2.950000E+2
3.745258E+3	1.529000E+3	0.000000E+0	-2.483293E-2	-3.056798E-2	1.044870E-1	2.952036E+2	2.707520E+1	2.950000E+2
3.746585E+3	1.536000E+3	0.000000E+0	-2.077705E-2	-2.725279E-2	1.066722E-1	2.952197E+2	2.707520E+1	2.950000E+2
3.747915E+3	1.543000E+3	0.000000E+0	-1.560513E-2	-2.186378E-2	1.081982E-1	2.952232E+2	2.707520E+1	2.950000E+2
3.749241E+3	1.550000E+3	0.000000E+0	-7.907469E-3	-1.208760E-2	1.092138E-1	2.952240E+2	2.707520E+1	2.950000E+2
3.750462E+3	1.557000E+3	0.000000E+0	-1.590942E-3	-5.850348E-3	1.101654E-1	2.952192E+2	2.707520E+1	2.950000E+2
3.751793E+3	1.564000E+3	0.000000E+0	1.826001E-4	-1.299268E-3	1.129365E-1	2.952250E+2	2.707520E+1	2.950000E+2
3.753117E+3	1.571000E+3	0.000000E+0	1.779120E-3	1.567418E-3	1.150122E-1	2.952086E+2	2.707520E+1	2.950000E+2
3.754446E+3	1.578000E+3	0.000000E+0	4.854009E-4	6.915127E-4	1.156960E-1	2.952036E+2	2.707520E+1	2.950000E+2
3.755663E+3	1.585000E+3	0.000000E+0	-4.843875E-4	-7.180160E-4	1.185033E-1	2.952040E+2	2.707520E+1	2.950000E+2
3.756993E+3	1.592000E+3	0.000000E+0	-9.584616E-4	-2.190446E-3	1.200727E-1	2.952110E+2	2.707520E+1	2.950000E+2
3.758319E+3	1.599000E+3	0.000000E+0	-2.445369E-3	-3.597942E-3	1.209606E-1	2.952193E+2	2.707520E+1	2.950000E+2
3.759648E+3	1.606000E+3	0.000000E+0	-2.622698E-3	-4.187648E-3	1.229860E-1	2.952098E+2	2.707520E+1	2.950000E+2
3.775608E+3	1.613000E+3	0.000000E+0	-2.524533E-3	-3.973959E-3	1.238783E-1	2.952227E+2	2.705078E+1	2.990000E+2
3.777052E+3	1.620000E+3	0.000000E+0	-1.692357E-3	-3.686817E-3	1.253742E-1	2.952174E+2	2.705078E+1	2.990000E+2
3.778273E+3	1.627000E+3	0.000000E+0	-1.828660E-3	-2.932896E-3	1.264324E-1	2.952239E+2	2.707520E+1	2.990000E+2
3.779602E+3	1.634000E+3	0.000000E+0	-1.597599E-3	-2.201729E-3	1.276378E-1	2.952091E+2	2.707520E+1	2.990000E+2
3.780930E+3	1.641000E+3	0.000000E+0	-8.533580E-4	-4.756703E-4	1.286863E-1	2.952135E+2	2.707520E+1	2.990000E+2
3.782145E+3	1.648000E+3	0.000000E+0	-2.460273E-4	-1.178507E-3	1.301501E-1	2.952020E+2	2.705078E+1	2.990000E+2
3.783474E+3	1.655000E+3	0.000000E+0	-5.496822E-4	-8.215114E-4	1.306698E-1	2.952036E+2	2.705078E+1	2.990000E+2
3.784803E+3	1.662000E+3	0.000000E+0	2.293976E-6	-1.096193E-3	1.313210E-1	2.952027E+2	2.705078E+1	2.990000E+2
3.786020E+3	1.669000E+3	0.000000E+0	-5.801338E-4	5.154192E-4	1.324737E-1	2.952142E+2	2.707520E+1	2.990000E+2
3.787349E+3	1.676000E+3	0.000000E+0	-6.271218E-5	-5.270130E-4	1.327573E-1	2.952175E+2	2.707520E+1	2.990000E+2
3.788678E+3	1.683000E+3	0.000000E+0	-8.028110E-4	3.341787E-4	1.332020E-1	2.952248E+2	2.707520E+1	2.990000E+2
3.790006E+3	1.690000E+3	0.000000E+0	-1.222846E-4	-2.381167E-4	1.334720E-1	2.952118E+2	2.705078E+1	2.990000E+2
3.791221E+3	1.697000E+3	0.000000E+0	-4.276421E-4	-2.224474E-4	1.335764E-1	2.952306E+2	2.705078E+1	2.990000E+2
3.806692E+3	1.704000E+3	0.000000E+0	-2.267267E-5	-3.968342E-4	1.339076E-1	2.952077E+2	2.705078E+1	2.970000E+2
3.808020E+3	1.711000E+3	0.000000E+0	5.193324E-5	-4.524312E-4	1.339802E-1	2.952144E+2	2.705078E+1	2.970000E+2
3.809342E+3	1.718000E+3	0.000000E+0	-4.411332E-4	3.489884E-5	1.340301E-1	2.952053E+2	2.705078E+1	2.970000E+2
3.810668E+3	1.725000E+3	0.000000E+0	-2.112294E-4	2.135458E-4	1.342003E-1	2.952031E+2	2.707520E+1	2.970000E+2
3.811990E+3	1.732000E+3	0.000000E+0	-3.914213E-4	-5.103720E-4	1.341481E-1	2.952118E+2	2.707520E+1	2.970000E+2
3.813311E+3	1.739000E+3	0.000000E+0	-1.085081E-3	-7.885678E-4	1.340143E-1	2.952130E+2	2.705078E+1	2.970000E+2
3.814642E+3	1.746000E+3	0.000000E+0	-7.479319E-4	-7.038638E-4	1.339371E-1	2.952172E+2	2.707520E+1	2.970000E+2
3.815970E+3	1.753000E+3	0.000000E+0	-9.720212E-4	-9.367198E-4	1.338849E-1	2.952094E+2	2.707520E+1	2.970000E+2
3.817296E+3	1.760000E+3	0.000000E+0	7.560531E-5	-7.566162E-4	1.339734E-1	2.952030E+2	2.707520E+1	2.970000E+2
3.818515E+3	1.767000E+3	0.000000E+0	-6.685324E-4	-9.578080E-4	1.340732E-1	2.952079E+2	2.707520E+1	2.970000E+2
3.819846E+3	1.774000E+3	0.000000E+0	-8.204762E-5	-1.117484E-3	1.339938E-1	2.952182E+2	2.705078E+1	2.970000E+2
3.821175E+3	1.781000E+3	0.000000E+0	-3.885624E-4	-1.634384E-3	1.340233E-1	2.952292E+2	2.705078E+1	2.970000E+2
3.822506E+3	1.788000E+3	0.000000E+0	-8.456253E-4	-1.868992E-3	1.343523E-1	2.952224E+2	2.705078E+1	2.970000E+2
3.838649E+3	1.795000E+3	0.000000E+0	-2.002781E-3	-5.060147E-3	1.348152E-1	2.952403E+2	2.705078E+1	2.970000E+2
3.840084E+3	1.802000E+3	0.000000E+0	-6.877091E-3	-1.079548E-2	1.351396E-1	2.952328E+2	2.705078E+1	2.970000E+2
3.841302E+3	1.809000E+3	0.000000E+0	-1.358641E-2	-2.172016E-2	1.351986E-1	2.952247E+2	2.705078E+1	2.970000E+2
3.842631E+3	1.816000E+3	0.000000E+0	-1.953263E-2	-3.133158E-2	1.359360E-1	2.952292E+2	2.705078E+1	2.970000E+2
3.843955E+3	1.823000E+3	0.000000E+0	-3.139988E-2	-4.654352E-2	1.367982E-1	2.952097E+2	2.705078E+1	2.970000E+2
3.845378E+3	1.830000E+3	0.000000E+0	-3.817592E-2	-5.580630E-2	1.371090E-1	2.952308E+2	2.705078E+1	2.970000E+2
3.846695E+3	1.837000E+3	0.000000E+0	-3.990890E-2	-6.053163E-2	1.381096E-1	2.952203E+2	2.705078E+1	2.970000E+2
3.847916E+3	1.844000E+3	0.000000E+0	-3.207409E-2	-5.213041E-2	1.393598E-1	2.952262E+2	2.705078E+1	2.970000E+2
3.849242E+3	1.851000E+3	0.000000E+0	-1.825215E-2	-3.182559E-2	1.396252E-1	2.952259E+2	2.707520E+1	2.970000E+2
3.850568E+3	1.858000E+3	0.000000E+0	-3.197052E-4	-8.876607E-4	1.415129E-1	2.952306E+2	2.707520E+1	2.970000E+2
3.851884E+3	1.865000E+3	0.000000E+0	1.265528E-2	2.008867E-2	1.423275E-1	2.952261E+2	2.705078E+1	2.970000E+2
3.853208E+3	1.872000E+3	0.000000E+0	2.415081E-2	3.439843E-2	1.438953E-1	2.952227E+2	2.707520E+1	2.970000E+2
3.854534E+3	1.879000E+3	0.000000E+0	3.020895E-2	3.021917E-2	1.452680E-1	2.952343E+2	2.707520E+1	2.970000E+2
3.870730E+3	1.886000E+3	0.000000E+0	1.563467E-2	-3.881959E-3	1.469401E-1	2.952322E+2	2.705078E+1	2.980000E+2
3.872060E+3	1.893000E+3	0.000000E+0	-1.387326E-2	-1.994408E-2	1.482243E-1	2.952172E+2	2.707520E+1	2.980000E+2
3.873382E+3	1.900000E+3	0.000000E+0	-5.700595E-2	-8.179956E-2	1.494178E-1	2.952276E+2	2.707520E+1	2.980000E+2
3.874709E+3	1.907000E+3	0.000000E+0	-7.810929E-2	-1.284854E-1	1.506997E-1	2.952413E+2	2.705078E+1	2.980000E+2
3.876034E+3	1.914000E+3	0.000000E+0	-7.510673E-2	-1.348180E-1	1.520406E-1	2.952395E+2	2.707520E+1	2.980000E+2
3.877360E+3	1.921000E+3	0.000000E+0	-4.941572E-2	-9.679096E-2	1.531387E-1	2.952314E+2	2.707520E+1	2.980000E+2
3.878680E+3	1.928000E+3	0.000000E+0	-1.248862E-2	-2.463768E-2	1.535744E-1	2.952173E+2	2.707520E+1	2.980000E+2
3.879892E+3	1.935000E+3	0.000000E+0	5.004681E-2	8.328319E-2	1.552284E-1	2.952368E+2	2.707520E+1	2.980000E+2
3.881207E+3	1.942000E+3	0.000000E+0	1.097304E-1	1.528662E-1	1.564490E-1	2.952230E+2	2.707520E+1	2.980000E+2
3.882534E+3	1.949000E+3	0.000000E+0	1.908380E-1	2.427622E-1	1.572295E-1	2.952170E+2	2.707520E+1	2.980000E+2
3.883854E+3	1.956000E+3	0.000000E+0	2.263369E-1	2.924698E-1	1.590469E-1	2.952406E+2	2.707520E+1	2.980000E+2
3.885068E+3	1.963000E+3	0.000000E+0	2.072943E-1	2.964539E-1	1.601178E-1	2.952190E+2	2.707520E+1	2.980000E+2
3.886382E+3	1.970000E+3	0.000000E+0	1.512084E-1	2.332725E-1	1.610299E-1	2.952287E+2	2.707520E+1	2.980000E+2
3.902616E+3	1.977000E+3	0.000000E+0	8.244516E-2	1.263016E-1	1.615223E-1	2.952274E+2	2.707520E+1	2.980000E+2
3.903940E+3	1.984000E+3	0.000000E+0	4.379236E-3	2.286007E-3	1.623663E-1	2.952278E+2	2.707520E+1	2.980000E+2
3.905268E+3	1.991000E+3	0.000000E+0	-5.367040E-2	-7.879594E-2	1.624389E-1	2.952216E+2	2.707520E+1	2.980000E+2
3.906591E+3	1.998000E+3	0.000000E+0	-1.158873E-1	-1.547648E-1	1.626340E-1	2.952136E+2	2.707520E+1	2.980000E+2
3.907911E+3	2.005000E+3	0.000000E+0	-1.424646E-1	-1.798152E-1	1.632535E-1	2.952239E+2	2.707520E+1	2.980000E+2
3.909235E+3	2.012000E+3	0.000000E+0	-1.250547E-1	-1.685497E-1	1.635575E-1	2.952179E+2	2.707520E+1	2.980000E+2
3.910555E+3	2.019000E+3	0.000000E+0	-9.033078E-2	-1.248152E-1	1.637231E-1	2.952241E+2	2.707520E+1	2.980000E+2
3.911771E+3	2.026000E+3	0.000000E+0	-2.422886E-2	-4.411191E-2	1.637254E-1	2.952146E+2	2.707520E+1	2.980000E+2
3.913096E+3	2.033000E+3	0.000000E+0	2.749026E-2	2.818464E-2	1.638638E-1	2.952293E+2	2.707520E+1	2.980000E+2
3.914418E+3	2.040000E+3	0.000000E+0	6.869218E-2	7.931994E-2	1.635756E-1	2.952101E+2	2.707520E+1	2.980000E+2
3.915744E+3	2.047000E+3	0.000000E+0	8.848131E-2	1.092971E-1	1.632920E-1	2.952238E+2	2.707520E+1	2.980000E+2
3.917067E+3	2.054000E+3	0.000000E+0	8.720005E-2	1.093830E-1	1.635915E-1	2.952235E+2	2.705078E+1	2.980000E+2
3.918277E+3	2.061000E+3	0.000000E+0	6.789605E-2	9.054634E-2	1.635053E-1	2.952147E+2	2.705078E+1	2.980000E+2
3.919606E+3	2.068000E+3	0.000000E+0	4.457396E-2	6.172913E-2	1.636846E-1	2.952263E+2	2.707520E+1	2.980000E+2
3.935826E+3	2.075000E+3	0.000000E+0	1.094551E-2	1.200715E-2	1.638207E-1	2.952174E+2	2.707520E+1	2.990000E+2
3.937045E+3	2.082000E+3	0.000000E+0	-9.136854E-3	-2.008841E-2	1.639455E-1	2.952228E+2	2.707520E+1	2.990000E+2
3.938370E+3	2.089000E+3	0.000000E+0	-3.549395E-2	-5.528781E-2	1.641385E-1	2.952374E+2	2.707520E+1	2.990000E+2
3.939685E+3	2.096000E+3	0.000000E+0	-5.060878E-2	-7.138143E-2	1.654911E-1	2.952316E+2	2.707520E+1	2.990000E+2
3.941013E+3	2.103000E+3	0.000000E+0	-5.733757E-2	-7.746184E-2	1.657929E-1	2.952446E+2	2.707520E+1	2.990000E+2
3.942449E+3	2.110000E+3	0.000000E+0	-5.199154E-2	-7.290172E-2	1.669097E-1	2.952337E+2	2.707520E+1	2.990000E+2
3.943662E+3	2.117000E+3	0.000000E+0	-3.883554E-2	-5.661257E-2	1.681061E-1	2.952428E+2	2.707520E+1	2.990000E+2
3.944985E+3	2.124000E+3	0.000000E+0	-2.087746E-2	-3.348059E-2	1.695318E-1	2.952445E+2	2.707520E+1	2.990000E+2
