4.945674E+3	2.133000E+3	0.000000E+0	1.118874E-3	-2.662888E-3	1.158177E-1	4.035192E+2	3.525391E+1	2.980000E+2
4.947670E+3	7.680000E+2	0.000000E+0	4.207201E-5	5.301453E-5	1.673708E-2	4.035192E+2	3.525391E+1	2.980000E+2
4.949550E+3	7.750000E+2	0.000000E+0	4.717061E-5	4.649131E-5	1.673708E-2	4.035192E+2	3.525391E+1	2.980000E+2
4.966490E+3	7.820000E+2	0.000000E+0	-4.123752E-5	-2.261908E-5	1.673708E-2	4.035192E+2	3.525391E+1	2.980000E+2
4.968484E+3	7.890000E+2	0.000000E+0	-5.537942E-5	-5.361914E-5	2.575762E-2	4.035192E+2	3.522949E+1	2.980000E+2
4.970478E+3	7.960000E+2	0.000000E+0	-1.844222E-5	-2.572502E-5	2.572245E-2	4.035192E+2	3.522949E+1	2.980000E+2
4.972463E+3	8.030000E+2	0.000000E+0	-7.091104E-5	-7.343174E-5	2.572245E-2	4.035192E+2	3.522949E+1	2.980000E+2
4.974462E+3	8.100000E+2	0.000000E+0	-4.370872E-5	-8.260279E-5	2.572245E-2	4.035192E+2	3.522949E+1	2.980000E+2
4.976457E+3	8.170000E+2	0.000000E+0	-6.238154E-5	-5.826945E-5	2.572245E-2	4.035192E+2	3.518066E+1	2.980000E+2
4.978457E+3	8.240000E+2	0.000000E+0	-4.995812E-5	-8.558203E-5	2.572245E-2	4.035192E+2	3.522949E+1	2.980000E+2
4.980444E+3	8.310000E+2	0.000000E+0	-3.203164E-5	-2.738696E-5	2.572245E-2	4.035192E+2	3.522949E+1	2.980000E+2
4.982438E+3	8.380000E+2	0.000000E+0	1.013535E-6	2.350652E-5	2.572245E-2	4.035192E+2	3.522949E+1	2.980000E+2
4.999158E+3	8.450000E+2	0.000000E+0	2.385584E-5	4.300350E-5	2.575762E-2	4.035192E+2	3.522949E+1	2.980000E+2
5.001157E+3	8.520000E+2	0.000000E+0	4.793210E-6	9.651728E-5	2.574004E-2	4.035192E+2	3.518066E+1	2.980000E+2
5.003148E+3	8.590000E+2	0.000000E+0	3.595910E-5	1.723696E-4	2.575762E-2	4.035192E+2	3.518066E+1	2.980000E+2
5.005139E+3	8.660000E+2	0.000000E+0	-1.980254E-7	2.796928E-4	2.575762E-2	4.035192E+2	3.518066E+1	2.980000E+2
5.007136E+3	8.730000E+2	0.000000E+0	-1.909180E-5	4.467496E-4	2.574004E-2	4.035192E+2	3.518066E+1	2.980000E+2
5.009128E+3	8.800000E+2	0.000000E+0	-1.862383E-4	1.030963E-3	2.574004E-2	4.035192E+2	3.518066E+1	2.980000E+2
5.011123E+3	8.870000E+2	0.000000E+0	-2.197074E-4	1.375310E-3	3.476058E-2	4.035192E+2	3.515625E+1	2.980000E+2
5.013116E+3	8.940000E+2	0.000000E+0	-1.861213E-4	1.331464E-3	3.476058E-2	4.035192E+2	3.518066E+1	2.980000E+2
5.015109E+3	9.010000E+2	0.000000E+0	-7.266598E-5	9.264965E-4	2.574004E-2	4.035192E+2	3.515625E+1	2.980000E+2
5.031825E+3	9.080000E+2	0.000000E+0	-8.528094E-6	4.077722E-4	3.476058E-2	4.035192E+2	3.515625E+1	2.980000E+2
5.033705E+3	9.150000E+2	0.000000E+0	4.574503E-5	-1.558826E-4	3.476058E-2	3.936961E+2	3.515625E+1	2.980000E+2
5.035695E+3	9.220000E+2	0.000000E+0	1.324171E-4	-5.982977E-4	3.472541E-2	4.035192E+2	3.515625E+1	2.980000E+2
5.037691E+3	9.290000E+2	0.000000E+0	1.557742E-4	-1.006348E-3	3.472541E-2	4.035192E+2	3.515625E+1	2.980000E+2
5.039576E+3	9.360000E+2	0.000000E+0	1.686306E-4	-1.310233E-3	3.476058E-2	4.035192E+2	3.515625E+1	2.980000E+2
5.041566E+3	9.430000E+2	0.000000E+0	1.785456E-4	-1.458781E-3	3.476058E-2	4.035192E+2	3.515625E+1	2.980000E+2
5.043558E+3	9.500000E+2	0.000000E+0	2.193967E-4	-1.400111E-3	3.476058E-2	4.035192E+2	3.515625E+1	2.980000E+2
5.045550E+3	9.570000E+2	0.000000E+0	2.559090E-4	-1.195473E-3	3.476058E-2	4.035192E+2	3.515625E+1	2.980000E+2
5.047438E+3	9.640000E+2	0.000000E+0	2.262095E-4	-8.463257E-4	3.476058E-2	4.035192E+2	3.515625E+1	2.980000E+2
5.064474E+3	9.710000E+2	0.000000E+0	1.921940E-4	-4.360620E-4	3.476058E-2	4.035192E+2	3.515625E+1	2.980000E+2
5.066465E+3	9.780000E+2	0.000000E+0	8.096579E-5	1.012597E-4	3.476058E-2	4.035192E+2	3.513184E+1	2.980000E+2
5.068347E+3	9.850000E+2	0.000000E+0	-3.240190E-5	6.482642E-4	3.476058E-2	4.035192E+2	3.513184E+1	2.980000E+2
5.070341E+3	9.920000E+2	0.000000E+0	-1.861347E-4	1.171817E-3	3.474300E-2	4.035192E+2	3.513184E+1	2.980000E+2
5.072337E+3	9.990000E+2	0.000000E+0	-3.264775E-4	1.738064E-3	3.474300E-2	4.035192E+2	3.513184E+1	2.980000E+2
5.074221E+3	1.006000E+3	0.000000E+0	-5.391083E-4	2.118561E-3	3.474300E-2	4.035192E+2	3.513184E+1	2.980000E+2
5.076212E+3	1.013000E+3	0.000000E+0	-5.321692E-4	2.029191E-3	3.474300E-2	4.035192E+2	3.513184E+1	2.980000E+2
5.078201E+3	1.020000E+3	0.000000E+0	-5.442111E-4	2.112029E-3	3.474300E-2	4.035192E+2	3.508301E+1	2.980000E+2
5.080189E+3	1.027000E+3	0.000000E+0	-6.715221E-4	2.814550E-3	3.474300E-2	4.035192E+2	3.508301E+1	2.980000E+2
5.097237E+3	1.034000E+3	0.000000E+0	-1.006923E-3	4.519844E-3	3.474300E-2	4.035192E+2	3.508301E+1	2.990000E+2
5.099115E+3	1.041000E+3	0.000000E+0	-1.737190E-3	8.197887E-3	4.376354E-2	4.035192E+2	3.505859E+1	2.990000E+2
5.101102E+3	1.048000E+3	0.000000E+0	-3.607544E-3	1.735802E-2	3.474300E-2	4.035192E+2	3.505859E+1	2.990000E+2
5.103207E+3	1.055000E+3	0.000000E+0	-6.545729E-3	3.412663E-2	3.474300E-2	4.035192E+2	3.505859E+1	2.990000E+2
5.105200E+3	1.062000E+3	0.000000E+0	-5.535219E-3	3.716591E-2	3.474300E-2	4.035192E+2	3.500977E+1	2.990000E+2
5.107195E+3	1.069000E+3	0.000000E+0	-4.503402E-3	3.415910E-2	4.376354E-2	4.035192E+2	3.505859E+1	2.990000E+2
5.109187E+3	1.076000E+3	0.000000E+0	-6.327180E-3	3.913324E-2	4.376354E-2	4.035192E+2	3.505859E+1	2.990000E+2
5.111068E+3	1.083000E+3	0.000000E+0	-1.307504E-2	6.544813E-2	3.476058E-2	4.035192E+2	3.500977E+1	2.990000E+2
5.113059E+3	1.090000E+3	0.000000E+0	-1.099774E-2	6.847484E-2	4.376354E-2	4.035192E+2	3.500977E+1	2.990000E+2
5.129890E+3	1.097000E+3	0.000000E+0	-3.734716E-3	3.763146E-2	4.376354E-2	4.035192E+2	3.505859E+1	2.980000E+2
5.131883E+3	1.104000E+3	0.000000E+0	1.970242E-3	6.005697E-3	4.376354E-2	4.035192E+2	3.500977E+1	2.980000E+2
5.133874E+3	1.111000E+3	0.000000E+0	4.869725E-3	-2.385979E-2	4.376354E-2	4.035192E+2	3.498535E+1	2.980000E+2
5.135866E+3	1.118000E+3	0.000000E+0	4.725228E-3	-4.053687E-2	4.376354E-2	4.035192E+2	3.498535E+1	2.980000E+2
5.137747E+3	1.125000E+3	0.000000E+0	8.011264E-3	-6.313848E-2	4.376354E-2	4.035192E+2	3.500977E+1	2.980000E+2
5.139738E+3	1.132000E+3	0.000000E+0	1.227793E-2	-8.712333E-2	4.376354E-2	4.035192E+2	3.498535E+1	2.980000E+2
5.141619E+3	1.139000E+3	0.000000E+0	1.444353E-2	-1.023853E-1	4.376354E-2	4.035192E+2	3.498535E+1	2.980000E+2
5.143611E+3	1.146000E+3	0.000000E+0	1.587634E-2	-1.075746E-1	4.376354E-2	4.035192E+2	3.498535E+1	2.980000E+2
5.145610E+3	1.153000E+3	0.000000E+0	1.527146E-2	-1.015945E-1	4.376354E-2	4.035192E+2	3.498535E+1	2.980000E+2
5.162557E+3	1.160000E+3	0.000000E+0	1.312276E-2	-8.535776E-2	4.376354E-2	4.035192E+2	3.498535E+1	2.980000E+2
5.164548E+3	1.167000E+3	0.000000E+0	9.874286E-3	-5.832808E-2	4.376354E-2	4.035192E+2	3.498535E+1	2.980000E+2
5.166539E+3	1.174000E+3	0.000000E+0	5.557935E-3	-2.955933E-2	4.376354E-2	3.936961E+2	3.496094E+1	2.980000E+2
5.168531E+3	1.181000E+3	0.000000E+0	2.550538E-3	-9.787513E-3	4.374596E-2	4.035192E+2	3.498535E+1	2.980000E+2
5.170525E+3	1.188000E+3	0.000000E+0	1.749070E-3	7.359721E-3	4.374596E-2	4.035192E+2	3.498535E+1	2.980000E+2
5.172520E+3	1.195000E+3	0.000000E+0	-2.114482E-3	3.242295E-2	4.374596E-2	4.035192E+2	3.496094E+1	2.980000E+2
5.174404E+3	1.202000E+3	0.000000E+0	-9.426071E-3	6.120303E-2	4.374596E-2	4.035192E+2	3.498535E+1	2.980000E+2
5.176397E+3	1.209000E+3	0.000000E+0	-1.354306E-2	6.910347E-2	4.374596E-2	4.035192E+2	3.496094E+1	2.980000E+2
5.178391E+3	1.216000E+3	0.000000E+0	-6.674310E-3	3.713293E-2	4.374596E-2	3.936961E+2	3.496094E+1	2.980000E+2
5.195191E+3	1.223000E+3	0.000000E+0	-3.247883E-3	2.648859E-2	5.273134E-2	4.035192E+2	3.496094E+1	2.980000E+2
5.197175E+3	1.230000E+3	0.000000E+0	-4.607165E-3	3.395487E-2	5.273134E-2	4.035192E+2	3.491211E+1	2.980000E+2
5.199169E+3	1.237000E+3	0.000000E+0	-6.531851E-3	4.029532E-2	5.273134E-2	4.035192E+2	3.496094E+1	2.980000E+2
5.201271E+3	1.244000E+3	0.000000E+0	-6.380078E-3	3.431125E-2	5.273134E-2	4.035192E+2	3.491211E+1	2.980000E+2
5.203261E+3	1.251000E+3	0.000000E+0	-2.644520E-3	1.654974E-2	5.273134E-2	4.035192E+2	3.491211E+1	2.980000E+2
5.205251E+3	1.258000E+3	0.000000E+0	-7.243005E-4	7.283870E-3	5.274892E-2	4.035192E+2	3.491211E+1	2.980000E+2
5.207243E+3	1.265000E+3	0.000000E+0	9.529713E-5	1.743379E-3	5.274892E-2	4.035192E+2	3.491211E+1	2.980000E+2
5.209233E+3	1.272000E+3	0.000000E+0	5.728820E-4	-2.460410E-3	5.274892E-2	4.035192E+2	3.491211E+1	2.980000E+2
5.211220E+3	1.279000E+3	0.000000E+0	8.262161E-4	-6.001284E-3	5.274892E-2	4.035192E+2	3.491211E+1	2.980000E+2
5.227912E+3	1.286000E+3	0.000000E+0	1.005725E-3	-8.267137E-3	5.274892E-2	4.035192E+2	3.491211E+1	2.980000E+2
5.229901E+3	1.293000E+3	0.000000E+0	1.132537E-3	-9.343807E-3	5.274892E-2	4.035192E+2	3.488770E+1	2.980000E+2
5.231892E+3	1.300000E+3	0.000000E+0	1.178930E-3	-9.425421E-3	5.274892E-2	4.035192E+2	3.488770E+1	2.980000E+2
5.233883E+3	1.307000E+3	0.000000E+0	1.060399E-3	-8.275446E-3	6.173430E-2	4.035192E+2	3.488770E+1	2.980000E+2
5.235766E+3	1.314000E+3	0.000000E+0	9.748370E-4	-6.687412E-3	6.173430E-2	4.035192E+2	3.488770E+1	2.980000E+2
5.237758E+3	1.321000E+3	0.000000E+0	7.940713E-4	-3.951346E-3	6.173430E-2	4.035192E+2	3.488770E+1	2.980000E+2
5.239745E+3	1.328000E+3	0.000000E+0	5.646702E-4	-5.783977E-4	6.173430E-2	4.035192E+2	3.488770E+1	2.980000E+2
5.241621E+3	1.335000E+3	0.000000E+0	2.880460E-4	2.832684E-3	6.173430E-2	4.035192E+2	3.488770E+1	2.980000E+2
5.243600E+3	1.342000E+3	0.000000E+0	-3.111064E-4	6.514519E-3	6.173430E-2	4.035192E+2	3.488770E+1	2.980000E+2
5.260522E+3	1.349000E+3	0.000000E+0	-1.258049E-3	1.018802E-2	6.173430E-2	4.035192E+2	3.488770E+1	2.980000E+2
5.262508E+3	1.356000E+3	0.000000E+0	-2.448930E-3	1.321908E-2	6.176946E-2	4.035192E+2	3.488770E+1	2.980000E+2
5.264506E+3	1.363000E+3	0.000000E+0	-2.676750E-3	1.286707E-2	6.176946E-2	4.035192E+2	3.488770E+1	2.980000E+2
5.266494E+3	1.370000E+3	0.000000E+0	-5.223111E-3	2.347778E-2	6.176946E-2	4.035192E+2	3.488770E+1	2.980000E+2
5.268490E+3	1.377000E+3	0.000000E+0	-1.080030E-2	5.205333E-2	6.175188E-2	4.035192E+2	3.486328E+1	2.980000E+2
5.270369E+3	1.384000E+3	0.000000E+0	-8.226960E-3	5.243735E-2	7.077242E-2	4.035192E+2	3.486328E+1	2.980000E+2
5.272354E+3	1.391000E+3	0.000000E+0	-4.577403E-3	3.991708E-2	7.077242E-2	4.035192E+2	3.486328E+1	2.980000E+2
5.274232E+3	1.398000E+3	0.000000E+0	-1.181569E-3	2.068531E-2	7.077242E-2	4.035192E+2	3.488770E+1	2.980000E+2
5.276226E+3	1.405000E+3	0.000000E+0	1.432831E-3	3.769456E-4	7.077242E-2	4.035192E+2	3.488770E+1	2.980000E+2
5.293155E+3	1.412000E+3	0.000000E+0	3.697894E-3	-2.054771E-2	7.077242E-2	4.035192E+2	3.486328E+1	2.980000E+2
5.295145E+3	1.419000E+3	0.000000E+0	5.730063E-3	-3.926739E-2	7.077242E-2	4.035192E+2	3.481445E+1	2.980000E+2
5.297137E+3	1.426000E+3	0.000000E+0	6.563607E-3	-5.203497E-2	7.077242E-2	4.035192E+2	3.481445E+1	2.980000E+2
5.299023E+3	1.433000E+3	0.000000E+0	7.656589E-3	-6.010446E-2	7.077242E-2	4.035192E+2	3.481445E+1	2.980000E+2
5.301014E+3	1.440000E+3	0.000000E+0	7.682506E-3	-6.245349E-2	7.077242E-2	4.035192E+2	3.486328E+1	2.980000E+2
5.303116E+3	1.447000E+3	0.000000E+0	6.893086E-3	-5.663767E-2	7.077242E-2	4.035192E+2	3.481445E+1	2.980000E+2
5.305108E+3	1.454000E+3	0.000000E+0	5.015703E-3	-4.111574E-2	7.077242E-2	4.035192E+2	3.481445E+1	2.980000E+2
5.306989E+3	1.461000E+3	0.000000E+0	4.687780E-3	-2.801498E-2	7.077242E-2	4.035192E+2	3.481445E+1	2.980000E+2
5.308974E+3	1.468000E+3	0.000000E+0	3.384558E-3	-1.214915E-2	7.077242E-2	4.035192E+2	3.481445E+1	2.980000E+2
5.325680E+3	1.475000E+3	0.000000E+0	1.935235E-3	4.920550E-3	7.077242E-2	4.035192E+2	3.481445E+1	2.990000E+2
5.327668E+3	1.482000E+3	0.000000E+0	-8.572212E-5	2.111720E-2	7.077242E-2	4.035192E+2	3.479004E+1	2.990000E+2
5.329661E+3	1.489000E+3	0.000000E+0	-2.969398E-3	3.465526E-2	7.077242E-2	4.035192E+2	3.479004E+1	2.990000E+2
5.331657E+3	1.496000E+3	0.000000E+0	-6.729137E-3	4.449693E-2	7.077242E-2	4.035192E+2	3.481445E+1	2.990000E+2
5.333644E+3	1.503000E+3	0.000000E+0	-7.937757E-3	3.668040E-2	7.077242E-2	4.035192E+2	3.479004E+1	2.990000E+2
5.335630E+3	1.510000E+3	0.000000E+0	-2.148781E-3	6.950418E-3	7.077242E-2	4.035192E+2	3.481445E+1	2.990000E+2
5.337625E+3	1.517000E+3	0.000000E+0	3.564578E-4	-5.158370E-3	7.075484E-2	4.035192E+2	3.481445E+1	2.990000E+2
5.339612E+3	1.524000E+3	0.000000E+0	9.473777E-4	-7.924570E-3	7.075484E-2	4.035192E+2	3.481445E+1	2.990000E+2
5.341601E+3	1.531000E+3	0.000000E+0	9.738898E-4	-7.347047E-3	7.075484E-2	4.035192E+2	3.479004E+1	2.990000E+2
5.358304E+3	1.538000E+3	0.000000E+0	8.182888E-4	-5.011222E-3	7.977538E-2	4.035192E+2	3.479004E+1	2.980000E+2
5.360303E+3	1.545000E+3	0.000000E+0	4.674063E-4	-1.837761E-3	7.977538E-2	4.035192E+2	3.479004E+1	2.980000E+2
5.362288E+3	1.552000E+3	0.000000E+0	1.814644E-5	1.847256E-3	7.977538E-2	4.035192E+2	3.479004E+1	2.980000E+2
5.364171E+3	1.559000E+3	0.000000E+0	-5.106364E-4	5.433119E-3	7.977538E-2	4.035192E+2	3.479004E+1	2.980000E+2
5.366162E+3	1.566000E+3	0.000000E+0	-1.243689E-3	8.734297E-3	7.977538E-2	4.035192E+2	3.474121E+1	2.980000E+2
5.368153E+3	1.573000E+3	0.000000E+0	-2.166591E-3	1.118486E-2	7.974022E-2	4.035192E+2	3.479004E+1	2.980000E+2
5.370139E+3	1.580000E+3	0.000000E+0	-1.802215E-3	7.394492E-3	7.974022E-2	4.035192E+2	3.479004E+1	2.980000E+2
5.371846E+3	1.587000E+3	0.000000E+0	-6.373162E-4	2.321237E-3	7.974022E-2	4.035192E+2	3.479004E+1	2.980000E+2
5.373649E+3	1.594000E+3	0.000000E+0	-3.920110E-4	1.389409E-3	7.974022E-2	4.035192E+2	3.474121E+1	2.980000E+2
5.390921E+3	1.601000E+3	0.000000E+0	-2.600790E-4	1.189671E-3	7.974022E-2	4.035192E+2	3.474121E+1	2.980000E+2
5.392910E+3	1.608000E+3	0.000000E+0	-7.987517E-5	5.762880E-4	7.974022E-2	4.035192E+2	3.474121E+1	2.980000E+2
5.394905E+3	1.615000E+3	0.000000E+0	4.866767E-5	4.880924E-4	7.975780E-2	4.035192E+2	3.474121E+1	2.980000E+2
5.396897E+3	1.622000E+3	0.000000E+0	1.199532E-4	5.536117E-4	7.975780E-2	4.035192E+2	3.474121E+1	2.980000E+2
5.398892E+3	1.629000E+3	0.000000E+0	1.518332E-4	6.124715E-4	7.975780E-2	4.035192E+2	3.474121E+1	2.980000E+2
5.400993E+3	1.636000E+3	0.000000E+0	6.541420E-5	5.855341E-4	7.975780E-2	4.035192E+2	3.479004E+1	2.980000E+2
5.402980E+3	1.643000E+3	0.000000E+0	-1.539513E-5	4.961092E-4	7.975780E-2	4.035192E+2	3.479004E+1	2.980000E+2
5.404859E+3	1.650000E+3	0.000000E+0	-5.660650E-5	4.013880E-4	7.975780E-2	4.035192E+2	3.479004E+1	2.980000E+2
5.406846E+3	1.657000E+3	0.000000E+0	-2.652984E-5	3.957791E-4	7.975780E-2	4.035192E+2	3.474121E+1	2.980000E+2
5.423650E+3	1.664000E+3	0.000000E+0	-1.951942E-5	3.714559E-4	7.975780E-2	4.035192E+2	3.474121E+1	2.980000E+2
5.425642E+3	1.671000E+3	0.000000E+0	-4.821186E-5	4.006721E-4	7.975780E-2	4.035192E+2	3.474121E+1	2.980000E+2
5.427633E+3	1.678000E+3	0.000000E+0	4.962150E-5	4.859309E-4	7.975780E-2	4.035192E+2	3.479004E+1	2.980000E+2
5.429629E+3	1.685000E+3	0.000000E+0	1.603572E-4	6.729939E-4	7.975780E-2	4.035192E+2	3.479004E+1	2.980000E+2
5.431620E+3	1.692000E+3	0.000000E+0	1.421576E-4	6.291685E-4	7.975780E-2	4.035192E+2	3.474121E+1	2.980000E+2
5.433614E+3	1.699000E+3	0.000000E+0	9.612202E-5	6.151099E-4	8.874318E-2	4.035192E+2	3.479004E+1	2.980000E+2
5.435606E+3	1.706000E+3	0.000000E+0	-3.169953E-5	6.036324E-4	8.874318E-2	4.035192E+2	3.479004E+1	2.980000E+2
5.437600E+3	1.713000E+3	0.000000E+0	-1.676405E-4	6.642172E-4	8.874318E-2	4.035192E+2	3.479004E+1	2.980000E+2
5.439589E+3	1.720000E+3	0.000000E+0	-3.561244E-4	1.140941E-3	8.877834E-2	4.035192E+2	3.474121E+1	2.980000E+2
5.456289E+3	1.727000E+3	0.000000E+0	-6.815354E-4	2.363605E-3	8.877834E-2	4.035192E+2	3.471680E+1	2.980000E+2
5.458278E+3	1.734000E+3	0.000000E+0	-6.111894E-4	2.204248E-3	8.877834E-2	4.035192E+2	3.474121E+1	2.980000E+2
5.460274E+3	1.741000E+3	0.000000E+0	-5.750237E-4	2.064278E-3	8.877834E-2	4.035192E+2	3.474121E+1	2.980000E+2
5.462263E+3	1.748000E+3	0.000000E+0	-6.054071E-4	2.205006E-3	8.876076E-2	4.035192E+2	3.471680E+1	2.980000E+2
5.464256E+3	1.755000E+3	0.000000E+0	-8.580557E-4	3.262664E-3	8.876076E-2	4.035192E+2	3.471680E+1	2.980000E+2
5.466248E+3	1.762000E+3	0.000000E+0	-1.906928E-3	7.605089E-3	8.876076E-2	4.035192E+2	3.471680E+1	2.980000E+2
5.468351E+3	1.769000E+3	0.000000E+0	-8.828106E-3	3.784274E-2	8.876076E-2	4.035192E+2	3.471680E+1	2.980000E+2
5.470345E+3	1.776000E+3	0.000000E+0	-2.324697E-2	1.112621E-1	8.876076E-2	4.035192E+2	3.471680E+1	2.980000E+2
5.472227E+3	1.783000E+3	0.000000E+0	-1.289610E-2	9.518087E-2	8.877834E-2	4.035192E+2	3.471680E+1	2.980000E+2
5.488927E+3	1.790000E+3	0.000000E+0	-5.021237E-3	6.561945E-2	8.876076E-2	4.035192E+2	3.471680E+1	2.980000E+2
5.490917E+3	1.797000E+3	0.000000E+0	2.489388E-4	3.134308E-2	8.877834E-2	4.035192E+2	3.471680E+1	2.980000E+2
5.493019E+3	1.804000E+3	0.000000E+0	3.802986E-3	-2.309174E-3	8.877834E-2	4.035192E+2	3.471680E+1	2.980000E+2
5.495014E+3	1.811000E+3	0.000000E+0	6.979362E-3	-3.568468E-2	8.877834E-2	4.035192E+2	3.471680E+1	2.980000E+2
5.497008E+3	1.818000E+3	0.000000E+0	8.625712E-3	-6.149900E-2	8.877834E-2	4.035192E+2	3.471680E+1	2.980000E+2
5.498996E+3	1.825000E+3	0.000000E+0	9.036816E-3	-7.861038E-2	9.778130E-2	4.035192E+2	3.471680E+1	2.980000E+2
5.500990E+3	1.832000E+3	0.000000E+0	5.122058E-3	-6.969115E-2	8.877834E-2	4.035192E+2	3.471680E+1	2.980000E+2
5.502981E+3	1.839000E+3	0.000000E+0	-1.506645E-2	1.894757E-2	8.877834E-2	4.035192E+2	3.471680E+1	2.980000E+2
5.504974E+3	1.846000E+3	0.000000E+0	-3.472813E-2	1.475330E-1	8.877834E-2	4.035192E+2	3.471680E+1	2.980000E+2
5.521672E+3	1.853000E+3	0.000000E+0	-1.720267E-2	1.276331E-1	8.877834E-2	4.035192E+2	3.471680E+1	2.980000E+2
5.523661E+3	1.860000E+3	0.000000E+0	-4.946787E-4	8.418467E-2	8.877834E-2	4.035192E+2	3.471680E+1	2.980000E+2
5.525653E+3	1.867000E+3	0.000000E+0	8.843929E-3	3.838439E-2	8.877834E-2	4.035192E+2	3.471680E+1	2.980000E+2
5.527531E+3	1.874000E+3	0.000000E+0	1.386949E-2	-1.589559E-2	8.876076E-2	4.035192E+2	3.471680E+1	2.980000E+2
5.529527E+3	1.881000E+3	0.000000E+0	1.671411E-2	-6.404247E-2	8.876076E-2	4.035192E+2	3.471680E+1	2.980000E+2
5.531515E+3	1.888000E+3	0.000000E+0	1.669618E-2	-1.044399E-1	8.876076E-2	4.035192E+2	3.471680E+1	2.980000E+2
5.533503E+3	1.895000E+3	0.000000E+0	1.086686E-2	-1.235486E-1	8.876076E-2	4.035192E+2	3.471680E+1	2.980000E+2
5.535384E+3	1.902000E+3	0.000000E+0	6.874684E-3	-1.522107E-1	8.876076E-2	4.035192E+2	3.471680E+1	2.980000E+2
5.537378E+3	1.909000E+3	0.000000E+0	2.630113E-2	-2.239208E-1	8.876076E-2	4.035192E+2	3.471680E+1	2.980000E+2
5.554430E+3	1.916000E+3	0.000000E+0	2.777661E-2	-2.167288E-1	9.772855E-2	4.035192E+2	3.471680E+1	2.980000E+2
5.556312E+3	1.923000E+3	0.000000E+0	2.507628E-2	-1.699740E-1	9.771097E-2	4.035192E+2	3.471680E+1	2.980000E+2
5.558414E+3	1.930000E+3	0.000000E+0	1.347568E-2	-7.982741E-2	9.771097E-2	4.035192E+2	3.471680E+1	2.980000E+2
5.560286E+3	1.937000E+3	0.000000E+0	-7.158188E-3	5.643578E-2	9.771097E-2	4.035192E+2	3.471680E+1	2.980000E+2
5.562283E+3	1.944000E+3	0.000000E+0	-4.539685E-3	1.160565E-1	9.771097E-2	4.035192E+2	3.471680E+1	2.980000E+2
5.564384E+3	1.951000E+3	0.000000E+0	-9.316300E-3	1.626198E-1	9.771097E-2	4.035192E+2	3.471680E+1	2.980000E+2
5.566374E+3	1.958000E+3	0.000000E+0	-1.932164E-2	1.946158E-1	9.771097E-2	4.035192E+2	3.471680E+1	2.980000E+2
5.568257E+3	1.965000E+3	0.000000E+0	-3.443986E-2	2.036585E-1	9.771097E-2	4.035192E+2	3.471680E+1	2.980000E+2
5.570251E+3	1.972000E+3	0.000000E+0	-2.139409E-2	7.573172E-2	9.771097E-2	4.035192E+2	3.471680E+1	2.980000E+2
5.587053E+3	1.979000E+3	0.000000E+0	5.517222E-3	-5.880857E-2	9.771097E-2	4.035192E+2	3.471680E+1	2.980000E+2
5.589044E+3	1.986000E+3	0.000000E+0	1.157599E-2	-1.016988E-1	9.776372E-2	4.035192E+2	3.471680E+1	2.980000E+2
5.591034E+3	1.993000E+3	0.000000E+0	1.434324E-2	-1.142415E-1	9.776372E-2	4.035192E+2	3.471680E+1	2.980000E+2
5.593027E+3	2.000000E+3	0.000000E+0	1.485889E-2	-1.098220E-1	9.776372E-2	4.035192E+2	3.471680E+1	2.980000E+2
5.594906E+3	2.007000E+3	0.000000E+0	1.288725E-2	-9.195035E-2	1.067870E-1	4.035192E+2	3.471680E+1	2.980000E+2
5.596884E+3	2.014000E+3	0.000000E+0	8.436813E-3	-6.051918E-2	1.067491E-1	4.035192E+2	3.471680E+1	2.980000E+2
5.598857E+3	2.021000E+3	0.000000E+0	2.021219E-3	-1.649473E-2	1.067870E-1	4.035192E+2	3.471680E+1	2.980000E+2
5.600823E+3	2.028000E+3	0.000000E+0	-3.758625E-3	1.953110E-2	1.067843E-1	4.035192E+2	3.471680E+1	2.980000E+2
5.602815E+3	2.035000E+3	0.000000E+0	5.066023E-4	2.673213E-2	1.067843E-1	4.035192E+2	3.471680E+1	2.980000E+2
5.619702E+3	2.042000E+3	0.000000E+0	-4.916380E-3	6.864832E-2	1.067870E-1	4.035192E+2	3.471680E+1	2.980000E+2
5.621694E+3	2.049000E+3	0.000000E+0	-9.254189E-3	9.523331E-2	1.067843E-1	4.035192E+2	3.471680E+1	2.980000E+2
5.623679E+3	2.056000E+3	0.000000E+0	-1.774387E-2	1.135093E-1	1.067843E-1	4.035192E+2	3.471680E+1	2.980000E+2
5.625555E+3	2.063000E+3	0.000000E+0	-1.778670E-2	8.398140E-2	1.067843E-1	4.035192E+2	3.471680E+1	2.980000E+2
5.627541E+3	2.070000E+3	0.000000E+0	-3.942627E-3	1.923354E-2	1.067843E-1	4.035192E+2	3.471680E+1	2.980000E+2
5.629538E+3	2.077000E+3	0.000000E+0	5.707809E-5	-3.132178E-3	1.067667E-1	4.035192E+2	3.471680E+1	2.980000E+2
5.631417E+3	2.084000E+3	0.000000E+0	1.567414E-3	-1.377687E-2	1.067667E-1	4.035192E+2	3.471680E+1	2.980000E+2
5.633410E+3	2.091000E+3	0.000000E+0	2.251893E-3	-1.996025E-2	1.067667E-1	4.035192E+2	3.471680E+1	2.980000E+2
5.635401E+3	2.098000E+3	0.000000E+0	2.519573E-3	-2.275510E-2	1.067667E-1	4.035192E+2	3.471680E+1	2.980000E+2
5.652437E+3	2.105000E+3	0.000000E+0	2.668488E-3	-2.320045E-2	1.067667E-1	4.035192E+2	3.471680E+1	2.980000E+2
5.654535E+3	2.112000E+3	0.000000E+0	2.784082E-3	-2.131798E-2	1.067667E-1	4.035192E+2	3.471680E+1	2.980000E+2
5.656522E+3	2.119000E+3	0.000000E+0	2.258960E-3	-1.574038E-2	1.158177E-1	4.035192E+2	3.471680E+1	2.980000E+2
5.658518E+3	2.126000E+3	0.000000E+0	1.666299E-3	-8.686343E-3	1.158177E-1	4.035192E+2	3.474121E+1	2.980000E+2
