4.277326E+3	7.680000E+2	0.000000E+0	1.225258E-5	3.716655E-5	1.673708E-2	4.035192E+2	3.588867E+1	2.990000E+2
4.279132E+3	7.750000E+2	0.000000E+0	-4.714774E-5	5.160815E-5	1.673708E-2	4.035192E+2	3.588867E+1	2.990000E+2
4.280941E+3	7.820000E+2	0.000000E+0	-1.398671E-4	-9.604718E-5	2.575762E-2	4.035192E+2	3.586426E+1	2.990000E+2
4.282744E+3	7.890000E+2	0.000000E+0	-3.993380E-5	-4.650752E-5	2.575762E-2	4.035192E+2	3.586426E+1	2.990000E+2
4.284549E+3	7.960000E+2	0.000000E+0	-6.150416E-5	-1.064302E-4	2.572245E-2	4.035192E+2	3.583984E+1	2.990000E+2
4.286355E+3	8.030000E+2	0.000000E+0	-7.628572E-5	-1.073832E-4	2.572245E-2	4.035192E+2	3.583984E+1	2.990000E+2
4.288162E+3	8.100000E+2	0.000000E+0	-4.902475E-5	-8.529191E-5	2.572245E-2	4.035192E+2	3.586426E+1	2.990000E+2
4.289869E+3	8.170000E+2	0.000000E+0	-1.007463E-4	-9.406658E-5	2.572245E-2	4.035192E+2	3.586426E+1	2.990000E+2
4.291578E+3	8.240000E+2	0.000000E+0	-6.825916E-5	-6.031682E-5	2.572245E-2	3.936961E+2	3.583984E+1	2.990000E+2
4.293386E+3	8.310000E+2	0.000000E+0	-2.265013E-5	-3.480883E-5	2.572245E-2	4.035192E+2	3.583984E+1	2.990000E+2
4.310247E+3	8.380000E+2	0.000000E+0	-2.228636E-5	2.939124E-6	2.572245E-2	4.035192E+2	3.583984E+1	2.980000E+2
4.312051E+3	8.450000E+2	0.000000E+0	-7.955130E-6	9.018576E-5	2.575762E-2	4.035192E+2	3.579102E+1	2.980000E+2
4.313856E+3	8.520000E+2	0.000000E+0	1.011668E-5	8.691590E-5	2.574004E-2	4.035192E+2	3.579102E+1	2.980000E+2
4.315658E+3	8.590000E+2	0.000000E+0	5.992251E-5	1.892111E-4	2.574004E-2	4.035192E+2	3.579102E+1	2.980000E+2
4.317362E+3	8.660000E+2	0.000000E+0	-2.083831E-5	3.019026E-4	2.574004E-2	4.035192E+2	3.579102E+1	2.980000E+2
4.319169E+3	8.730000E+2	0.000000E+0	-5.456730E-5	5.090064E-4	2.574004E-2	4.035192E+2	3.579102E+1	2.980000E+2
4.320977E+3	8.800000E+2	0.000000E+0	-1.844949E-4	1.052927E-3	2.574004E-2	4.035192E+2	3.576660E+1	2.980000E+2
4.322779E+3	8.870000E+2	0.000000E+0	-2.318069E-4	1.417105E-3	2.574004E-2	4.035192E+2	3.576660E+1	2.980000E+2
4.324583E+3	8.940000E+2	0.000000E+0	-1.719884E-4	1.330709E-3	3.476058E-2	4.035192E+2	3.576660E+1	2.980000E+2
4.326389E+3	9.010000E+2	0.000000E+0	-9.430531E-5	9.640763E-4	3.476058E-2	3.936961E+2	3.576660E+1	2.980000E+2
4.343148E+3	9.080000E+2	0.000000E+0	-2.357570E-6	4.399336E-4	3.476058E-2	4.035192E+2	3.576660E+1	2.980000E+2
4.344853E+3	9.150000E+2	0.000000E+0	7.448802E-5	-1.547575E-4	3.472541E-2	4.035192E+2	3.571777E+1	2.980000E+2
4.346659E+3	9.220000E+2	0.000000E+0	1.069803E-4	-6.766769E-4	3.472541E-2	4.035192E+2	3.569336E+1	2.980000E+2
4.348466E+3	9.290000E+2	0.000000E+0	2.004494E-4	-1.059458E-3	3.472541E-2	4.035192E+2	3.569336E+1	2.980000E+2
4.350271E+3	9.360000E+2	0.000000E+0	1.508475E-4	-1.340202E-3	3.476058E-2	3.936961E+2	3.569336E+1	2.980000E+2
4.352082E+3	9.430000E+2	0.000000E+0	1.992055E-4	-1.494548E-3	3.476058E-2	4.035192E+2	3.569336E+1	2.980000E+2
4.353889E+3	9.500000E+2	0.000000E+0	2.058026E-4	-1.459751E-3	3.476058E-2	4.035192E+2	3.569336E+1	2.980000E+2
4.355692E+3	9.570000E+2	0.000000E+0	2.518485E-4	-1.192796E-3	3.476058E-2	4.035192E+2	3.569336E+1	2.980000E+2
4.357498E+3	9.640000E+2	0.000000E+0	2.298702E-4	-8.379470E-4	3.476058E-2	4.035192E+2	3.566895E+1	2.980000E+2
4.359301E+3	9.710000E+2	0.000000E+0	1.861628E-4	-3.770135E-4	3.476058E-2	4.035192E+2	3.569336E+1	2.980000E+2
4.376147E+3	9.780000E+2	0.000000E+0	5.058867E-5	1.030064E-4	3.476058E-2	4.035192E+2	3.566895E+1	2.990000E+2
4.377853E+3	9.850000E+2	0.000000E+0	-3.053199E-5	7.222529E-4	3.476058E-2	4.035192E+2	3.562012E+1	2.990000E+2
4.379657E+3	9.920000E+2	0.000000E+0	-1.945169E-4	1.292961E-3	3.476058E-2	4.035192E+2	3.566895E+1	2.990000E+2
4.381462E+3	9.990000E+2	0.000000E+0	-3.847945E-4	1.797496E-3	3.474300E-2	4.035192E+2	3.566895E+1	2.990000E+2
4.383269E+3	1.006000E+3	0.000000E+0	-5.684458E-4	2.179924E-3	3.474300E-2	4.035192E+2	3.566895E+1	2.990000E+2
4.385076E+3	1.013000E+3	0.000000E+0	-5.352370E-4	2.077737E-3	3.474300E-2	3.936961E+2	3.566895E+1	2.990000E+2
4.386887E+3	1.020000E+3	0.000000E+0	-5.457989E-4	2.134233E-3	3.474300E-2	3.936961E+2	3.569336E+1	2.990000E+2
4.388699E+3	1.027000E+3	0.000000E+0	-6.624407E-4	2.805442E-3	3.474300E-2	4.035192E+2	3.569336E+1	2.990000E+2
4.390502E+3	1.034000E+3	0.000000E+0	-9.773421E-4	4.453822E-3	3.474300E-2	4.035192E+2	3.569336E+1	2.990000E+2
4.392309E+3	1.041000E+3	0.000000E+0	-1.789220E-3	8.465263E-3	4.376354E-2	4.035192E+2	3.569336E+1	2.990000E+2
4.409254E+3	1.048000E+3	0.000000E+0	-4.261804E-3	2.117168E-2	3.474300E-2	4.035192E+2	3.571777E+1	2.980000E+2
4.410956E+3	1.055000E+3	0.000000E+0	-7.249465E-3	3.797279E-2	3.474300E-2	4.035192E+2	3.576660E+1	2.980000E+2
4.412758E+3	1.062000E+3	0.000000E+0	-5.840193E-3	3.906930E-2	3.474300E-2	4.035192E+2	3.576660E+1	2.980000E+2
4.414560E+3	1.069000E+3	0.000000E+0	-4.378635E-3	3.539961E-2	3.474300E-2	4.035192E+2	3.576660E+1	2.980000E+2
4.416260E+3	1.076000E+3	0.000000E+0	-5.756151E-3	3.939833E-2	3.474300E-2	4.035192E+2	3.576660E+1	2.980000E+2
4.418067E+3	1.083000E+3	0.000000E+0	-1.260778E-2	6.920809E-2	3.474300E-2	4.035192E+2	3.576660E+1	2.980000E+2
4.419873E+3	1.090000E+3	0.000000E+0	-1.099156E-2	6.790539E-2	3.476058E-2	4.035192E+2	3.576660E+1	2.980000E+2
4.421679E+3	1.097000E+3	0.000000E+0	-3.256149E-3	3.762450E-2	4.376354E-2	4.035192E+2	3.576660E+1	2.980000E+2
4.423482E+3	1.104000E+3	0.000000E+0	1.610622E-3	3.714755E-3	4.376354E-2	4.035192E+2	3.579102E+1	2.980000E+2
4.425283E+3	1.111000E+3	0.000000E+0	4.760779E-3	-2.568718E-2	4.376354E-2	4.035192E+2	3.579102E+1	2.980000E+2
4.442342E+3	1.118000E+3	0.000000E+0	5.171418E-3	-4.410359E-2	4.376354E-2	4.035192E+2	3.579102E+1	2.980000E+2
4.444046E+3	1.125000E+3	0.000000E+0	8.742714E-3	-6.736723E-2	4.376354E-2	4.035192E+2	3.579102E+1	2.980000E+2
4.445851E+3	1.132000E+3	0.000000E+0	1.353353E-2	-9.209298E-2	4.376354E-2	4.035192E+2	3.583984E+1	2.980000E+2
4.447657E+3	1.139000E+3	0.000000E+0	1.513766E-2	-1.054272E-1	4.376354E-2	4.035192E+2	3.583984E+1	2.980000E+2
4.449467E+3	1.146000E+3	0.000000E+0	1.587588E-2	-1.092953E-1	4.376354E-2	4.035192E+2	3.583984E+1	2.980000E+2
4.451272E+3	1.153000E+3	0.000000E+0	1.577977E-2	-1.022469E-1	4.376354E-2	4.035192E+2	3.586426E+1	2.980000E+2
4.453073E+3	1.160000E+3	0.000000E+0	1.309613E-2	-8.424139E-2	4.376354E-2	4.035192E+2	3.583984E+1	2.980000E+2
4.454880E+3	1.167000E+3	0.000000E+0	9.349346E-3	-6.017768E-2	4.376354E-2	4.035192E+2	3.583984E+1	2.980000E+2
4.456592E+3	1.174000E+3	0.000000E+0	5.792375E-3	-3.514824E-2	4.376354E-2	4.035192E+2	3.583984E+1	2.980000E+2
4.458398E+3	1.181000E+3	0.000000E+0	2.302458E-3	-1.188678E-2	4.374596E-2	4.035192E+2	3.583984E+1	2.980000E+2
4.475229E+3	1.188000E+3	0.000000E+0	1.615445E-3	7.781980E-3	4.374596E-2	4.035192E+2	3.583984E+1	2.990000E+2
4.476932E+3	1.195000E+3	0.000000E+0	-2.741058E-3	3.608585E-2	4.374596E-2	4.035192E+2	3.583984E+1	2.990000E+2
4.478733E+3	1.202000E+3	0.000000E+0	-9.468377E-3	6.387733E-2	4.374596E-2	4.035192E+2	3.583984E+1	2.990000E+2
4.480539E+3	1.209000E+3	0.000000E+0	-1.310252E-2	7.016078E-2	4.374596E-2	4.035192E+2	3.583984E+1	2.990000E+2
4.482346E+3	1.216000E+3	0.000000E+0	-6.212739E-3	3.640922E-2	4.374596E-2	4.035192E+2	3.583984E+1	2.990000E+2
4.484153E+3	1.223000E+3	0.000000E+0	-3.349350E-3	2.642284E-2	5.273134E-2	4.035192E+2	3.583984E+1	2.990000E+2
4.485959E+3	1.230000E+3	0.000000E+0	-4.611833E-3	3.361678E-2	5.273134E-2	4.035192E+2	3.586426E+1	2.990000E+2
4.487765E+3	1.237000E+3	0.000000E+0	-6.922739E-3	4.199611E-2	5.273134E-2	4.035192E+2	3.583984E+1	2.990000E+2
4.489470E+3	1.244000E+3	0.000000E+0	-6.885777E-3	3.761285E-2	5.274892E-2	4.035192E+2	3.583984E+1	2.990000E+2
4.491276E+3	1.251000E+3	0.000000E+0	-2.859673E-3	1.833230E-2	5.273134E-2	4.035192E+2	3.583984E+1	2.990000E+2
4.508128E+3	1.258000E+3	0.000000E+0	-9.317132E-4	8.443496E-3	5.274892E-2	4.035192E+2	3.579102E+1	2.990000E+2
4.509933E+3	1.265000E+3	0.000000E+0	6.996516E-5	2.139589E-3	5.274892E-2	4.035192E+2	3.579102E+1	2.990000E+2
4.511740E+3	1.272000E+3	0.000000E+0	5.372004E-4	-2.348311E-3	5.274892E-2	4.035192E+2	3.579102E+1	2.990000E+2
4.513450E+3	1.279000E+3	0.000000E+0	8.097423E-4	-5.611525E-3	5.274892E-2	4.035192E+2	3.579102E+1	2.990000E+2
4.515157E+3	1.286000E+3	0.000000E+0	1.007490E-3	-8.026429E-3	5.274892E-2	4.035192E+2	3.579102E+1	2.990000E+2
4.516963E+3	1.293000E+3	0.000000E+0	1.088928E-3	-9.439508E-3	5.274892E-2	4.035192E+2	3.579102E+1	2.990000E+2
4.518767E+3	1.300000E+3	0.000000E+0	1.229954E-3	-9.810042E-3	5.274892E-2	4.035192E+2	3.579102E+1	2.990000E+2
4.520574E+3	1.307000E+3	0.000000E+0	1.120119E-3	-8.923574E-3	6.173430E-2	4.035192E+2	3.579102E+1	2.990000E+2
4.522383E+3	1.314000E+3	0.000000E+0	1.011049E-3	-7.158334E-3	6.173430E-2	4.035192E+2	3.579102E+1	2.990000E+2
4.524187E+3	1.321000E+3	0.000000E+0	8.276326E-4	-4.674728E-3	6.173430E-2	4.035192E+2	3.576660E+1	2.990000E+2
4.541147E+3	1.328000E+3	0.000000E+0	5.994710E-4	-1.114064E-3	6.173430E-2	4.035192E+2	3.576660E+1	2.980000E+2
4.542853E+3	1.335000E+3	0.000000E+0	3.263994E-4	2.220639E-3	6.173430E-2	4.035192E+2	3.576660E+1	2.980000E+2
4.544657E+3	1.342000E+3	0.000000E+0	-2.488150E-4	6.151256E-3	6.173430E-2	4.035192E+2	3.576660E+1	2.980000E+2
4.546465E+3	1.349000E+3	0.000000E+0	-1.106251E-3	9.551245E-3	6.175188E-2	4.035192E+2	3.576660E+1	2.980000E+2
4.548272E+3	1.356000E+3	0.000000E+0	-2.315700E-3	1.313658E-2	6.175188E-2	4.035192E+2	3.576660E+1	2.980000E+2
4.550079E+3	1.363000E+3	0.000000E+0	-2.749112E-3	1.296504E-2	6.175188E-2	4.035192E+2	3.576660E+1	2.980000E+2
4.551883E+3	1.370000E+3	0.000000E+0	-4.840304E-3	2.202722E-2	6.175188E-2	4.035192E+2	3.576660E+1	2.980000E+2
4.553687E+3	1.377000E+3	0.000000E+0	-1.076699E-2	5.112941E-2	7.077242E-2	4.035192E+2	3.576660E+1	2.980000E+2
4.555490E+3	1.384000E+3	0.000000E+0	-8.790373E-3	5.570423E-2	6.175188E-2	4.035192E+2	3.576660E+1	2.980000E+2
4.557298E+3	1.391000E+3	0.000000E+0	-4.847480E-3	4.266787E-2	7.077242E-2	4.035192E+2	3.576660E+1	2.980000E+2
4.574157E+3	1.398000E+3	0.000000E+0	-1.362633E-3	2.431663E-2	7.077242E-2	4.035192E+2	3.576660E+1	2.990000E+2
4.575963E+3	1.405000E+3	0.000000E+0	1.479582E-3	1.558328E-3	7.077242E-2	4.035192E+2	3.576660E+1	2.990000E+2
4.577769E+3	1.412000E+3	0.000000E+0	3.511659E-3	-1.936373E-2	7.077242E-2	4.035192E+2	3.576660E+1	2.990000E+2
4.579574E+3	1.419000E+3	0.000000E+0	5.640518E-3	-3.760663E-2	7.077242E-2	4.035192E+2	3.576660E+1	2.990000E+2
4.581518E+3	1.426000E+3	0.000000E+0	6.788490E-3	-5.251563E-2	7.077242E-2	4.035192E+2	3.576660E+1	2.990000E+2
4.583501E+3	1.433000E+3	0.000000E+0	7.741600E-3	-6.209350E-2	7.077242E-2	4.035192E+2	3.576660E+1	2.990000E+2
4.585474E+3	1.440000E+3	0.000000E+0	8.221383E-3	-6.549197E-2	7.075484E-2	4.035192E+2	3.576660E+1	2.990000E+2
4.587449E+3	1.447000E+3	0.000000E+0	6.894215E-3	-5.850193E-2	7.075484E-2	4.035192E+2	3.576660E+1	2.990000E+2
4.589422E+3	1.454000E+3	0.000000E+0	5.044416E-3	-4.320737E-2	7.075484E-2	4.035192E+2	3.576660E+1	2.990000E+2
4.606931E+3	1.461000E+3	0.000000E+0	4.902875E-3	-3.060733E-2	7.075484E-2	4.035192E+2	3.576660E+1	2.980000E+2
4.608992E+3	1.468000E+3	0.000000E+0	3.787477E-3	-1.417761E-2	7.075484E-2	4.035192E+2	3.571777E+1	2.980000E+2
4.610942E+3	1.475000E+3	0.000000E+0	2.333449E-3	3.954160E-3	7.075484E-2	4.035192E+2	3.576660E+1	2.980000E+2
4.612902E+3	1.482000E+3	0.000000E+0	1.118805E-4	2.094371E-2	7.075484E-2	4.035192E+2	3.576660E+1	2.980000E+2
4.614850E+3	1.489000E+3	0.000000E+0	-2.895053E-3	3.503240E-2	7.075484E-2	4.035192E+2	3.576660E+1	2.980000E+2
4.616799E+3	1.496000E+3	0.000000E+0	-7.019655E-3	4.610375E-2	7.077242E-2	4.035192E+2	3.576660E+1	2.980000E+2
4.618740E+3	1.503000E+3	0.000000E+0	-8.823163E-3	4.038406E-2	7.075484E-2	4.035192E+2	3.576660E+1	2.980000E+2
4.620786E+3	1.510000E+3	0.000000E+0	-2.498156E-3	8.394693E-3	7.075484E-2	4.035192E+2	3.576660E+1	2.980000E+2
4.622733E+3	1.517000E+3	0.000000E+0	2.705045E-4	-5.101179E-3	7.075484E-2	4.035192E+2	3.576660E+1	2.980000E+2
4.639489E+3	1.524000E+3	0.000000E+0	9.889621E-4	-8.042892E-3	7.075484E-2	4.035192E+2	3.576660E+1	2.980000E+2
4.641455E+3	1.531000E+3	0.000000E+0	1.001126E-3	-7.426456E-3	7.075484E-2	4.035192E+2	3.576660E+1	2.980000E+2
4.643531E+3	1.538000E+3	0.000000E+0	8.066055E-4	-5.275008E-3	7.075484E-2	4.035192E+2	3.576660E+1	2.980000E+2
4.645504E+3	1.545000E+3	0.000000E+0	4.633188E-4	-2.017334E-3	7.075484E-2	4.035192E+2	3.576660E+1	2.980000E+2
4.647469E+3	1.552000E+3	0.000000E+0	5.778673E-5	1.802956E-3	7.075484E-2	4.035192E+2	3.576660E+1	2.980000E+2
4.649459E+3	1.559000E+3	0.000000E+0	-5.485046E-4	5.640079E-3	7.075484E-2	4.035192E+2	3.576660E+1	2.980000E+2
4.651343E+3	1.566000E+3	0.000000E+0	-1.388347E-3	9.142863E-3	7.977538E-2	4.035192E+2	3.576660E+1	2.980000E+2
4.653338E+3	1.573000E+3	0.000000E+0	-2.241589E-3	1.152861E-2	7.977538E-2	4.035192E+2	3.576660E+1	2.980000E+2
4.655441E+3	1.580000E+3	0.000000E+0	-1.849770E-3	7.449002E-3	7.974022E-2	4.035192E+2	3.576660E+1	2.980000E+2
4.672131E+3	1.587000E+3	0.000000E+0	-6.038654E-4	2.152982E-3	7.974022E-2	4.035192E+2	3.576660E+1	2.990000E+2
4.674128E+3	1.594000E+3	0.000000E+0	-3.678258E-4	1.328060E-3	7.974022E-2	4.035192E+2	3.571777E+1	2.990000E+2
4.676007E+3	1.601000E+3	0.000000E+0	-2.568552E-4	1.178439E-3	7.974022E-2	4.035192E+2	3.571777E+1	2.990000E+2
4.677997E+3	1.608000E+3	0.000000E+0	-6.898669E-5	5.917247E-4	7.974022E-2	4.035192E+2	3.571777E+1	2.990000E+2
4.679987E+3	1.615000E+3	0.000000E+0	6.703708E-5	5.438434E-4	7.974022E-2	4.035192E+2	3.571777E+1	2.990000E+2
4.681865E+3	1.622000E+3	0.000000E+0	1.425455E-4	5.458472E-4	7.975780E-2	4.035192E+2	3.569336E+1	2.990000E+2
4.683855E+3	1.629000E+3	0.000000E+0	1.713729E-4	6.525234E-4	7.975780E-2	4.035192E+2	3.569336E+1	2.990000E+2
4.685849E+3	1.636000E+3	0.000000E+0	1.046354E-4	6.266123E-4	7.975780E-2	4.035192E+2	3.569336E+1	2.990000E+2
4.687729E+3	1.643000E+3	0.000000E+0	-2.956811E-5	5.179187E-4	7.975780E-2	4.035192E+2	3.569336E+1	2.990000E+2
4.704803E+3	1.650000E+3	0.000000E+0	-2.605017E-5	4.433122E-4	7.975780E-2	4.035192E+2	3.569336E+1	2.980000E+2
4.706802E+3	1.657000E+3	0.000000E+0	-3.515198E-5	3.847902E-4	7.975780E-2	4.035192E+2	3.566895E+1	2.980000E+2
4.708797E+3	1.664000E+3	0.000000E+0	-5.070964E-5	3.765477E-4	7.975780E-2	4.035192E+2	3.566895E+1	2.980000E+2
4.710789E+3	1.671000E+3	0.000000E+0	-1.680152E-5	4.335845E-4	7.975780E-2	4.035192E+2	3.566895E+1	2.980000E+2
4.712785E+3	1.678000E+3	0.000000E+0	3.183072E-5	5.420573E-4	7.975780E-2	4.035192E+2	3.569336E+1	2.980000E+2
4.714776E+3	1.685000E+3	0.000000E+0	1.612295E-4	6.827500E-4	7.975780E-2	4.035192E+2	3.566895E+1	2.980000E+2
4.716767E+3	1.692000E+3	0.000000E+0	1.418201E-4	6.422642E-4	7.975780E-2	4.035192E+2	3.566895E+1	2.980000E+2
4.718761E+3	1.699000E+3	0.000000E+0	3.200045E-5	6.130352E-4	8.874318E-2	4.035192E+2	3.566895E+1	2.980000E+2
4.720760E+3	1.706000E+3	0.000000E+0	-1.864684E-5	6.111918E-4	8.874318E-2	4.035192E+2	3.566895E+1	2.980000E+2
4.737490E+3	1.713000E+3	0.000000E+0	-1.858166E-4	6.815810E-4	8.874318E-2	4.035192E+2	3.566895E+1	2.980000E+2
4.739484E+3	1.720000E+3	0.000000E+0	-3.763670E-4	1.188550E-3	8.877834E-2	4.035192E+2	3.562012E+1	2.980000E+2
4.741470E+3	1.727000E+3	0.000000E+0	-6.769684E-4	2.386255E-3	8.877834E-2	4.035192E+2	3.562012E+1	2.980000E+2
4.743464E+3	1.734000E+3	0.000000E+0	-5.939181E-4	2.230285E-3	8.877834E-2	4.035192E+2	3.562012E+1	2.980000E+2
4.745451E+3	1.741000E+3	0.000000E+0	-6.043847E-4	2.152731E-3	8.877834E-2	4.035192E+2	3.562012E+1	2.980000E+2
4.747337E+3	1.748000E+3	0.000000E+0	-6.487644E-4	2.239781E-3	8.877834E-2	4.035192E+2	3.562012E+1	2.980000E+2
4.749332E+3	1.755000E+3	0.000000E+0	-9.126171E-4	3.320349E-3	8.876076E-2	4.035192E+2	3.562012E+1	2.980000E+2
4.751329E+3	1.762000E+3	0.000000E+0	-1.697778E-3	6.839979E-3	9.778130E-2	4.035192E+2	3.559570E+1	2.980000E+2
4.753320E+3	1.769000E+3	0.000000E+0	-5.478923E-3	2.366899E-2	9.778130E-2	4.035192E+2	3.562012E+1	2.980000E+2
4.770164E+3	1.776000E+3	0.000000E+0	-2.408248E-2	1.120040E-1	8.877834E-2	4.035192E+2	3.559570E+1	2.980000E+2
4.772155E+3	1.783000E+3	0.000000E+0	-1.302653E-2	9.521972E-2	8.877834E-2	4.035192E+2	3.557129E+1	2.980000E+2
4.774146E+3	1.790000E+3	0.000000E+0	-4.746608E-3	6.951337E-2	8.877834E-2	4.035192E+2	3.559570E+1	2.980000E+2
4.776138E+3	1.797000E+3	0.000000E+0	5.033998E-4	3.564219E-2	8.877834E-2	4.035192E+2	3.557129E+1	2.980000E+2
4.778129E+3	1.804000E+3	0.000000E+0	3.323351E-3	-3.398569E-3	8.877834E-2	4.035192E+2	3.557129E+1	2.980000E+2
4.780122E+3	1.811000E+3	0.000000E+0	6.376666E-3	-3.638297E-2	8.877834E-2	4.035192E+2	3.557129E+1	2.980000E+2
4.782119E+3	1.818000E+3	0.000000E+0	8.545722E-3	-6.426160E-2	8.877834E-2	4.035192E+2	3.557129E+1	2.980000E+2
4.784113E+3	1.825000E+3	0.000000E+0	9.461518E-3	-7.849492E-2	8.877834E-2	4.035192E+2	3.557129E+1	2.980000E+2
4.786109E+3	1.832000E+3	0.000000E+0	5.015098E-3	-7.053800E-2	9.778130E-2	4.035192E+2	3.557129E+1	2.980000E+2
4.802946E+3	1.839000E+3	0.000000E+0	-1.690867E-2	2.681453E-2	8.877834E-2	4.035192E+2	3.557129E+1	2.980000E+2
4.804938E+3	1.846000E+3	0.000000E+0	-3.555512E-2	1.521012E-1	8.877834E-2	4.035192E+2	3.552246E+1	2.980000E+2
4.806929E+3	1.853000E+3	0.000000E+0	-1.737747E-2	1.332408E-1	8.877834E-2	4.035192E+2	3.552246E+1	2.980000E+2
4.808920E+3	1.860000E+3	0.000000E+0	8.922449E-5	8.846203E-2	8.877834E-2	4.035192E+2	3.552246E+1	2.980000E+2
4.810920E+3	1.867000E+3	0.000000E+0	7.564780E-3	3.887293E-2	8.877834E-2	4.035192E+2	3.549805E+1	2.980000E+2
4.812916E+3	1.874000E+3	0.000000E+0	1.244926E-2	-1.380853E-2	8.876076E-2	4.035192E+2	3.549805E+1	2.980000E+2
4.814905E+3	1.881000E+3	0.000000E+0	1.603410E-2	-6.614357E-2	8.876076E-2	4.035192E+2	3.549805E+1	2.980000E+2
4.816895E+3	1.888000E+3	0.000000E+0	1.873088E-2	-1.083070E-1	8.876076E-2	4.035192E+2	3.549805E+1	2.980000E+2
4.818893E+3	1.895000E+3	0.000000E+0	9.828079E-3	-1.292666E-1	8.876076E-2	4.035192E+2	3.549805E+1	2.980000E+2
4.835612E+3	1.902000E+3	0.000000E+0	6.271235E-3	-1.565473E-1	8.876076E-2	4.035192E+2	3.549805E+1	2.980000E+2
4.837606E+3	1.909000E+3	0.000000E+0	2.588040E-2	-2.246111E-1	8.876076E-2	4.035192E+2	3.544922E+1	2.980000E+2
4.839599E+3	1.916000E+3	0.000000E+0	2.991058E-2	-2.187041E-1	8.876076E-2	4.035192E+2	3.544922E+1	2.980000E+2
4.841593E+3	1.923000E+3	0.000000E+0	2.592833E-2	-1.792255E-1	9.771097E-2	4.035192E+2	3.544922E+1	2.980000E+2
4.843583E+3	1.930000E+3	0.000000E+0	1.359655E-2	-9.257842E-2	9.771097E-2	4.035192E+2	3.542480E+1	2.980000E+2
4.845579E+3	1.937000E+3	0.000000E+0	-6.648748E-3	4.660445E-2	9.771097E-2	4.035192E+2	3.542480E+1	2.980000E+2
4.847578E+3	1.944000E+3	0.000000E+0	-5.254503E-3	1.159118E-1	9.771097E-2	4.035192E+2	3.542480E+1	2.980000E+2
4.849679E+3	1.951000E+3	0.000000E+0	-8.234970E-3	1.654118E-1	9.771097E-2	4.035192E+2	3.542480E+1	2.980000E+2
4.851563E+3	1.958000E+3	0.000000E+0	-1.832515E-2	2.008931E-1	9.771097E-2	4.035192E+2	3.542480E+1	2.980000E+2
4.868292E+3	1.965000E+3	0.000000E+0	-3.489799E-2	2.128545E-1	9.771097E-2	3.936961E+2	3.542480E+1	2.980000E+2
4.870279E+3	1.972000E+3	0.000000E+0	-2.438223E-2	8.681268E-2	9.771097E-2	4.035192E+2	3.540039E+1	2.980000E+2
4.872268E+3	1.979000E+3	0.000000E+0	4.416397E-3	-5.642506E-2	9.776372E-2	4.035192E+2	3.540039E+1	2.980000E+2
4.874257E+3	1.986000E+3	0.000000E+0	1.185288E-2	-1.027231E-1	9.776372E-2	4.035192E+2	3.540039E+1	2.980000E+2
4.876249E+3	1.993000E+3	0.000000E+0	1.415515E-2	-1.166806E-1	1.067368E-1	4.035192E+2	3.540039E+1	2.980000E+2
4.878127E+3	2.000000E+3	0.000000E+0	1.463136E-2	-1.140692E-1	1.067491E-1	4.035192E+2	3.540039E+1	2.980000E+2
4.880119E+3	2.007000E+3	0.000000E+0	1.279924E-2	-9.643345E-2	1.067870E-1	4.035192E+2	3.540039E+1	2.980000E+2
4.882113E+3	2.014000E+3	0.000000E+0	9.245629E-3	-6.538379E-2	1.067870E-1	4.035192E+2	3.540039E+1	2.980000E+2
4.884106E+3	2.021000E+3	0.000000E+0	7.643566E-4	-1.416237E-2	1.067843E-1	4.035192E+2	3.535156E+1	2.980000E+2
4.901061E+3	2.028000E+3	0.000000E+0	-3.675828E-3	1.995875E-2	1.067843E-1	4.035192E+2	3.535156E+1	2.980000E+2
4.902942E+3	2.035000E+3	0.000000E+0	1.245320E-3	2.831731E-2	1.067843E-1	3.936961E+2	3.532715E+1	2.980000E+2
4.904935E+3	2.042000E+3	0.000000E+0	-4.456632E-3	6.580656E-2	1.067843E-1	4.035192E+2	3.532715E+1	2.980000E+2
4.906924E+3	2.049000E+3	0.000000E+0	-9.867783E-3	9.453972E-2	1.067843E-1	4.035192E+2	3.532715E+1	2.980000E+2
4.908806E+3	2.056000E+3	0.000000E+0	-1.834196E-2	1.180306E-1	1.067843E-1	4.035192E+2	3.532715E+1	2.980000E+2
4.910802E+3	2.063000E+3	0.000000E+0	-1.850183E-2	9.097255E-2	1.067843E-1	4.035192E+2	3.532715E+1	2.980000E+2
4.912793E+3	2.070000E+3	0.000000E+0	-4.559485E-3	2.160344E-2	1.067667E-1	4.035192E+2	3.532715E+1	2.980000E+2
4.914783E+3	2.077000E+3	0.000000E+0	8.637022E-5	-2.893869E-3	1.067667E-1	4.035192E+2	3.532715E+1	2.980000E+2
4.916661E+3	2.084000E+3	0.000000E+0	1.700022E-3	-1.417752E-2	1.158177E-1	4.035192E+2	3.527832E+1	2.980000E+2
4.933719E+3	2.091000E+3	0.000000E+0	2.378187E-3	-2.077435E-2	1.067667E-1	4.035192E+2	3.532715E+1	2.980000E+2
4.935712E+3	2.098000E+3	0.000000E+0	2.454219E-3	-2.241446E-2	1.067667E-1	4.035192E+2	3.525391E+1	2.980000E+2
4.937706E+3	2.105000E+3	0.000000E+0	2.484835E-3	-2.274951E-2	1.158177E-1	4.035192E+2	3.525391E+1	2.980000E+2
4.939590E+3	2.112000E+3	0.000000E+0	2.687309E-3	-2.145440E-2	1.067667E-1	4.035192E+2	3.525391E+1	2.980000E+2
4.941581E+3	2.119000E+3	0.000000E+0	2.429908E-3	-1.631157E-2	1.158177E-1	4.035192E+2	3.525391E+1	2.980000E+2
4.943682E+3	2.126000E+3	0.000000E+0	1.771159E-3	-9.486144E-3	1.158177E-1	4.035192E+2	3.525391E+1	2.980000E+2
